#header info#																								
40.6	#latitude; used for cacluating drought index in model bugmann#																							
30	#meter a.s.l. of climate station#																							
																								
#temperature lapse rate with increasing altitude: #																								
-0.48	-0.51	-0.46	-0.49	-0.46	-0.37	-0.31	-0.35	-0.42	-0.38	-0.47	-0.5													
																								
#precipitation lapse rate with increasing altitude: #																								
5.06	3.03	2.39	4.34	1.86	0.49	0.77	1	0.42	-0.61	1.07	6.3													
																								
100	#meter: corrections (see above) every x meter. #																							
																								
#	mean monthly temperature (°C) total monthly precipitation (mm) #																							
#year	jan.T	feb.T	mar.T	apr.T	may.T	jun.T	jul.T	aug.T	sep.T	oct.T	nov.T	dec.T	jan.P	feb.P	mar.P	apr.P	may.P	jun.P	jul.P	aug.P	sep.P	oct.P	nov.P	dec.P#
1	9.7	8.2	11.5	12.6	15.2	19.1	22.7	22.1	22	16.9	12.6	11.2	38.4	86.3	43.3	41.1	41.2	1.4	3.2	0.6	5.3	25.1	479	32.2
2	6.9	9.4	11.6	13.7	17.9	21.8	23.6	25	19.8	17.9	13.7	10.1	100.6	11.2	63.2	79.4	1.9	18.4	0	0.4	17.1	18	119.7	42.8
3	7.8	9.9	11.2	12.7	17.3	20.4	24.2	24.3	22.4	19.6	12.9	11	65.6	163.8	53.1	77.6	42.6	3.6	0.1	1.2	2.3	10.1	82	142.9
4	9.3	8.3	9.8	12.9	17.3	20.3	22.6	22.5	20.9	16.8	14.4	10.5	269.9	14.3	5.2	39	38.7	1	1.7	17.1	11.7	88.9	138.5	106.3
5	7.8	10.4	9.8	12	17.1	18.8	24	24.6	20.3	18.4	13.4	10.6	90.2	42.7	32.1	31.3	1	5.6	0.3	0	25.5	45.4	38.6	41.2
6	10	9.4	9.9	15	17.7	21	24.2	25.1	21.7	17.2	12.3	12.1	40.4	215.4	49	19.6	3.8	4.5	0	15.8	145.7	171.4	276.1	133.4
7	10	10.3	10.3	12.8	15.3	19.4	24.4	25.8	21.9	17	13.2	10.5	176.1	39.6	102.2	8.1	69.8	28.2	0.3	3.6	70.2	53.5	326.2	37.2
8	8.8	8	10.2	12.8	18.1	19.7	21.2	25.8	21	17.3	14.5	10	32.3	115.9	128.1	39.6	48.2	0.2	4	2.1	7.1	151.3	86.5	162.1
9	11.2	7.4	10.4	13.4	13.1	22	24	25.2	21.1	15.6	11.7	10	39.1	139.2	50.5	94.4	96.7	1.3	0	0.8	14	41.5	131.2	23.7
10	10.3	8.8	13.1	13.3	16.2	21.2	23	23.4	19.2	19.3	15.1	9.6	25.2	108.6	22.4	16.8	12.7	11.6	0.3	2	101.5	74.3	0.8	173.2
11	8.5	8.4	8.3	11.9	16.8	18.1	23.7	24.9	19.7	17	15.1	10.3	32.4	147.6	145.6	62.8	52.2	77.4	6.5	4.4	14.3	52.2	14.8	22.1
12	8.4	7.7	11.4	12	16.4	20.6	23	25.1	22.4	20.1	13.8	10.8	21.2	53.9	121.1	62.6	2.9	0	8.2	1.1	63.4	104.4	65.2	25.3
13	8.1	8.6	9.8	14.2	17.9	21.8	24.2	26.4	21.1	17	13.7	9.9	91.7	88.7	55.3	54.4	54.3	1.2	20.7	6.2	2.9	39.9	156.3	93.9
14	12	9.5	10.9	13.9	15.8	20.7	24.3	24.2	20.1	16.9	12.3	10.1	134.6	201.6	60	3.7	25.4	3.8	0.6	0	44.7	40.3	284.5	137.5
15	9.7	10.8	9.2	12.5	16.5	19.7	22.7	25.1	21.5	15.4	14	10.1	34.3	146.9	70.3	45.8	31.1	3.7	1.9	0	56.2	88.5	94.1	43.9
16	9.6	9.7	10.5	14.5	16.4	20.1	22.4	24.8	22.5	19	11.1	8.4	58.8	57.6	25.3	73.1	28.7	0.6	0.1	1.6	12	20.5	36.8	50.9
17	12.3	10.6	10.2	14	17.9	21	22.1	23.4	20.9	17.7	14.5	11.1	235.6	18	144.8	56.1	39.5	11.6	11.4	2.7	69.7	10.1	143.6	97.5
18	11.1	10.2	10.9	13.4	17.2	19.9	23.1	23.6	21.1	18	13	10.5	36.3	87.5	14.7	13.7	28.7	21.3	1.7	8.7	59	29.5	360.4	58.7
19	9.4	7.9	10.6	13.8	15.6	22.3	24.5	25.8	20.7	18.2	13.2	11.1	12.8	95.6	17.3	45.1	23.6	20	11.3	0.8	58.8	119.3	113.7	35.8
20	11.9	9.1	10.1	14	16.9	18.9	22.2	23.9	21.4	17.4	12.6	12	77.5	63.7	54.8	63.8	120.1	29.5	0	5.4	3.9	37.1	500.7	124.3
21	10.7	10.1	11.1	12.9	15.8	18.2	21.7	24.7	22.1	17.9	13.9	9.5	86.7	44.8	32.9	45.6	35.6	11.6	28.9	2.9	104.4	58.8	58.9	54.4
22	11.5	11.7	12.6	12.6	17.8	22.9	23.9	23.8	21.3	18.3	13.7	10.3	127.4	42.5	12.9	45.9	30.6	6	0.3	1.5	0.7	83.3	103.5	138.8
23	10	11	8	13.3	19.5	20.8	23.9	23.7	21.2	17.6	12.8	12.8	50.4	31.3	21.2	21.2	6.8	29.5	0	15.5	14.1	61.6	156	158.5
24	8.5	6.9	10.8	12.8	16.2	22.7	23.1	21.6	21.3	17.1	14	8.3	11.8	211.4	23.5	35.2	31.8	0.7	0.1	27.1	2.8	76.1	23.2	51.9
25	9.8	10.5	13.4	13	16.5	21.1	24.8	23.4	20.6	17.6	12.9	10.2	56.8	58.2	1.7	47.1	16	9.2	0.4	1.3	9.8	4.5	308.4	88.7
26	10.7	11.1	10.5	12.2	16	19	25.4	23.5	21.7	16.2	14.4	12	19.6	36.6	56.4	83	47.3	1.4	2.6	7.6	72.1	16.6	70	112.4
27	10.2	10	12	15.2	16.8	20.9	23.2	19.4	21.4	18.3	14.2	10.5	206.9	108.7	2.7	50.4	13.9	4.2	1.3	25.3	14.3	34.3	50.9	121.8
28	8.2	8.9	10.2	12.8	17.6	19.1	26.1	23.7	21.5	16.6	11.8	10.4	69.7	15.9	58.4	67.6	115.6	83.6	0.1	0.1	12.2	101.9	56.2	70.1
29	9.7	7.8	9.2	13.7	17.1	22.6	23.6	24.9	20.3	17.5	15.6	11.4	21.5	214	102.5	26.3	9.7	0.1	2.3	5.2	106.7	41.2	52.4	119.2
30	10	10	10.1	13.5	16.4	20.6	23	23.9	20.9	19.9	13.9	10.1	139.1	33.9	37.4	83.9	39.7	13.3	27.8	0	70.1	20.6	85.4	197.1
31	12.3	8.2	9.9	13	15.8	17.8	24.6	23	21	19.3	13.5	11.3	80.3	66	25.2	142.1	106	44.8	1.7	1	17.2	115.5	98.8	160.6
32	9.2	10.6	11.1	14.6	16.4	20.8	21.4	24.1	22.4	19.6	13.8	9.9	25.6	45.3	57.8	37.2	30.8	4.1	15.1	16.1	7.6	54	49.1	37.6
33	9.3	9	13.1	13.6	15.8	20.3	23.5	24.6	21.4	17.4	12.5	9.8	130.7	22	27.9	38.2	34.6	1.8	13	1.2	6.8	99.1	18.8	33.6
34	7.6	13	10.5	12.3	19.5	20.9	24.5	23.4	22	17.2	15.8	12.6	45.9	35.6	38.9	53.8	25.4	41.8	0.6	6.4	4.1	34.9	5.9	119.7
35	9.6	12.4	10.6	12.3	17.4	22	23.9	23.4	21.5	15	13	10.1	190.3	5.1	31.3	40.8	16.2	17.6	0	33.7	18.1	14.2	72	114.5
36	8.5	6.8	10.9	12.6	15.2	19.3	25.4	21.4	22.4	15.2	11.2	10.7	48.9	49.3	120.5	82.6	50.1	2.9	0	0.5	14.6	31.1	239.7	99.2
37	9.2	9.5	9.8	12.6	16.8	19.1	24.6	22.5	19.6	15.5	14.2	10.9	72.8	107.8	107.2	47.8	22.3	11.2	0	22.7	24	43.2	393.8	116.7
38	11.6	10.3	12.8	13.2	17.4	19.4	21.8	25.3	21.7	18	12.8	11.6	109.6	66.4	23.1	10	18	42.3	8	0.2	67	111.6	71.6	143.5
39	10.1	8	10.9	11.9	15.7	20.2	23.8	26.1	21.9	16.9	13.7	10.4	14.3	29.4	8.4	50.2	24.8	31.2	35.6	19.9	66.6	19	105.6	37.7
40	9.5	10.2	11.8	12.9	17.4	18.8	24.7	21.2	20.3	18.5	12.9	11.9	78.5	127.5	14.7	28.4	16.5	4	3.1	7.4	19.2	36	98.9	72
41	10	9.9	9.7	13.5	15.1	20.9	21.3	23.9	20.7	17.6	14.5	12.7	138.1	40.5	18.6	23.1	21.4	14.6	0.4	0	19.2	57.4	132.4	39.5
42	10.8	9.9	10.4	12.6	16.6	19.1	23.1	22.8	22	16.8	12.8	10.5	88.8	40.8	17.3	57.8	19.1	1.1	8.4	4	30.2	6.2	25.8	156.2
43	9.6	10.9	12	12.1	14.4	21.8	23.1	24.5	21.3	16.7	13.1	9.6	38.7	65.6	40	24.9	46.4	8.6	4.3	16.6	13	93.2	51.5	103.5
44	8.7	8	12	13.6	17.7	20.1	24	22.7	20.7	18.5	15.8	10.2	200.4	59.5	13.9	45.5	43.9	7.2	1.2	0.5	1.8	45.7	72	43.7
45	10.6	9.1	11.4	12.1	17.9	18.6	23.2	24.2	19.5	18.7	12.6	10.6	86.8	29.3	59.7	75.6	33.2	29.8	0	31.1	70	41.3	61.3	101.5
46	9.4	8.5	12.6	12.8	16.9	21.1	24.7	22.1	20	18.6	13.6	9.8	123.1	144.1	25.7	80.4	23	13.7	0	5.1	30.3	14.9	41.5	53.5
47	9.3	9	12.7	12.6	16.5	20.3	24.5	24.1	19.9	16.2	13.1	12.2	114.4	154.3	2.6	33.4	69.6	13.2	0.5	0.4	41.7	93.8	280.8	200.8
48	8.7	6.5	11.5	12.4	16.1	19.5	22.2	22.1	23.2	17.5	13.7	12	76.2	29.4	118.1	109.5	4.7	13	8.2	1.9	9.1	70.3	6.8	64.6
49	9.9	7.8	11.5	13.5	16.8	22.1	22.3	22.6	20.2	16	11.7	11	81.1	116.5	20.6	13	26.2	32.5	0.5	60.6	8.2	161.4	130.3	99.4
50	9.5	9.9	11.1	13.7	17.1	20.4	22.9	21.4	21.9	16.7	13.2	8.9	103.1	119.7	31.8	68.5	17.7	2.9	0	0.5	18.7	12.7	61.6	74.4
51	10.7	8.9	9.9	13.6	16.6	19.5	24.9	22.9	20.1	18.5	14	10.9	167.8	74.4	129.9	16.9	60.7	58.1	3.4	7.8	5.7	67.4	76.8	14.2
52	10.8	11.5	11.7	13.8	15.5	20.7	23.8	22.6	20.5	17.6	13.8	10.9	50.7	36.4	51	17.9	28.5	20	8.7	17.6	40.8	127.2	61.1	54.7
53	9.7	8.7	9.5	12.7	15.2	23	20.9	22.4	20.6	18.5	13.5	12.6	63.4	60.5	126.5	46.8	27.5	15.3	0	7.5	32.7	40.5	78.4	97.6
54	9.5	10.2	13	12.5	14.9	20	24.4	24.9	18.9	16.9	12.9	11.7	22.6	7.9	40	142.3	41.3	2	1.4	9.7	8	93.3	121	86.6
55	8.9	10.9	8.1	12.7	15.5	20.3	24.3	23.2	21.5	17.9	14	13	116.4	51.4	13.8	47.5	48.5	1.3	3.7	5.7	2.9	104.2	93.5	142.8
56	11.4	9.3	11.5	13.7	18.3	19.7	22.1	24.9	20.8	17.3	14.8	11	46.5	35.2	64.3	24.8	1.3	5.1	2.2	2	2.3	116.3	16.2	53.7
57	8.5	12.3	9.3	12.1	15.6	19.9	23.6	23.6	21.7	16.3	14	12.5	55.9	23.6	15.6	39.6	32.1	14.7	1.3	0.3	11.7	74.7	209.4	124.5
58	11.1	11	10.8	12	16.8	20.6	21.8	25.6	19.7	19.2	12.8	12.9	67.4	32.3	1.7	62.6	11.9	4.5	52	0	85.4	22.3	26.2	80.9
59	8.4	9.2	11.3	12.4	16.7	19.8	23	22.9	19.9	19.9	13.1	12.9	74.5	35.5	35.3	61.8	32.7	12.5	0	0	5.8	39.7	52.6	65.3
60	11.1	8.4	12.5	13.3	18.1	19.8	20.9	21.5	21.9	18.2	13.6	10.9	10.4	58.2	16.6	22.5	4.9	0.1	0.2	24.2	2.7	60.7	35.9	82.1
61	7.3	10.3	11.1	13.6	17	21.9	23.9	26	22.4	17.1	13.5	12.7	18.2	72.1	16.5	65.5	28.7	5.2	11	0	58.8	85.2	79.5	135.6
62	10.8	10.6	10.5	11.8	16.9	23.4	24.1	25.2	21.7	18.7	11.4	9.1	18.8	35.6	13.7	37.8	5.7	2.1	0	0	102.4	5.4	314.2	24.4
63	8.2	10.6	10.7	13.3	15.2	20.6	25.7	23.2	22.1	17.5	14	11.1	21.7	79.1	62.6	27.8	32.2	18.4	0	0	14.5	113.9	62.1	62.7
64	11	10.7	11.2	13.3	18	21.1	22.7	22.6	18.9	16.7	14.5	10.2	164.3	40.1	35.3	109.4	3.2	0.4	2.6	12.4	6	63.5	250.2	42.1
65	11	10.4	11.2	13.2	16.2	20	24	22.7	21.1	18.3	15.9	10.7	43.7	81.3	68.1	104.6	65.8	2.4	0.3	0.9	12.1	27.7	236.9	42.3
66	9	9.5	9.9	13.6	17.2	21.2	25.5	25.2	21.2	18.2	13.2	10.1	73.6	232.4	16.8	81.2	17	23	0	11.5	91	39.2	16.4	109.7
67	8.6	10.9	11.1	13.8	16.2	19	24	24.4	21.5	16.8	12.6	12.4	67.1	19.8	98.7	18.5	14.3	26.2	22.5	1	4.4	28.7	105.7	114.9
68	9.5	8.7	9.6	13.6	17.8	20.8	25.4	22.4	22.4	17.8	13.8	11.8	11.4	34.3	64.4	13.7	23.4	0.3	3.8	3.1	53.8	85.6	88.7	43.9
69	7	10.8	11	11.9	17.6	21.1	24	24.8	22.1	17.5	15.5	7.3	74.2	90	55.1	107.8	35.9	1.8	9.5	0	41.4	74	114.6	177.6
70	9.3	9.3	12.3	13.3	16.6	18.4	22.5	23.7	20	17	13.1	10.2	44	66.8	20.1	41	22	25.3	5.4	39.5	112.8	10.1	58	103.4
71	8.7	9.2	12.5	13.6	17	24.9	24.9	24.6	20.8	17.3	11.6	10	70.6	63.8	22.9	80	61	7.3	0	0.4	17.4	67.5	74.3	58.2
72	8.8	9.3	10.7	13.5	17.6	21.4	25	22.7	20.9	18.6	14.6	10.7	88.7	120.5	96.3	63.8	7.4	27.1	0.2	65.5	45.7	168.4	147.6	161.8
73	7.2	10.6	11.8	14.8	17.3	21.9	24.7	23	21.3	17.9	14.3	10.2	26.6	1.2	5.8	99.3	7.3	23.2	0.4	9.5	61.9	22.4	71.3	24.3
74	10.2	11.7	11.9	12.9	17.2	23	23.9	22.8	21.3	20.6	13.1	12.8	12.4	34.6	17.7	58.7	20	10.5	0.5	0.4	10.5	35.4	53.5	77.6
75	9.1	7.9	11.2	14.3	17.6	22.5	24	23.9	22.1	17.4	12.2	10	5.8	5.3	24.4	35.3	33.7	8	22	4.6	34.2	51	141.7	94.6
76	9.5	10.3	10.7	13.7	17.6	20.7	23.6	23.2	22.2	18.7	13.2	10.2	24	33.4	23.1	65.8	10.5	30.5	0.5	3.3	16	15.8	124.9	90.3
77	10.2	11.4	10.9	14.3	16.7	19.2	23.6	24	21.2	19.2	14.3	11	29.6	112.4	4.4	38.8	3.2	3.8	6	53.4	23.9	23.9	236.1	209.5
78	9	11.3	9.8	14.5	16.9	19.7	22.8	22	21.3	16.2	13.2	11.8	29.2	71.9	48.6	13.3	13	21.9	0.2	7.9	88.2	44.7	84.7	117.3
79	11	12.4	11.6	13.5	18.4	21.6	22	26.2	21.4	16.4	15	10.6	122.6	35.5	44.7	25.7	22.8	6.4	10.1	0.6	51.5	65.3	141.3	109.5
80	11	12.9	10.9	13.4	17.7	21.9	24.1	26.3	21.2	17.3	14.3	10.1	37.5	47.5	9	73.7	3.4	28.7	22.6	0.2	6.2	39.3	20	57.8
81	10.6	8.2	11.6	13.8	16.4	19.9	24.7	23.6	23	18.7	12.6	10	42.2	84.8	1.4	42.3	35.3	14.9	0.6	0.1	46.9	146.1	35.5	43.3
82	8.7	11.1	10.2	12.7	17.4	21.2	24.3	22.6	21.4	17.2	12.8	10.4	44.2	22.6	31.1	19	32.7	14.6	0	26.5	19.7	54.4	49.4	50.9
83	8.8	8.7	11.3	12.2	18.6	21.9	21.2	22.5	20.8	18	12.8	9.5	92.5	40	4.5	77.7	47	15.6	0	0	44.2	37.5	80.2	65.2
84	10.9	7.9	11.4	12.5	17.1	18.5	21.6	21.5	21.9	17.8	12.6	12.1	120	74.8	177.4	25.6	95.4	0.2	13.8	2.4	22.2	66.2	37.8	95.9
85	8.5	10.5	11.5	12.8	17.6	21.2	25.2	24.3	20.2	16.5	12.7	11.9	43.7	6.5	28.6	44.6	29.8	1.3	6.7	0	24.7	181.9	327.8	125.5
86	9.9	10.4	12.9	12.3	18.1	19.8	24.1	25.2	18.9	16.9	14.7	10.1	23.9	148.2	48.8	89.7	54.3	13.9	0.5	1.8	13	92	180.8	70.5
87	9.9	12.4	10.5	11.8	17.1	20.7	24.7	24.8	22	18.7	15.2	10.2	46.9	27.4	73.2	68.6	140.6	43.8	0.7	0.7	0	72.5	96.8	52.7
88	11.1	7.7	11	12.9	17.8	20.8	23.7	24.9	20.3	15.9	13.7	11.7	124	106.3	14.9	27.3	17.5	10.2	0	1.5	27.3	263.6	195.1	46.1
89	10.8	8.4	11	14.3	16.5	19.5	21.6	23.6	20.8	16.5	13.1	12.3	93.9	78.6	23.7	59.5	53.7	45.2	0.1	0.3	3	90.1	111.6	131.5
90	12.2	11	12	12.7	16.6	20.7	23.3	24.6	20.6	17.8	13.7	11.1	116.3	24.3	128.7	23.1	51.3	14.2	2	11.2	60.4	5.2	58.6	96.3
91	12.7	11.9	12.9	13.1	15	18.9	24.3	23.7	22.4	18.6	13	10.9	318.1	51.3	9.5	69.8	87.1	28.1	0.2	21.4	47.6	42.7	107.7	68.7
92	9.9	10.3	11.5	12.7	16.6	21.9	22.4	25.8	20.6	18.8	15.3	8.9	44	229.2	2.9	69.4	25.1	2.4	2.1	5.7	45.6	131.7	109.1	67.8
93	9.2	10.3	10.1	12.5	16.6	20.3	23.5	21	22.5	20.9	13.3	9.2	48.8	106.1	66.9	32.9	6	57.7	0.3	2.2	20.7	14.8	180.4	68.4
94	10.5	10.1	11.8	13.9	16.9	20.1	25.2	23.7	21.3	16.3	14	9.3	71	78.2	53.8	26.4	15.3	12.6	10.2	0.2	10.2	235.9	127.3	69
95	8.3	10.5	12	12.4	18.4	19.9	23.1	24.9	20.4	15.4	13.7	12	34	41.2	98.6	20.3	3	4.6	0	0.7	84.7	111.1	96.4	97.4
96	10.9	9.6	11.5	12.6	15.1	21.7	22.3	23.6	21	18.7	14	11.9	38.5	62	10.3	23.4	46.5	81.4	4.9	1.7	20.6	119.5	80.6	62.5
97	10	8.7	11	13.8	18.5	21.5	22	25.6	21.1	17.8	13	11	71.7	51	22.5	24.5	7.9	3.2	0.6	27.8	23.6	52	71.5	89.9
98	9.5	9.9	9.5	13.9	15.1	20.2	23.6	24	21.2	20	13.3	10.9	39.4	149	26	62.6	34.3	4.9	0	0	24.7	28.1	143.7	137.3
99	10.4	10	11	13.4	16.6	22.2	24.3	24.6	21	18.3	12.2	10.8	59.9	40.1	37.8	30.8	39.4	27.7	0	0.1	4.5	34.5	307.1	83.4
100	10	9.9	11.8	13.1	17.1	21.3	23.2	22.9	21.1	18	14	9	62.6	57.9	81.9	21.5	11.7	22.8	11	80.3	62.5	44.6	52	43
101	12.8	10.7	12	14.6	16.8	21.6	24.4	25.7	21.2	16.4	14	12.9	7.4	37.9	134.5	46.2	45.4	10.3	0	5.4	2.9	37.1	138.6	46.6
102	9.5	10.8	13.1	13	17.4	19.1	23	24.3	22.8	17.9	13	10.8	21	36.3	78.2	34	55.3	11.5	1.1	0.7	20.9	106.9	141.7	58.5
103	9.5	10.9	12.6	14.3	15.4	20.5	23.4	25.2	21.1	20.4	15.2	11.6	38.2	83.2	92.3	45.8	22.8	4.2	0.1	1.2	98.6	23.1	94.3	25.6
104	11.2	11.3	12	13.5	16.2	21.3	26.5	24.2	20.7	18.8	14.2	8.9	9.6	80.9	68.7	35.6	13.1	20	0.9	3.3	27.9	16.2	75.5	139.6
105	8.9	11.1	10.1	13.9	16.4	21.4	26.7	25	19.9	19.6	14.1	9.3	58.5	51.3	96.1	8.3	54	4	0	9.9	6.6	124.4	123.6	30.1
106	12.2	10.7	12.5	13.3	17.9	21.2	23.9	25.5	20.9	17.8	13.4	10.8	76	78.6	36	30.9	17.7	19.7	0	6.7	15	98	32.2	160.8
107	11.7	8	12.7	14.2	16	21.9	23.6	23.9	21.3	18.2	14.4	12	37.1	37.4	10.7	33.8	15.8	8.8	0.5	7.3	9.9	137.9	165.1	109.6
108	10.9	10.7	12	12.9	18.2	18.1	21.7	23.5	21.1	19.4	14.1	11.2	19.2	133.5	74.6	95.9	12.9	8.2	21.6	3.6	13	39	48.7	15.7
109	8.3	8.8	12	12.8	19.7	21.7	25.9	24	21.2	19.6	14.1	11.9	60.4	75.4	7.9	38.1	24.2	34.2	0	1.6	7.5	94.9	252.5	71.6
110	10.6	8.9	10	12	18.5	18	24.8	24.1	22.4	18	14.6	12.1	81.6	27.8	36	69.2	15.1	45	11.4	12.1	5.5	26.8	62.1	116.1
111	12.3	11.7	11.4	13.4	14	21.1	23	25.6	21.2	17.8	12.6	10.8	109.8	45.7	34.8	51.4	100.7	4	3.9	3.7	61	171.4	137	165.4
112	9.8	12	10.5	13.7	16.2	19.6	23.6	25.6	21.4	17	13.4	11.8	144.5	17.5	67.4	46.9	79.3	1	0.2	0.9	29.4	96.3	72.2	93.7
113	8.6	8.8	11	14.3	16.3	21.8	23.1	24.8	21.5	17.4	12.6	12.4	25.5	41	24.2	80.5	11.8	4.4	19.9	22.5	10.4	122.4	22.4	115.3
114	11.7	10.5	10.3	13.4	17.2	22	24.9	24.7	21.9	19	13.5	11.1	135.2	72.7	8.3	47.8	2.3	2.7	0.1	6	7.4	28.7	81.5	41
115	10.3	12.3	10.1	12	18	19.9	24.2	26.9	22.5	19	14.6	12.8	22	94.2	117.2	55.9	40.9	42.3	4.4	2	44.1	110.1	131.3	70
116	10.3	10.2	10.9	13.1	17.4	22	22.6	25.6	19	16.6	13.5	11.5	12.7	93.2	74.2	39.8	22.7	2.2	8	0.3	180.7	62.2	84.6	168.1
117	9.2	10.1	11.8	15.1	16.8	23.3	24.1	26.7	20.9	17.5	14.2	9.2	64.6	38.4	117	19.4	183.7	5.7	21.8	0	62.9	31.6	58.9	100.1
118	10.7	10.9	10.6	14.8	17	20.1	22.8	25.5	22.1	17.9	14.2	11.2	47.2	31.1	34.5	109.3	57.9	15.2	0	17.9	90	17.1	332.9	34.1
119	11.1	10.9	10.7	13	18.2	20.8	25	25.6	20.7	19.4	14.4	11.2	101.6	62.3	5	36.5	43.6	1.9	0	0.7	13.5	25.8	37.7	64.2
120	10.1	9	10.6	13.6	18.3	20.8	24.7	23.4	21.3	18.4	14.4	11.5	25.1	65.9	42.7	80.3	34.3	16.2	0	4.5	12.3	8.4	12.4	106
121	10.1	9.4	10.3	13.7	19	19.3	22.7	26.6	21.7	18.4	11.6	9.2	68	34.5	25.9	5.4	10.2	19.8	6.9	0.4	20.6	131.4	73.1	32.1
122	10.5	9.6	11	13.1	17.8	19.3	24.2	24.5	20.2	19.9	13.9	9.7	200.5	163.2	8.5	19.1	39.7	17.3	0.5	0.2	47.5	68.9	113.4	118.4
123	9.7	10.6	10.5	13.8	16.9	17.6	23.6	22.2	22	17.6	14.9	9	82.1	15.6	66.2	80.3	17.7	1.6	1	40.9	35.6	5.1	21.9	62
124	10.4	8.7	9.8	15.4	16.5	20.8	24.8	25.1	20.5	18.7	13.4	9.6	11	42.1	49	87.4	39.9	4.3	0.1	1	31.6	41.7	45.5	49.6
125	10.7	9.8	11.1	14	17.7	22.1	26.1	23.2	22.2	18.7	13.9	10.7	37.6	70.1	87.9	75	30.9	12.1	0	0.8	11.3	97.3	48.6	66.1
126	8.5	8.8	11.6	12.9	17.2	22.7	24.6	22.4	19.3	16.4	13.3	12.5	7.1	87	8.5	33.4	40	13.1	13.2	9.6	0.5	164.8	95	83.8
127	11.8	10.8	11.3	14.1	17.3	20.6	22.8	21.3	21.5	18.9	16.1	10.5	20.8	36.1	16.6	30.3	15.8	1.5	19.2	4.1	39.9	65.2	94.9	259.1
128	10.7	10.4	11.3	12.6	20	22.9	24	23.4	21.5	19	15.1	9.9	31.6	12.5	24.1	66.2	3.4	19.1	0	2.3	72.7	231.7	182.8	84.8
129	10.1	12.1	12	13.3	15.3	22.2	24.8	23.2	21.6	17.8	12.8	12.3	28.9	14.8	17.7	40.2	66.1	6.2	0	54.1	29.7	198.4	76.9	79.9
130	10.6	8.3	11.5	14.5	20.7	22.1	23.3	22	20.6	19.6	12.6	12.9	105.4	26	27.6	36.5	0.7	4.5	2.2	17.5	2	180.9	6.5	36.8
131	9.2	9.5	12.2	13.3	17.3	19.8	23.7	24.2	20.1	17.3	13	12.3	96.3	73.2	49.3	44.9	24.9	17.4	0.6	4.7	29.5	56.5	175.5	64
132	9.8	11.9	13.5	14.5	17.4	20	23.4	23.6	22.4	18.4	12.6	11.8	101.9	50.1	51.2	33.2	5.5	3.4	0.4	50.1	9.5	84.9	100.4	68.9
133	9.1	7.5	12.8	14.6	17	21.1	24.1	25.3	22.7	18.2	13.8	8.7	107.3	202.8	30.4	33.4	121.5	35.8	0	0	179.5	13	248.9	40.3
134	10.5	9.1	12.1	14.3	17.3	21.1	23.2	23.7	21.8	19.4	12.2	9.8	122.8	41.7	4.9	67.5	9.7	12.3	12.9	2.9	19	19.1	31.8	23.2
135	11.2	7.6	11	13.5	16.3	21.4	20.8	23.8	21.4	17.4	14.8	11.5	62.1	64.9	131.5	81.1	130.1	20.9	60.9	1.1	5	44.1	126	59.7
136	8.9	10.4	12.2	13.4	15.9	18.9	22.9	22.7	22.5	17.9	14.5	10.7	95	119.1	83.4	81.9	69.2	10.5	0.1	22.1	41.3	46.8	44.9	95
137	10.6	10.4	13.8	13.7	15.8	20.5	23.1	24.3	20	18	12.2	13.8	11.9	80.5	14.3	40.1	4.7	73.6	0.2	0	8.4	148.5	81.3	153
138	10.4	9.4	12	13.8	16.6	21.5	24.2	24.6	20.8	19	12.7	12.9	168.5	39.8	34.3	10.1	23.9	48	0	5	34.4	39.7	62.1	52.8
139	10.2	10.9	12.3	14.4	17.9	18.9	22.2	24.3	21.2	18.7	13.1	9.8	22.8	31.8	82.1	104	20.1	5.1	1.7	21.8	16.6	63.8	31.3	31.8
140	10.2	10.5	9.6	13.2	16.3	20.8	23.6	24.8	22.5	18.3	14.2	9.5	37.8	36.1	108.9	96.9	110.6	66.9	0.3	0.7	48.6	29.6	66.9	61.6
141	11.6	9.8	10.5	14.4	17.7	20.8	24.5	20.9	21.7	17.9	12.5	9.9	45.4	20.3	12.7	55.4	2.3	69.7	0	5.3	6.9	83.4	41.3	25.3
142	9.1	11.7	10	14.3	18.9	20.7	24	22.1	22.2	18	14	11	105.3	67	27.7	45.4	36.8	14.8	11.2	23.1	60.1	61.4	355	82.4
143	11.7	11.8	9.5	14.2	17.9	20.5	20.3	24.6	21.7	18.9	12.9	11.1	89.9	182.2	23	37.3	2.9	1.9	2.2	15.4	28.9	67.3	29.2	59.8
144	7.5	10	11.2	11.9	15.4	20.8	25.2	23.5	23	17.1	15.1	10.5	154.8	61	132.3	14.8	61.1	52.3	0	110.5	0.8	123.4	32.2	192.1
145	10.7	10.2	10.2	12.4	16.9	21.8	24	24.3	23.5	19.1	15.4	9.7	25.8	51.7	20.7	20.8	51.9	14.9	0.6	1.7	0.2	57.9	71.6	98.3
146	8.7	12.9	11.7	13.7	17.9	19.9	24.7	24.8	21	18.9	14.6	10.9	128.8	10	26.9	20.3	7	1.7	0	2.6	14.2	219.8	85.1	12.9
147	10.4	10.2	10.3	14	17.6	19.6	24.1	26.6	20.3	18.8	16.5	11.8	13.4	20.8	29.5	24.3	25.4	43.8	0.2	5.4	47.1	98.4	39.4	128
148	9.5	9.8	10.1	14.7	19.3	22.4	26.3	22.5	20.9	20.1	13.9	11.2	13.9	68	166.7	85.6	0.9	26.6	0.8	6.2	38.6	108.3	79.7	54.2
149	9.6	8.8	13	13.3	16.9	23.5	24.8	22.7	21	18.5	13.8	9.1	168.8	31.6	112.2	74.2	77.2	19.2	11.4	29.8	385.2	119	33.6	46.6
150	10.9	12.4	11	12.9	18.7	20.7	26.4	25.5	22	17.5	13.3	8.2	29.9	43.7	10.3	51.1	15.5	67.2	2.5	14.2	120.8	18.5	13.1	94
151	12.5	9.4	12.3	15.3	16.5	20.3	23.9	24.7	22.7	16.7	15.4	11.3	27.8	14.4	81.1	64.1	48.1	0.7	42	12.3	115.5	29.7	37.4	102.9