#header info#
40.6	#latitude; used for cacluating drought index in model bugmann#
30	#meter a.s.l. of climate station#

#temperature lapse rate with increasing altitude: #
-0.48	-0.51	-0.46	-0.49	-0.46	-0.37	-0.31	-0.35	-0.42	-0.38	-0.47	-0.50

#precipitation lapse rate with increasing altitude: #
5.06	3.03	2.39	4.34	1.86	0.49	0.77	1.0	0.42	-0.61	1.07	6.30

100	#meter: corrections (see above) every x meter. #

#	mean monthly temperature (∞C) total monthly precipitation (mm) #
#year	jan.T	feb.T	mar.T	apr.T	may.T	jun.T	jul.T	aug.T	sep.T	oct.T	nov.T	dec.T	jan.P	feb.P	mar.P	apr.P	may.P	jun.P	jul.P	aug.P	sep.P	oct.P	nov.P	dec.P#
1	8.6	11.6	11.2	13.4	19.1	21.5	22.6	24.9	21.7	19	14.9	11.6	39.8	9.5	43.3	26.6	3.2	26.8	0.1	0	8.5	52	8.6	253.8
2	10.6	10.3	12	13.9	18	19.6	20.9	23.1	19.5	17.8	15.2	10.6	3.6	24.2	28.7	29.9	7.1	7.8	2.2	4.7	11.6	252.2	213.7	64.3
3	10	9.2	11.5	11.3	17.1	22.7	22	23.1	21	15.6	13.3	9.8	15.2	174.3	104	52.6	56.6	38	57.1	10.3	7.5	108.7	43.3	63.5
4	9.4	9.6	12.8	12.7	17.4	19.8	21.4	23.1	21.5	20.3	11.9	10	63.6	22	29.8	14.9	1.1	1.9	60.4	5	48.6	94.7	58.1	18.4
5	11.9	8.6	12.3	12.7	17	22.6	23	22.7	22.7	18.7	15.5	11.5	94.8	36.4	23.4	44.6	130.9	51.9	1	8.3	34.5	65.6	107.6	52.1
6	11.1	12.1	10.8	13.7	14.4	21.9	24.1	26	22.6	19.5	13.5	10.2	82.3	19	88.5	70.7	18.3	12.2	0	4.9	12.1	3	141.3	58.4
7	10.9	10.9	10.1	13.7	17.5	22.3	24.9	24.7	21.2	17.9	12.2	14.2	38.8	57.1	30.5	22.2	5.2	0.5	0.9	7	10.1	89.1	85.9	55.1
8	8.2	11.6	11.6	12.6	16.4	21.6	22	24.2	22.8	18.3	13.5	9.8	63.9	62.6	45.7	62.3	12.1	0.4	0.3	0.1	28.7	86.8	152.4	44.4
9	8.5	11.6	10.6	12.6	17	24.8	22.8	23.9	22.1	19	14.8	11.1	21.7	57.3	28.3	59.6	6.5	3.1	7.7	2	14.5	22	8.1	97.5
10	11.7	8.8	12.2	14.8	17.5	21.2	24.3	25.3	21.3	15.9	13.6	11.5	26.4	158.1	48.7	92.8	32.7	29.4	33.9	0	48.8	65.1	145.8	57.7
11	8.8	11.7	11.8	13.9	16.5	21.7	23.6	25.5	21.3	19.2	15.2	11.7	243.7	51	14.4	43.1	22.4	5	0.7	2.2	31	31.5	41.7	21.2
12	9.8	12.7	11.9	12.5	16.7	21.9	24.4	24	23.4	19.3	16.1	12.5	9.3	39.1	26.8	150.5	6.9	46.8	7.5	6.2	1.9	16.6	139	111.2
13	11.5	8.7	11.5	14	16.8	19.3	23.5	24.7	22.8	18.9	14.8	12	71.7	90.4	30.6	14.1	1.2	9.3	0.9	0	17.9	103.6	26.5	71.8
14	10.2	9.4	12.6	13.6	17.3	22.5	24.7	26.4	22.4	19.3	14.3	12.5	4.9	75	18.9	38.9	68.5	11.3	2.2	17	2	34.3	145	92.5
15	10.9	12.2	12	13.4	18	21.1	25.4	26.6	22.9	21.4	13.7	12	62.6	44.3	44.7	86.6	10.4	34.1	0.7	1.1	79.6	54.6	198.4	102.1
16	11.3	9.5	9.4	14.6	17	21.7	23.6	24.3	23.8	18.9	13.4	11.8	180.6	36.1	51.8	68.7	30.5	81.6	18.2	0.8	106.8	94.1	62.6	55
17	12.2	10.2	13.3	15	19.1	21.3	23.4	25.3	19.8	17.1	14.9	11.8	21.7	46.4	29.2	50.7	20.9	17.3	18.7	10.3	4.5	53.6	47.9	11.5
18	11.4	10	11.1	12.7	18.2	23.5	24.8	26.7	23.5	19.4	13.3	10.4	72.2	18.7	12.4	34.2	2.7	7.4	0	1.4	9	81.6	167.3	39.8
19	8.6	10.2	11.5	13.5	15	19.5	24.6	24.4	21.5	18	13.5	13.2	84.7	45.2	55.9	38.6	68	28.6	0.5	28.2	166.2	81.3	47.6	112.3
20	8.9	11.2	11.8	13.3	18.7	22	25.6	27.3	21.7	18.5	13.6	9.2	150.2	47.2	42.3	42.4	18.2	8.2	0	4.6	2.1	26.7	67	19.6
21	9.1	9	12.4	13.3	16	22.7	25.8	25.4	20.8	18.5	14.2	11	34.9	58.1	3.5	98.3	20.8	8.9	0	1.6	55.3	72.8	149.1	41.8
22	10.1	9.5	11.7	13.5	16.8	22.1	27.1	25.3	23	19.2	14.6	12.6	116.1	123.7	143.9	92.6	179.7	16.3	0.2	11.4	34.9	54.4	136.8	109
23	12.2	7.4	13.9	13.6	19.1	23.4	24.7	24.8	22.3	17.8	14.3	11.7	89.9	64.2	31.1	39.9	4.3	13.5	0.8	52.6	83.5	31.3	383.3	108.3
24	10.9	10.3	12.5	14.8	18	23.2	23.5	28.8	22.8	20.3	14.5	13.4	154.9	86.8	150.1	16.1	5.7	0.4	29	0.6	4.3	57.8	79	65.8
25	11.5	11.7	11.8	14.6	17.5	20.5	25.2	24.5	21.9	18.3	15.1	10.5	72	98	75.3	59.3	17.6	11.3	12.5	16	57.3	11.6	52.6	20.6
26	9.3	9	13.5	15.4	18.1	20.9	25.6	25.3	22	18.4	14.4	11.8	27.4	38.8	37	54.4	4.4	2.3	1.7	1.5	2.1	92.9	164.8	82.2
27	11.7	8.9	12	14.7	17.1	21.9	27.2	25.6	20.8	17	14.5	10.3	93.9	12.8	4.3	54.7	96.4	3.6	0	12.2	12.4	65.8	162.3	59
28	9.7	12.6	11.7	14.9	16.8	20.2	24.4	26.9	22.7	19.4	13.7	10	18.5	111.7	12.3	15.6	11.2	5.2	36.7	0	2.8	24.7	295	51.2
29	8.9	10.2	11.5	12.6	16.1	21.9	24.2	24.7	22.2	18.8	15.3	11.9	161.3	27.3	60.1	37.5	73	4.5	5.6	3.7	34.5	27.5	36.9	81.3
30	9.9	11.6	13.2	15.3	18.4	22.1	23.9	23.3	23.7	19.6	15.2	13.2	23.7	65.5	20.7	65.9	60	9	5.9	76.9	12.4	77.3	30	228.8
31	10.6	12.1	12	15.3	14.4	23.4	26.6	27.1	21.2	20.9	15.7	12.6	64.8	10	91.5	56.2	63.5	57.6	0.4	1.9	12.6	14.3	208.7	132.7
32	10.4	10.4	13	14.1	17.3	22	23.5	24.7	22.9	18.8	17.5	12.5	28.3	162.8	29.1	28.8	3.6	12.6	0.2	8.1	43.5	69.4	38.7	46.4
33	10.6	12	11.9	14.5	15.9	21.5	24.7	25.9	22.7	20.9	14.9	13.4	20	30.1	65.7	61.6	81.1	1	0	4.9	8.6	63.2	113.4	144.1
34	9.5	10.1	12	16.8	16.2	22.5	24.9	27.8	23.3	18.2	14.1	12.1	25.1	40.1	30.8	35	3.6	7.1	0.2	27.3	1.7	36.7	19.6	53.1
35	8.8	10.7	11.7	15	16.1	22	25.8	27	23.1	20.1	15.5	12.3	14.8	14.3	139.8	19.3	77.9	0.8	29.2	28.2	57.5	24.8	24.5	106
36	12.6	11.6	12.4	14.4	15.3	20.7	26.1	26.4	23.8	18.2	15.5	12.3	158.8	5.1	19.6	45.1	73.3	13.7	0	0.4	0.3	157.1	41.5	183.4
37	9.1	9.8	11.3	15	18.1	21.7	25.7	25.3	24.7	20.2	13.9	11.1	101.6	23.2	10.8	72.5	33.7	12.9	0.2	16	34.4	41.8	197.3	79.2
38	13.4	10.8	11	14.3	18.8	22.7	26.1	26	23.4	20.1	13.8	14.3	52.8	52.7	41.8	28.7	35.3	7.8	6.3	2.4	32	44.9	88.8	160.3
39	11.8	12.9	12.7	14.2	19.3	22.5	25.5	26	23.6	18.6	15	14.9	137.2	211.5	81.1	23.8	32.6	10.9	0	5.9	41.3	32.4	55.1	31
40	11.7	8	12.7	13.7	19.5	20.5	25.4	24.7	23.9	19.8	15.2	11.1	110.9	88.9	31.4	23.4	9	32.6	0.2	8.6	146.4	85.2	135.3	47.9
41	10.7	11.1	11.1	14.7	20.8	24.6	24.3	24.2	22.4	19.8	15.1	11.8	24.9	22.4	37.4	34.5	15	7.4	0.2	0.7	148	41.4	13.7	53.4
42	10.3	9.1	11.4	14.9	20.3	23.2	23.4	25.5	24.4	18.6	14.6	12.6	38.1	81.5	50	57.5	100.3	19.4	5.7	0.1	25.7	92.6	166.8	42.9
43	10.1	11.3	13.3	14.7	17.3	24.6	25.7	25.6	24.3	18.9	16.8	12.1	82.6	95.5	43.2	24.9	6.1	6.4	7.6	5.1	70.8	226.2	122.3	101.7
44	12.5	12.3	11.5	16.5	17.1	21.7	24.4	25.6	24.6	19.1	13.6	11.3	91.5	27.1	171.3	30.9	9	17.8	1.4	3.3	6.3	73.3	46.2	27.3
45	11.1	11.2	11.1	14.8	18.3	24	26.3	27.8	24.8	19	16.5	14.4	20	21.1	80.2	15.2	63	12	4.9	1	10	103.6	49.2	91.3
46	11.6	13.3	11.8	13.4	17.6	22.6	24.4	27.7	22.2	19.8	15.1	11.1	274.9	73	10	47.7	48.8	5.9	1.8	0	51.3	107.1	28.9	48.3
47	9.9	12.3	13.6	13.8	18	21.1	27.6	26.4	24.6	21.6	14.3	13.5	100.7	21.3	71.6	59.6	11.7	17.7	0.1	2.7	93.6	14	80.4	41.8
48	11.5	12.7	12.6	14.5	18.2	23.1	25.2	27.8	21.3	21.2	16.2	11	206.3	24	32.5	22.9	23	15.2	8.2	1.3	0	77.5	30.7	31.3
49	12.3	10.5	13.8	14.9	20.7	24.4	25.9	27	23.1	20.9	15.3	11.5	42.3	30.7	7.6	80.3	17.5	0.7	12	6.3	41.5	146.9	87.9	91.6
50	10.2	11.5	11	15	19.2	23	28.2	28.3	22.7	20	15.6	12.9	67.9	15.1	117.9	64	2.6	14.6	0.7	1.3	25.7	42.8	34.6	118.6
51	12.3	11.3	11.7	15.2	17.9	22.6	26.4	26.8	23.1	18.7	15.7	13.9	18.3	90.2	14.1	8.1	49.1	13.9	5.6	0.8	13.1	62.5	18.3	63
52	12.3	12	13.4	13.5	18	23.5	26.3	27.3	22.7	21.6	15	10.1	66.6	33.8	37.7	19.9	12	9.9	13.8	0	7.1	72.5	85.4	55.5
53	13.5	10.1	12.7	14.7	16.6	23.6	27.4	27.4	23.4	21	15.7	12.4	34.8	24.5	172.8	24.6	38.1	1.5	3.4	51.6	1.9	50.1	138.5	71.1
54	11.5	14.3	13.4	15	19.7	26.2	27.8	25.7	24.2	22.1	17.4	12.3	36.4	43.5	48.9	28.6	13.4	0.8	0.9	5.1	69.7	273.8	38.2	29.5
55	13.9	11	11.8	15.6	17.9	22.1	28.2	26.5	23.4	20.5	16	13.8	38.2	39.2	101.6	22.2	99.6	10.2	0.5	52.8	30	70.1	244.1	69.6
56	11.3	12.6	13.6	15.5	17.5	24.4	28.1	26.5	23.5	19.8	16	11.2	74.2	55.8	46.7	51	30.6	8.2	0.1	26.3	96.3	19	83.1	30.3
57	13	10.7	13.7	14.7	21.6	23.9	22.8	27.2	23.9	21.7	14.4	12.6	47.7	7.9	8.2	40.4	0	4.8	3	5	83.8	35.9	7.7	46.9
58	11.5	11.7	12.8	14.3	19.9	23.6	28	26.3	22.2	18.9	16.4	11.7	69.2	192.9	56.5	52.3	14.5	5.3	0	0	30.6	104	90.6	80.5
59	11.9	12	14.6	14.5	21.2	23.1	26.7	29.2	24.3	20.7	15.6	12.8	145	89.5	51.4	22.5	44	2.3	0	0	26.7	125.1	168.9	87.6
60	10.4	13.5	11.9	14.9	18.7	23.3	26.4	27.7	24.8	21.3	15	14.5	208.8	146.1	103.1	59.7	50.5	23.4	0.1	2.9	6.5	13.7	55.5	132.3
61	12.3	11.4	13.2	15	19.6	24.1	28.1	27.9	24.6	19.3	15.8	12.6	73.4	15.7	80.6	30.5	16	10.8	0	0.2	12	88.4	262.3	57
62	11.8	12.4	13.5	14.3	18.8	23.5	26.2	26.5	24.3	20.8	16.2	13.7	22.2	39.6	40.7	30.6	10.5	96.5	10.3	10	102.7	81.1	66.1	134.1
63	10.5	13.6	14	14.6	19	25.8	26	29.8	23.6	23.2	16.1	13	28.9	38.2	22.8	28.1	6.1	8.4	4.1	0.1	11.9	23.4	117.7	27
64	11	11.9	12	15.7	20.2	23.3	29.5	27.2	25.2	21.6	16	14.3	77.8	26	29.7	28.8	51.3	6.9	1	2.4	12.3	63	35.8	161.7
65	12.6	12.3	12.4	15.3	18.6	20.1	29.6	26.3	25.1	20	17.2	13.2	67.1	12.4	85.3	39.4	62.3	8.6	11.3	0.3	98.4	85.7	178.8	83.2
66	11.2	13	14.9	15.8	18.2	24.4	24.9	27.7	26	21	15.5	14.1	58.3	56.8	57.5	125	11.6	25.3	2	3.6	100.2	135.3	103	118.1
67	13.7	11.3	13.3	15.5	17.8	22.2	28.9	28.5	24.9	21.6	15.8	13.9	23.2	61.1	38.2	34.2	24.9	29.3	0	2.9	12.8	121	126.2	54.5
68	13.3	9.9	14.1	15.4	19.9	22.9	24.4	28.8	23.7	20.2	16	14.7	91.6	123.4	122.8	8.9	35.2	23.1	18.9	0.2	134.6	14.7	168.5	63
69	11.4	12.1	13.8	17.5	20.2	25.1	27	27.5	23.2	22.2	17	13	66	51.8	26.4	11.9	17.3	3.6	1.1	8	67.1	38.2	123.4	139.6
70	11.8	12.4	13.5	14.8	20.9	25.9	28	30.7	23.4	21.6	15.7	13.3	70.1	15.9	68.6	12.2	2.2	0.3	0	8.2	7.6	198.2	79.7	178.7
71	12.2	12.4	14.2	14.2	20.3	24.9	27.4	30.1	25.3	21.7	17.8	14.2	4.2	52.6	18.5	24.3	21.9	3.2	3	0.3	18.2	28.6	59.3	107.6
72	13.7	11.6	15.2	15.5	17.9	24	26.6	27	25.4	21.8	16.8	14.8	33	17.8	5.7	8.7	20.9	1.8	10.3	55.2	17.3	24.5	78.8	194.4
73	13.2	13.7	14	12.6	18.7	25.4	27.2	27	25.1	19.6	16.2	13.9	55.8	11.1	48.8	109.8	46.1	13	2.9	43.2	57.4	33.9	17.2	11
74	10.5	10.2	14.6	17.3	21.6	24.4	28.8	29.3	24.2	24.1	16.6	15.2	43.1	40.1	76.8	54	14.9	12.6	0	27.6	62	17.5	82.6	22.8
75	13.5	14.4	14.1	15.5	18.3	23.2	27.4	31.2	24.3	21.9	15.3	15.1	65.5	14.6	15.3	56.3	8.2	8.4	0.9	0	89.5	37.6	78.4	89.3
76	15	14.2	11.3	17.2	19.7	24.6	32.9	30.3	26.1	20.7	16.6	14.5	62.1	94.5	28	13	94.4	16.6	0	0	2.4	60.5	110.2	84.5
77	12.7	13.5	14	16.4	20.2	25.6	25.9	26.9	26.1	21.8	17.4	14	66	68.2	34.2	34.5	11.8	2.2	3	29.5	1.4	13.5	127.9	135.5
78	13.6	11.6	14.4	17.1	22.1	25.3	29	29.4	27	22.7	15.9	14.1	77.5	65.5	94.5	22.9	30	76.5	15.6	11.4	40.5	91.4	121.1	80.9
79	12.2	14.8	15.2	17.2	20.3	26.9	28.8	31.2	26.5	21.3	16.4	16.3	9.5	30.2	29.6	23	30.3	18.9	7.6	0	0.7	58.2	173.8	49.1
80	14.8	13.8	14.8	15.7	18.5	25	29.2	28.5	25.7	21.3	16.5	14.4	64.2	45	37.2	33	28.4	0.9	0.2	0.5	24.8	7.5	37.3	82.3
81	12.7	12.2	14.6	16.8	21.9	23.5	28.4	28.1	27.2	20.4	16.4	15.1	84.9	41.5	39.1	9.2	15.2	2.3	0	0.1	0.8	157	25	112.7
82	12.4	11.8	13.9	16.1	19	23.6	27.5	28.9	24.4	23.4	17.4	14.2	134.3	81.8	24.6	14.7	10.5	0.4	8	3.9	112.5	143.1	10.3	83.1
83	12.5	13.4	12.2	16.5	21.4	21.7	31.8	27.3	26.2	21.5	16	12.7	58.4	38.3	23.1	27.9	16.3	4.8	0	7.1	11.2	112.5	204.8	29.1
84	13.3	14.5	15.1	17.1	19.3	25.1	29.8	28.4	27.1	22.3	15.3	13.1	77.6	70.1	67.1	21.3	119.9	34.4	0	33.3	7.5	30.9	32.9	68
85	12	13.1	14	16.9	23	24.2	28.8	30.8	28	23.7	17.1	15.6	210.6	73.2	119.2	42.6	87.9	3.7	30.9	0.7	5.5	23.1	77.9	78.7
86	13.2	12.5	13.2	17.1	17.3	27.3	29.7	26.7	27.6	21	17.7	13.8	9.8	58.2	17.4	32.7	34.5	17.5	22.9	6.2	3.2	28	51.6	44.8
87	13.4	12.4	14.6	16.7	21.1	25.1	29.8	31.7	26.4	24.7	17.9	13.8	136	105.6	47.5	55.3	1	5.6	4.4	4.7	26.6	37.5	136.1	61.4
88	12.6	17.2	14.4	15.3	21.5	24.8	30.2	28.9	27.3	22.8	18.5	15.2	36.4	36.2	28.7	58.4	9.3	5.7	5.5	80.1	26.4	127.2	68	86.4
89	12.2	13.5	14.4	15.9	20.4	26.5	30.2	31.1	29.1	23.8	16.1	14.7	43.5	46.3	51	42.3	61.4	18.1	25	0.2	5.1	39.7	90.5	75.4
90	16	9.3	13.9	15.8	20.1	25.8	29.1	31.1	25.4	23.5	16.2	15.4	137.4	52.6	2.9	37.3	23.5	5.1	5.6	0	14.4	102.1	47.3	45
91	13.5	14	14.6	16.3	20.6	27.5	28	30.7	27.1	21.2	17.5	14.4	62.1	48.4	12.6	17.4	34.6	16	0.6	2	43.4	73	29.8	227.2
92	13	15.9	14.7	15.7	20.7	28.1	31.6	28.2	26.5	22.3	16.5	14.3	56.6	36.5	63.4	33.6	16.3	4	0.9	10.8	28.3	27	136.6	121.9
93	15	14.2	14.9	16.7	20.7	24.9	31.1	30.7	27.3	21.4	18	16.7	64.6	45.5	60.7	25.1	86.2	6.3	0	4.2	22.2	73.6	39.5	110.6
94	13	13.5	15.8	18	17.4	24.1	29.9	31.1	24.4	24.2	18.5	14.1	12.8	73.7	87.6	73.7	128.8	1.4	0.4	0.4	36.5	31	63.2	12.5
95	13.6	12.6	16.6	16.9	23.2	25.7	30.5	30.6	27.7	20.8	18.8	14.5	13.8	48.4	24.7	9.9	28.2	10.6	2.9	0.6	25.7	45.3	117.9	58.8
96	12.6	11.7	14.6	19.4	23.1	26.2	31.1	28.2	27.9	21.7	16.2	15.2	63.8	37.6	101.8	16.2	9.8	64.5	1.9	45.6	24.5	14.3	50.6	210.8
97	15.6	14.4	14.3	17.9	21.6	25.3	30.5	28.7	26.7	23	16.7	14.5	62.6	13.5	55.3	62.2	47.2	23	0.5	11.2	12.1	350.7	183.8	100.5
98	13.4	13.4	15.2	16.1	21.4	27.2	29	28.4	25	22.6	18	15.2	104.9	60.8	33.4	72	25.9	0.4	0	0.8	61.8	87.6	43.5	33.1
99	15.6	13.2	15.5	16.9	21.2	23.9	29.6	29.6	27.2	22.5	18.3	15.2	21.1	107.8	49.2	69.5	91.8	32.9	2	5.3	12.1	30.4	16.7	130.1
100	14.9	14.1	13.7	16.6	21.1	25.1	30.3	30	26.5	22.9	17.3	15.8	65.2	11	50.2	30.8	0.1	2.1	2.3	0.2	0.4	24.6	115.5	32.7
101	11.9	14.9	13.6	17.7	22	27.3	31.2	31.3	27.1	21.9	17.6	16.1	37.7	23.8	68.4	84.1	22.5	6.2	0.9	4.8	11.7	138	85.7	67.9
102	11.7	12.7	15.7	19.1	23.1	25.6	29.7	30.1	27.4	22.9	17.7	14.2	94.3	39.9	39.7	24.7	9.9	41.5	0.2	29.8	5	37.5	79.2	52.6
103	11.8	16.4	14.6	18.1	21.7	24.4	28.9	31.5	27.4	22.9	15.5	14.6	9.5	11.2	1	55.2	14.2	24	6.2	2.4	1.3	44.2	32.4	63.8
104	15.2	12	13.4	15.9	21.7	24.7	29.6	29.5	27	26	16.2	12.6	65.7	55.2	23.4	9.1	10.9	26.4	0	0.1	18.5	8.5	32.4	79.5
105	12.3	13.4	13	16.1	19	25.6	30.1	31.1	27.1	24.2	19	16.5	71.5	77	21.7	18.1	67.6	18.2	9.7	0.9	2.2	32.7	149.7	202.5
106	14.9	12.1	16.1	17.7	20.5	27.6	31.9	29.8	27.4	23.6	18.7	15.6	62.7	69.3	54.5	24.5	49.6	62.9	3.2	7.5	15	63	14.3	46
107	14.2	17.8	14.1	15.2	22.5	28.8	30.2	29.2	26.8	23.1	17.7	14.7	24	72.4	47.5	40.3	35.2	0.5	0	31.6	7.6	23.2	155.4	59.2
108	12.9	14.4	13.6	17.7	19.8	26.9	30.4	29.1	27.8	22.9	17.2	16.7	43	115.6	13.9	80.6	47.2	17.2	0.2	4.4	27.6	53.1	89.4	80.4
109	13.4	11.9	14	16.6	22	26.3	27.2	28.4	25.4	22.7	17.9	15.3	56.8	37.2	44.2	50.2	16.6	3.9	0.4	8.4	21.7	61.1	78.9	70.9
110	12.3	12.3	13.5	17.3	21.1	26.1	30.1	30.1	27.4	22.5	18.1	15.9	13.8	174.3	3.9	25.4	25	3.6	0	3.5	50	3.9	86.4	118
111	14.8	14.1	15.9	15.8	21.7	28.2	30.5	31.8	26.7	21.8	19	15.4	46.7	44.6	32.8	17.6	40.4	10.5	0	0	37.3	51.2	19.6	76.9
112	14.4	13.2	14.5	16.5	20.8	29.1	29.7	30.6	26.4	21.9	16.2	14.4	83.2	97.6	24	73.6	55.3	38.8	0.2	6.5	37.1	71.6	8.9	64.4
113	15	14.8	14.2	16.1	20.1	27.5	27.7	30.9	25.2	24.2	17.7	15.2	193.6	25.3	9.6	12.7	1.1	18	9.6	15.2	75.1	87.3	19	125.6
114	13.7	15.1	15	17	20	29.4	27.4	31.8	27.5	21.7	18	13.8	15.8	49.2	23.2	15.3	33.1	8.2	25.2	0	46.5	31.7	103.4	66.2
115	13.3	14.9	11.5	17.6	19.8	27.6	27.2	31.6	28.3	22.7	17.5	15.8	44.2	35.4	1.5	27.2	25.8	0.7	2.8	0.2	4	18.7	50.4	16.8
116	12.8	13.1	13.1	16.5	22.5	26	29.8	31	27.4	22.1	17.1	16.4	54.7	35.4	70	32.1	17.6	28.6	4.1	0	32.9	77.7	59.5	165.5
117	12.7	14.1	12.9	17.2	21	26.2	31	30.9	26	23.6	18.3	15.7	72.4	22.6	67.7	37.1	33.9	14.3	0.1	0	2.9	186.9	30.5	67.1
118	12	13.5	14.1	15.6	21.9	24.7	29.1	30.6	28.3	23.3	16.6	13.9	40	32.4	18.6	27.7	15.3	3.4	4.4	1.3	22.6	68.2	54.6	110
119	14	11.9	14.9	17	21.3	26.5	28.2	31.5	28.1	25.2	18.2	14.8	65.2	31.1	35.5	30	11.4	2.3	0.6	4.5	8.2	26.3	118.7	86.7
120	13.9	13.1	14	15.3	22.7	27.2	28.6	28.8	27.2	20.7	18.5	14.9	47.1	11.1	8.2	49.6	10.3	2.4	0	6.3	38.3	164.3	21.1	78.3
121	15	11.3	13.7	17.8	22.6	25.2	27.1	30.3	27.1	21.5	15.6	15.6	42.5	72	12.5	87	18.1	6.4	0.3	16	24	137.6	118.3	163.3
122	12.9	13.2	14.5	16.3	20.4	28.5	26.7	31.2	27.2	23.3	19.6	15.7	29.8	90	37.2	22.8	65.8	6.1	0.3	0.1	2.9	43.9	7.2	40
123	13.5	13.2	15.8	17.1	23	25.3	31.3	31	25.8	21.4	18.3	15.7	5.4	21.3	64.3	24.3	0.1	14.2	7.3	15	0.1	73.3	31.4	68.2
124	12.3	15.9	14.1	17.5	21.7	24.6	28.5	29.3	28.1	20.9	16	14.3	12	9.9	25.9	49	5.7	3	11.7	1.7	51.9	50.1	135.7	80.8
125	13.5	13.3	15.7	16.4	22.9	28.2	28	30.2	26.9	24	18.2	16.8	86	17.7	73.8	30.8	0.6	12.5	0	0	58.4	25.1	23.6	39.1
126	11.4	13.8	15	17.1	22.5	26.5	30.1	29.2	27.8	22.5	18.4	14.1	5.9	82.9	4.6	10.3	18.7	32.2	0	0.4	62.5	68.1	219.3	75.4
127	12	13.2	13.5	17.5	21.6	24.4	29	29.9	27.4	22.2	18.5	14.9	76.4	17.5	53.1	53.4	68.1	2.4	5.4	0.1	4.1	103.5	239.8	105.6
128	14.2	11.9	14.1	17.5	19.4	26.8	29.5	29.4	26.8	23.2	17.7	16	27.9	71	87.2	93.9	23.7	0.6	0.5	29	44.5	18.2	220.1	38.5
129	14.9	15.3	15	18.3	19.6	26.2	30.8	31.4	26.5	22.8	17.3	13.6	39.2	75.4	48.5	21.7	2	52.7	0.8	1.4	43	9.4	14.5	158.7
130	12.8	14.5	14.4	18.1	20.9	28.3	27.5	30.3	27.5	22.8	18.8	13.9	46.5	27.3	29.7	32	8.7	1.4	0.3	0.7	8.4	34.9	145.8	35.3
131	12.5	13.9	14.3	17.5	22.7	26.7	28.3	30.8	27.3	21.4	19.2	15.7	44.8	34.2	56.9	20.9	9.1	17.9	0.4	0	27.1	6.6	151.2	34.1
132	14.5	12.9	16.8	14.9	23.2	24.9	27.9	32.2	27	24.1	18	14.9	169.3	49.5	35.8	51.4	17.5	60.6	29	0.3	24.9	69.2	83.2	86.7
133	14	12.4	14.2	15.5	22.7	25.7	28.5	30.9	26.4	23.1	17.1	16.1	104.1	127.1	13.1	42.1	5.6	36.7	0.7	0.2	38.3	39.1	24.7	55.7
134	14.4	14.3	14.4	18	22.3	26.9	30	30.5	26.6	22.5	18.5	16.2	74.7	87.3	41.4	46.8	59.8	3	1.2	2.3	11.7	38.3	34.4	106.2
135	13.2	14.6	15.8	16.2	21.9	26.3	28.3	28	26.2	23.2	17.1	14.9	39.7	36.3	7.8	24	26.2	1	4.4	0	14.7	17.4	75.9	274.1
136	13.2	14.2	15.3	17	21.1	25.3	30	29.8	26	22.6	16.3	15.1	55	25.2	3.9	56.3	8	17.1	3.8	40.6	6	13.3	34.6	28.8
137	13.9	14	13	17.2	19.3	26.4	29.2	31.4	27.7	24.5	19.4	13.6	11.5	26.9	68	56.8	89.9	0.2	0	10.5	7.4	108.1	17.2	48.2
138	13.5	12.9	12.6	16.4	22.9	27.4	26.6	29.8	27.2	21.7	16.6	13.5	16.5	59.3	21.9	14.3	39.3	6.7	1.7	17.1	19.9	15.1	118.8	15
139	11.4	11.3	15.8	17.1	21.4	28.7	29	32.5	27.4	22.9	16.8	13.7	25.8	37.8	9.1	71	64.6	2.7	8	0	35.9	186.4	45.1	26.3
140	11.5	14.1	15.3	17.1	20.6	26.1	30.8	28.9	27.7	21.8	18.7	14.8	34.6	23.5	82.7	19.2	118.1	14.6	2.6	3.5	29.6	104.7	28.6	99.9
141	10.5	13.7	14.1	16	21.7	24.5	30.2	29.8	26.3	22.4	17.5	17	19.9	53.8	14.4	33.4	21.8	6.3	0.3	0	53.4	99.1	275	90
142	14.4	12.3	12.6	17.8	20	26.5	29.5	32.3	26.6	21.1	18	14.3	11.7	20	20.9	32.5	17.7	14	0.7	0.1	74.7	47.4	106.1	53.9
143	13.1	15.4	14.4	18	18.4	24.4	32	29.5	26.7	23	16.7	14.5	104.3	7	25.8	58.2	41	10.9	0	6.1	13.9	14.5	44	234.2
144	12.5	16.6	15.3	16.7	19.9	25.3	32.4	28.9	27.6	24.1	17.9	13.2	11.4	79.3	18.6	36.9	24.3	1.3	0	3.9	29	40.5	219.3	34.2
145	15	12.5	16.1	17.7	21.4	24.4	29.6	30.4	28.9	20.9	17.1	16.6	48.7	16.3	213.4	33.9	32	1.4	1.1	1.9	0.1	127.7	134.9	128.5
146	15.4	14.5	13.6	15.7	22.1	27.4	30.6	31.5	27.2	22.3	17.5	15.2	15.9	24	41.9	62.3	39	0.2	4.8	0	16	124	84.9	76.5
147	12.2	15	15.4	17.7	21.4	25.8	33.3	32.1	27	21.8	17.4	15.2	14.5	105.2	15	60.2	31.5	14	0	1.4	31.1	99.8	94	84.9
148	13.1	14.1	12.7	16.9	21	25	30.3	30.4	26.8	23.6	17.2	14.5	3.6	32	31.3	28.7	39.8	10.3	0	15.2	10.3	64.1	11.7	73.6
149	13.8	11.9	14.2	17.3	20.2	27.5	29.6	28.6	27.3	21.7	18.5	15.5	7.6	53.3	17.1	20.9	18.6	3.7	0.4	12.3	2.8	55.2	117.7	148.8
150	11.8	13.2	13.2	15.5	21.2	26.8	28.9	32.1	25.2	21.9	17.6	14.4	125.2	19	3.8	19.4	13.6	70.9	1.6	0.1	14.6	98.2	58.9	167.4
151	12.9	14.7	13.3	17	22.8	23.5	27.4	30.2	28	23.1	17.8	15	23.3	36.5	63.5	66.4	16.5	3.2	20.5	2.4	55.3	80.8	119	215.7
152	13.7	12.3	14.8	17.7	19.4	23.7	28.9	29.9	27.1	22.1	18.4	14.6	14.1	7.3	277.4	7.6	51.8	14.1	0	0	54.9	14.6	52.2	35.4
153	14.2	13.5	13.6	16.8	22.5	25.9	28.5	29.1	27.5	21.8	19.2	14.6	31.4	39.3	91	95.7	0.5	16	0	17.7	8.7	169.5	139.7	74.1
154	13.6	12.3	14.9	18.2	21.2	28.6	31.4	32.7	26.1	22.3	17.3	15.5	28.2	149.2	28.2	37.9	9.7	0.7	0	0	0	9.7	68.5	109.6
155	13.3	12.8	15.8	17.5	21.8	25.7	30.4	28.9	26	22.5	17.1	12.5	14.2	59.6	38.8	27.6	15	2.6	4.2	36.6	47.2	31.6	157.7	74.2
156	14.8	13.6	15.9	17.7	23.1	26.1	29	29.2	25.5	23.1	17.5	13.4	132	40.6	58.7	20.6	13.9	12.8	4.4	3.2	54.2	21.9	50.9	59.2
157	15.6	12.7	16.1	17.5	20.8	27.7	30.2	29.8	28.6	23.1	17.4	12.7	50.2	88.9	27.2	113.1	9.2	1.2	1.5	3.5	1	12.5	157.7	50.2
158	12.7	11.6	15	16.5	22.1	26.1	30.9	30.6	26.7	20.7	17.6	16.9	13.1	19.9	23.1	10.2	73.3	6.9	0	10	42.8	14.4	11.8	32
159	15.7	14.3	13	17	21.5	27	28.7	30.7	26.1	22.4	17.1	15.3	154.6	27.3	19	24.1	10.2	35	7.5	0.2	83.5	137.2	17.7	21
160	12.6	15	15	17.3	20.8	26.6	28.3	29.9	26.1	24.2	18.6	15.2	61.2	27.9	19.2	34.5	36.4	4.4	4.8	19.5	52.2	93.9	56.6	86
161	12.4	12.6	14	18.7	22	26	27.6	30	25	21.7	19	14.5	40.6	154.9	26.8	31.1	19	16.6	3.6	3.6	9.3	117.8	111.1	44.8
162	13.9	12.5	14.8	17.3	19.9	26	30	28.9	25.6	22	17.9	13.3	36.9	82.3	53.8	21.4	10.1	6.1	0	0.2	58.7	42.1	36.8	36.8
163	14.8	15.2	13.6	16.3	19.9	26.3	30.7	30.4	25.7	23.3	17.4	12.8	11.1	83.2	27.3	23.7	20.1	1.8	0	11.7	15.1	26.1	189.8	26.9
164	13.2	12.3	12.5	17	20	24.1	32.1	30.1	27.5	21.3	17.5	16.6	28.7	68.8	63.1	36.5	16	9.1	0	11.2	26.9	206.8	28.5	68.5
165	12.2	15	14.3	17	21	27.3	29.3	30.2	25.6	22.2	18.1	14.4	49.9	8.3	59.3	32.6	19.3	10.2	1.4	8	118.7	23.4	182.1	78.8
166	11.6	13.6	14	16.4	20.9	26.3	29.6	31.3	28.1	21.6	19.9	13.5	10.6	32.2	77.4	23.5	144.4	17.4	8.3	4.3	41.8	94.6	139	54
167	13.1	15.6	13.8	17	22.8	26.9	29.8	29.7	25.9	20.9	17.3	13.3	43.2	86.3	41.2	27.7	17.7	4.9	3	30.7	2.3	19.2	27.1	55.2
168	11.6	13.6	12.8	17.9	20.7	25.7	32.3	31	25	23.5	18.5	16.1	15	11.9	54.9	27.8	66.5	20	0.3	0.2	118.5	55.2	89	21
169	13.5	11.7	13	15.4	20.2	27.7	29	30.3	28.4	22.6	17.5	11.5	67.2	88.5	17.9	30.5	38.3	14.9	5.4	1	2.6	84	110.4	59.1
170	13.2	13.7	15.8	15.9	22.7	26.1	28.9	30	26.9	21.2	17.6	16.2	60.1	21.4	28.2	41.6	4.3	8.1	27	0.2	19.2	67.1	179.2	143.8
171	13.5	13.2	14.9	15.6	22	26.8	27.5	31.9	27.6	21.7	18.2	16.2	145.4	35.6	146.8	24.5	69.1	13	15.9	0	118.5	95.4	13.3	79.9
172	13.9	14.2	14.6	16.4	20.7	28.1	29.4	29.7	27.3	22.1	18.5	14	81.2	121.7	23.6	51.7	34.5	4.4	0.7	5.1	8.4	8.4	58	189.8
173	14.5	12.7	13.8	16.6	22	28.4	29.5	29.4	27.5	21.6	16.9	12.9	31	117.1	2.1	25.2	1.7	19.3	0.1	0	13.5	113.7	159.1	31.2
174	13.3	13.6	15.8	17.9	21.9	25.8	28.1	31.6	26.2	22.8	18	14.3	176.1	6	3.3	40.9	49.3	38.8	0.2	5.6	12.1	101.2	125.9	29.1
175	14	14	15.4	16	19.6	27.6	27	27.1	27.3	21.6	16.4	13.5	22.2	6.5	45.6	11	14.9	43.7	0.1	6.5	5.6	77.1	93.1	76.2
176	15.4	14.1	13.9	17.8	21.1	24.7	32.7	28.6	28.4	22.6	15.8	16.1	26.2	42.4	2.1	126.3	11.3	1.5	0	19.2	0.9	28.3	52.4	125.2
177	13.5	11.9	14.2	16.6	21.1	26.3	27.9	29.5	27.9	22.5	17.9	15	30.4	47.5	125.5	13.3	52.8	13.4	1.4	5.9	0	27.6	96.1	69.7
178	14.8	15.7	14.6	18	22	27.3	30.5	30.1	27.5	22.9	16.2	15.8	21.2	27.2	6.7	62	27.1	9.8	0.2	5.9	26.8	54.2	95.3	45.9
179	12.9	11.8	14.5	18.2	21.8	27.7	30.4	31.3	26.6	21.9	18.4	12.6	9.8	19.8	25.8	12.1	19.4	0.7	0	0.7	8.7	42.7	127.6	96.4
180	13	13.7	14.4	18.2	20.9	25.9	26.7	30.4	25.5	23	17.6	14.4	59.1	67.7	38.1	57	20.3	14.5	14.7	31.5	105.9	60.4	81.1	78.7
181	13.7	10.4	15.3	18.4	21	26.6	28.3	32.2	25.8	21.4	18.2	15	87.9	54	33.4	8.6	22.7	5.5	4.4	0	11.3	62.6	42.4	107.9
182	11.9	12.3	13.5	18	19.1	27.4	27.9	31.9	26.3	21.4	20.2	15	23.3	38.2	27.9	70.9	62.4	1.7	72	4	110	66.1	78.2	41.8
183	13.7	11.8	14	17.6	19.6	27.4	31.2	29.2	27	22.5	19.2	14.8	50.5	47.1	60.7	8.7	44.6	3.8	1	2	5.6	87.6	6.5	136.9
184	14.2	14.3	15.8	17.6	20.6	23.9	28	29.2	27.2	22.7	17.5	15.7	49.7	50.9	13.8	30.1	46.3	54.3	0.2	4.3	32	44.4	103.9	54.4
185	14.1	14	14.1	18.1	21.8	26.8	31.9	29.1	26.6	23.1	17.6	13.7	20.5	48.2	68.4	80.6	37.7	19.1	0.1	2.3	16.4	87.1	103.5	169.8
186	13.2	17.1	12.1	16.6	20.3	27	31.5	30.3	25.5	22.8	19.3	15.2	75.4	31.9	186.6	23.2	13	1.2	0	1.1	95.3	8.9	53	62.8
187	14	13.8	14	16.7	22.2	25.1	28.1	28.9	27.8	22.6	17.9	14.4	28.7	59.6	49.9	16.5	14.5	2.5	6.7	2.7	16	59.9	114	62.9
188	15.5	13.6	14.9	16.2	22.1	25.3	29.2	32.8	27.9	24.8	18.9	15.9	67.6	86.6	32.9	44.2	30	7.1	1.5	0.5	12.5	29.1	90.1	68.3
189	12	14.7	14.9	17.4	22.3	27.4	27.9	31.5	28	23.6	17.7	15.2	80.5	107.6	192.3	40.7	23	15.8	8	0.2	65.3	44.8	99.5	95.8
190	13.6	12.7	16.3	17.4	19.7	29	29	31.1	27.7	23.1	16.8	15.5	86.2	75.9	3.1	74.2	29.6	0.1	0.1	2.7	27.9	9.8	159.2	35.8
191	13.3	11.6	15.6	16.3	20.9	23.8	30.7	30.1	28.1	22.2	17.2	15.6	237.7	42.4	99.9	44.6	26	30	0	0.3	62.7	9.7	112.6	104
192	15.4	14	15	16.6	20.9	26.5	29.2	29.7	26	22.2	18.1	13.3	54	36.9	6.2	46.2	11.3	9.6	1.1	0.5	24.6	39.6	58.6	158.1
193	13	11.9	14.1	18	20.2	25.2	31.8	28	26.3	22.6	16.8	15.7	25.8	62	87.3	37.1	33.1	36.5	0.1	40	6.4	82.7	86.8	120.7
194	13.2	12.8	13.9	18	22.3	26.7	28.9	30.4	26.6	21.1	17.4	14.4	51.5	74.3	75.5	30.4	8.2	0.1	0	21.3	25.8	74.6	152.6	67.6
195	12.9	15.2	13.4	17.5	21.4	26.7	31.1	30.5	29.1	22.3	18.8	14.3	43.7	79	20.8	32.1	6.4	0.6	0.8	58.7	53.7	53.4	86.9	37.7
196	13.2	14.5	16	16.8	23.2	25.7	31.3	28.6	26	21.9	16.8	12.6	85.8	35.9	3.5	22.7	24.5	12.7	0	2.5	20.1	143.4	19.5	74.5
197	13.4	14.6	15.6	17.4	21.1	25.3	29.8	30.3	26	22.3	18.7	16.5	69.7	72.4	46.3	38.6	67.3	5.9	0	0.6	226.7	103.7	101.1	111.3
198	11.9	14.2	15.2	18.1	20.5	27.2	28.9	30.2	27.9	20.8	16.1	14	58.4	33.3	8.6	26	16.4	0.8	0.2	9.5	5.5	251.7	39	143.7
199	14.7	14.3	15.4	16.1	20.8	26.5	30.3	31.4	25.2	22.9	15	15.5	56.2	46.4	11.2	12.9	94.6	8.1	20.6	1	24.6	29	117.1	168.1
200	12	12.8	14.6	16.3	21.4	25	28.2	30	26.3	22.9	17.5	14.3	35.6	62.4	31.7	6.7	30.3	7.6	9.2	1.7	2.3	12.6	48.2	105.6
201	13.8	12.6	14.1	17.7	21.2	26.7	29.6	31.2	26.2	22.2	16.6	15.1	88.2	24.1	10	53.1	3.6	19.4	0	0	68.4	2.6	73.6	39.5
202	13.8	11	14.9	16.9	22.7	25.2	29.6	29.4	26.1	21.9	15.7	16.2	48.9	53.6	120.5	20.2	6.4	19.6	0	1.3	18.8	59.3	54.6	76.7
203	13.2	12.7	14	16	21.9	25.6	27.1	31.5	26.7	22.6	17.1	15.7	108.5	111.8	23.8	30.8	32.5	2.6	2.1	2.5	41.6	10.9	71	102.2
204	13.6	16.1	16.5	16	18.7	26.7	31	31.3	27.6	21.5	16	15.5	26	21.4	7.3	57.7	27.9	8.9	0	1.3	7.6	70.9	60.3	9.3
205	13.9	13.9	13.3	16.8	21.2	23.4	30	29.9	28	22.9	17.6	15.4	22.7	18.6	22.2	21.6	6.5	1.9	19.1	1	3.9	100	41.4	71
206	13.8	13.3	16.3	16.9	21.4	26.6	32.3	28.4	26.4	23.5	18	14.1	31	18.8	22	72.5	28	13.8	0	29.5	96.9	89.5	132	56.1
207	13.1	13.1	13.4	17	20.9	28.4	28.5	29.6	25.8	22.3	17	14.5	51.2	28.3	113.6	13.1	5.4	0.7	15.1	8.3	0.2	65.4	83	74.2
208	13	12.5	14.8	15	19.3	24.6	28.2	30.8	26.3	22.5	17.7	14.4	52.7	38.9	21.8	18.3	18.6	2.5	0	0	23.5	68	30.2	49.6
209	12.9	12.7	13.9	17.4	19.1	25.8	28.3	29.8	27.9	22.7	20.8	12	4.3	47.6	22.7	16.6	42	16.2	0.1	14.7	1.5	31.2	32.1	51.7
210	14.2	12.3	14.8	17.1	20.7	28	30.8	32.1	27.7	20.3	17.6	15.1	6	49.9	54.7	37.5	25.6	12	0.9	0.2	38.9	58.1	56	104.5
211	13.4	14.1	15.1	17.4	23.5	26.7	31.6	30.6	27.2	22.3	16.6	14.5	31	38.6	19.4	40.2	26.7	3.7	3.7	7.3	47.2	39.6	17.8	63.1
212	11.9	15.5	15	16.2	20.7	26.5	28.3	30.2	27.1	22.8	18.1	15.8	30.9	38.1	9.1	18	1.7	29.9	1	13.5	10.4	140.8	64.9	129.6
213	12.7	16.2	14.7	17.6	20	26.6	29.8	29.1	26	22.9	17.9	15.3	45.4	20.7	58.4	66.4	11.6	20.4	0.1	5.1	2.7	97.2	87.9	113.5
214	13.8	11.7	13.9	17.5	20.2	27.1	25.9	31.7	26.9	22.9	17.8	13.5	57.8	55.4	68.9	25.4	2.8	15.5	7.8	0	3.2	34.3	44.3	98.1
215	12.5	12.5	16.2	16.7	19.6	25.9	28.7	31.1	26.8	21.9	18.1	15.5	44.3	29.2	22.5	21.1	43.7	9.9	8.4	0.2	2.8	60.1	112.1	59.5
216	14.6	12.5	13.8	18.2	21.6	27.2	28.7	30.6	28.2	23.1	19	16.3	28.8	53.2	21.7	20.1	2.1	2	0.3	10.1	37.6	54.5	17.7	42.8
217	13	10.9	12.9	15.3	21.1	26.2	29.6	30.2	26.2	23.1	16.8	14.4	90.2	13.6	64.5	31.5	9.3	0.2	6.6	5.5	11.3	99.9	93	97.6
218	13.9	12.9	15	16.7	22.1	24.2	26.1	29.9	28.4	22.8	16.6	13.4	14.3	38.3	36.9	24	0.9	12.6	1.5	0.4	24.8	95.9	280.9	30.8
219	16	14.6	15.2	17.6	21.7	27.1	30.9	29.1	27.3	20.8	17.1	15.2	87.2	31.5	8.3	11.2	18.8	11.4	0.9	5	87.7	31.2	11.9	71.5
220	14.2	11.3	14.7	17.4	19.7	27.1	27.3	29.4	25.9	20.2	18	14.9	75.1	117.6	32.7	69.2	62.5	59.2	59.1	22.6	48.3	79.7	51.3	82.4
221	11.6	14	15.1	15.8	21	26.3	26.7	31.3	26.6	22.4	16.5	14.2	28.7	42.7	84.4	23.9	52.6	15.9	3.5	2.1	28.1	92.7	113.8	133.9
222	15	15.3	14.2	17	21.4	26.4	30.2	29.3	26.1	22.6	15.5	14	14.6	64.9	26.2	40.3	19.6	0.4	7.6	38.8	95.1	65.8	265.2	46.6
223	15.3	11.4	14.5	19.2	20.9	24.7	31.5	31.2	25	23.1	18.5	14.6	65.4	197.7	12.9	34.8	25.4	53.1	0.1	3.8	8.4	52	43.4	64.3
224	12.9	13.4	13.8	17.9	21.3	27.6	29	30.5	27.7	24.4	17.1	15.6	25.6	48.3	35.2	13.4	24.8	6.4	1.9	10.5	22.8	47.9	137.9	44.9
225	14.1	14.4	14.4	18	21.9	25.3	29.5	31.9	26	21.6	18.4	15.3	9.8	46.8	15.8	10.8	23.1	11.2	0	31.5	31.4	14	103.1	37.5
226	13.8	13	13.3	17	21.4	25.1	31.4	29.1	26.8	22	18.7	13.6	8.5	26.9	77.8	14.3	90	2.3	0	2.3	14.1	72	64.7	134.3
227	14.5	11.6	13.9	18.8	20.3	27.1	28.2	30.4	26.2	21.9	16.8	12.9	74.6	5.9	10.4	6.2	8.5	51.3	1.1	1.7	22.1	28.1	149.7	162.2
228	12.9	16.5	13.5	16.7	20	26.1	27.9	30.4	26.7	22.3	19	12.9	89.5	8.4	40	97.9	6.1	3.6	0.9	0	28.1	57	191.3	66.5
229	14.3	12.7	13	17.9	23.2	25.2	28.9	30.6	26.9	21.9	17.1	14.9	59.5	39	5	32.6	51.6	6.6	2.3	8.8	14.1	2.7	75.9	37.8
230	15.1	15.5	16.6	16.4	21.2	25	30.5	31.2	27.2	23.2	18.8	14.8	23.6	19.5	42.2	46.3	10.8	1.4	0	0	3.8	90.3	125.7	36.5
231	14.8	14.2	14.9	17.5	20.3	26.2	28.6	30.1	27.1	22.8	17.4	13.7	14.9	11.8	35.2	23.4	41.5	0.5	1.1	2.4	33.9	22.4	58.8	28.6
232	12.8	11.9	14.7	17.2	23.4	26.2	27.6	29.8	26.7	23	16.8	14.6	17.7	16.5	164.3	8.6	58	14.5	1.9	0.1	13.8	25.3	24.6	78.9
233	13.4	14.4	12.5	17.5	19.5	26	28.4	29.7	25.9	23.6	19.3	15.4	39.2	28.2	64	42.7	95.4	5.1	1.6	5.6	15.7	203.4	137.3	40.7
234	13.9	14.3	12.8	17.6	22	26	28.5	29.2	29	23	17.2	13	142.6	13.5	9.1	26.2	32.1	11.5	0.4	0.3	7.3	11.8	81.5	21.7
235	10.8	13	14.7	16.9	21.5	27	29.5	29.8	25.4	21	19	16.2	54.5	49.8	31.8	39.5	18.4	6.9	0.3	0.4	21.2	26.4	19.2	54.2
236	13.7	12.5	14.4	16.1	22.8	25.3	29.9	30.8	25.7	21.4	19.1	14.1	71.4	10	26.2	10	4.3	1.6	0.3	0.3	5.2	12.4	70.4	62
237	12	14.1	13.7	16.4	20	25.9	28.6	30.4	26.3	20.2	17.8	15.1	22	10.2	62.1	34.8	40.2	46.9	0	26.8	52.3	22.1	98	63.7
238	14.2	13.5	13.3	16.8	21.1	28.7	30.7	30.4	28.3	22.7	18	14.6	46.1	20	23.9	18.8	10.9	3.9	0.3	0.5	67.6	196.9	139.8	66.9
239	14.8	13.1	14	18.6	21.2	26.9	28.7	27.9	26.6	22.3	17.6	15.5	58.8	115.8	3.8	45.5	3.8	19.1	5.4	11.3	38.3	29.7	238.3	64.6
240	14	13.1	14.6	16.3	21	25.9	29.4	33.1	26.4	24.7	17.5	15.6	60.1	29.3	66.8	38.3	18.4	2.2	7.2	0.2	52.9	41.7	92.2	95
241	12.1	14.5	14.6	16.3	21	25.6	28.6	29.1	28.8	21.6	17.1	15.1	47.5	23.8	5.8	82.1	37.9	20.9	18.2	3	12.8	7.6	40.3	65.6
242	12.3	13.6	16	17.6	18.3	26.1	30.9	31.6	26	21.9	18.1	13.7	58.4	21.2	16.9	57.8	19	3.6	27.9	0.4	1.8	105	15.7	29.6
243	12	16.6	14.9	17.7	21.7	24.9	29.1	29.3	24.7	22.9	18	13.6	70.2	55	101.4	36	8.1	1.9	0.2	0.5	6	57.2	143.4	90.3
244	11.5	15.6	14.3	17.7	20.8	29.2	29.6	30.4	27.1	22.8	19.4	14.1	15.4	17.9	114.1	47.2	33.4	6.3	0	0.5	14.7	19.7	68	157.4
245	13.5	15	13.4	17.3	24.3	26	31.2	30.8	27.3	22.3	18.1	15.4	29	7.3	7.1	30.3	0.6	7	10.8	2.3	1.8	105.2	16.5	104.4
246	13.6	13.4	15.4	17	20.2	27	28	29.2	24.5	22	15.1	14.8	77.6	83.3	48.1	27.7	20.1	13.1	0.5	8.3	37.4	207	51.3	79.3
247	15.8	13.1	15.6	18.4	20.1	26.3	29.7	30.5	28.5	21.6	16.9	15.3	99	195.8	36.4	12.8	36.5	6.2	0	0	6.7	60	29.3	17.6
248	12.2	13.9	16.1	18	20.3	25.4	31.6	30.3	25.8	22.5	18.1	15.7	12.9	13.5	10.9	39.4	76.8	2.9	0	0.9	83.6	169.2	126.7	95.1
249	13	14.4	14.9	16.6	19.5	25.4	29.3	28.8	29.1	23	17.2	13.7	54	20.4	56.3	59.2	13.5	9.7	0	4.8	20.7	49.8	34	35.4
250	13.2	12.1	13.5	17.6	24	25	28.9	29.2	27.5	22.1	18.6	13.3	40.7	37.7	32.7	31.9	4.1	24.4	3.5	18.2	31.1	287.2	71.2	19.6
251	12	13.3	12.7	15.8	20.7	27.2	27.5	28.9	26.9	21.3	17.2	14.6	49.3	28.5	29	29.8	61	0	8.9	1.9	3.5	68	31.5	20.3
252	13.8	13.4	14.2	17.7	20.5	26.8	27.8	30.2	27.4	22.4	18.6	14.7	27.9	37.3	52.1	25.1	2.5	8	12.7	0.1	8.9	28.1	42.8	71.1
253	12.5	10	14.2	17.1	20.9	26.5	27.3	29	27.1	22.7	18.3	13.6	8.8	37.2	110.4	20.8	33.9	1.1	13.2	0.6	157.1	63.8	158	60.6
254	15	12.8	13.5	17.2	22.1	24	30.7	32	26.9	22.3	16.9	14.7	73	27.6	77.8	21.4	130.8	41.1	0	5.4	2.3	46.4	86.3	131.5
255	11.9	14.1	13.8	16.2	20.8	23.2	28.9	30.5	26.5	22.5	17.1	11.7	19.2	12.5	9	24.4	20.6	3.1	11.7	8.3	123.7	125.8	27.6	51.5
256	12.6	11.5	14	18.2	20.8	26.4	28.3	29.9	24.8	21.8	18.7	14.7	55	45.9	121.1	41.5	34.7	24.4	5.4	0	41.3	43.7	226.7	125.8
257	13.2	10.6	14.2	19	21.8	24.7	30.2	29.4	27.4	20.3	14.9	13.9	76.7	183.5	39.6	31.2	134.9	12.9	2.6	0.1	29.5	88.9	91.5	60.7
258	12.8	14.6	15.2	15.2	20.4	25.2	29.4	31.6	26.8	22.6	15.9	14.3	41.5	57.3	63.5	24.7	13.7	3	38.2	1.4	12.2	110.3	177.1	50.9
259	12.9	11.9	14.7	17.2	21.4	26.8	29.5	30.1	26.9	20.9	18.6	14.9	3.8	4.3	9	76.9	4	26.9	1.8	1.4	7.8	46.2	18.7	32.1
260	13	15	13.5	15.6	20.4	27.6	25.7	28.7	26.5	22.6	16.9	11.6	14.1	37.4	34.4	43.4	33.3	30.9	4.5	0.7	4.3	41.4	97.7	34.9
261	13.8	14.6	15.6	16	20.3	27.7	30.6	29.1	26.3	22.2	17.1	16.3	27.5	54	10.4	12.8	51.9	0.2	0	100.8	148	142.7	27.8	107.5
262	15.7	11.5	16.7	17.3	21.5	26.1	30	28.1	27.1	23.7	19.8	12.9	105.5	71.5	16.8	69.8	39.6	1	5.2	23.3	32.1	86.1	34	40.5
263	13.2	13.9	13.6	15.8	19.7	23.7	28.9	29.4	26.7	23.6	16.6	14.2	6.5	17.6	2.6	53.8	45.9	16.8	6.4	0	93.7	9.9	11	90.9
264	13.8	16.9	16.3	18.7	21.8	28.7	27.5	29.1	25.8	23.5	18.9	14.8	92.4	18.3	22.7	17.8	23.6	0.5	0	9.7	55.6	8.1	90.2	30.3
265	15	12.8	13.8	16.6	20.6	28	30.4	31.6	27.5	22.5	17.7	14.8	63	39.5	69.2	44.1	58.4	10	0.1	61.2	49.5	36.8	7.5	93
266	13.1	11.4	13.9	17	20	25.7	30.9	30.4	25.4	23.7	18.6	14.5	37.9	39.3	87	111.2	15.5	9.3	1.2	2.9	61.8	48.8	46.7	128.5
267	13.5	12.6	14.7	16.6	19.4	24.8	28.3	29.4	25.7	22.1	18.3	12.1	90.6	19.4	70.7	52.9	40.4	11.6	3.1	36.6	5.6	22.2	167.4	19.2
268	15.5	13	15.5	17.7	21.2	24.1	26.9	26.9	26.8	23.7	19.4	13.9	48.8	107.2	8.8	25.8	57	23.9	13.9	29.7	55.9	44.8	106.8	76.5
269	14.1	11.5	15.7	16.6	20.4	25.2	29	30.1	26.6	23.4	17	14.8	38.9	6.2	31.1	51.5	7	53	0.7	2.6	173.2	31.7	8.7	47.8
270	14.5	12.6	12	16.3	20	23.1	30.4	30	27.8	21.7	17.5	14.5	15.8	73.3	70.6	14.3	21.9	14	1.8	0	20.5	77.9	193.2	81.4
271	16.2	13.1	14.1	16	21.5	25.2	27.4	30.3	26.8	23.9	17.6	14.4	16.4	37.1	21.9	19	15.4	4.5	0.1	9.4	16.2	50	49.8	36.5
272	10.5	14.8	15.4	18.3	19.6	26.3	30.7	27.7	25.5	21	17.8	16.5	11.1	100.4	27.4	7	14.1	18.9	0	33.1	62.4	13.4	48.6	21.9
273	13.8	11.5	17.3	17.1	20	27.6	33.1	30.8	27.2	20.2	17.4	14	38.9	44.7	19.6	45.4	67.2	2.2	0	0.8	47.6	138.9	58.7	91.1
274	14.6	16.6	12.4	16.6	21.2	27.1	29.3	31.3	27.4	20.5	18.4	15.4	115.6	5.3	6.6	10.6	48.4	7.2	0.1	3.8	95.4	60.7	76.8	42.1
275	14	12.4	15.8	18.2	22.8	26.2	29.3	29.7	26.1	23.4	15.5	11.9	26.7	68.2	0.8	26.7	7.3	17.2	4.5	6.3	108.8	68	113.2	82.8
276	13.5	12	15	16.9	23.8	27.3	30.6	30.3	26.9	22.5	16.4	14.4	33.3	57.2	97	23.3	0.6	26.9	0.2	4.4	12.9	18.9	54.9	114.9
277	12.5	12.8	11.9	16.1	22.1	23.7	27.8	27.7	27.4	20.9	17.2	13.2	6.2	50.5	129.8	33.6	70.5	37.6	0.2	10.2	0.2	66.1	138.9	81.2
278	12.9	15	14.1	17.6	20	26.2	30.7	30.5	26.6	22.3	18.9	14	6.4	13.9	21.8	34.1	49.4	8.8	1.6	6.1	46	201	79	72.9
279	15.2	12.9	13.9	17.2	21.3	26	28.5	29.7	28.1	24	17.8	13.7	47.4	98.8	15.2	47	23	13.1	3.5	60.7	9	78.9	31.2	156.3
280	11.5	13	14.9	17.5	22.7	24.8	29.9	30.1	26.3	21.6	18.1	14.7	58.3	9.5	58.2	33.3	18.7	46.7	2.9	1.3	2.1	92	155	25.6
281	13.9	12.2	14.1	15.9	23	26.9	31.2	30.6	27.2	20.9	16.8	16.6	72.6	91.9	23.5	15.6	26.5	22.8	4.6	0	0.4	42.1	21.3	48.5
282	13.4	15.1	15.5	17.8	22.8	26.8	31.2	30.6	25.8	22.1	18.4	14.9	58.7	61.8	39.7	32.8	22.5	16	0.2	15.7	106.9	84.5	134.7	97
283	12.1	15.2	15.7	17.6	21.1	27	28.7	29.5	25.8	24.7	18.1	12.6	52.6	90.5	131.4	101	14	19.7	0.2	21.6	9.1	35	60.1	30.2
284	12.9	15.5	15.4	17	22.3	27	30.6	29.5	26.2	24.3	15.4	14.3	35.3	28	83	24.5	32	1.7	0	0	67.1	78.3	71.1	59.6
285	13.9	8.5	14.6	18.1	18.8	25.7	27.8	28.9	26.5	20.3	16.3	14.8	36.5	23	56.6	81.7	47	11.4	0.4	0	64	63.6	24.1	59.4
286	12.5	10.9	14.5	16.3	23	27.8	28.3	29.8	25.7	20.3	17.6	15.6	18.5	48.6	41.7	124.6	22.2	7.6	0.3	9.8	42	311.2	120.6	159.5
287	13.4	14	14	17.9	20.8	26	27.1	30.7	26.6	21.8	19.1	13.4	26.6	17.6	140.7	31.3	85.3	0.9	15.6	0.4	2.2	191.1	47	62
288	13.7	12	13.6	16.6	22.6	25.9	29.6	29.7	25.3	21	20.6	15.3	37.2	73.8	15.8	25	17.1	10	1.6	1.7	97.2	40.3	13.7	34.7
289	12.2	14	16.4	16.8	19.7	26.9	31.6	27.6	25.7	22.2	17.2	14	16.7	56	80.5	42.7	2.6	7.2	0	58.8	4.7	6.7	126.1	51.8
290	12.8	14.6	14.7	15.9	20.3	27.8	29.5	27.7	27	23.8	18.5	15.4	27.2	23.7	8.2	29.8	47.4	48	2.8	29.9	11.3	61.9	22.3	152.8
291	13.7	12.2	14.7	15.8	20.8	25.6	28.1	29.7	25.9	22.4	18.1	16.2	35.1	28.6	83	25.2	10.6	4.9	4.8	13.7	76.3	27.3	56.7	30.6
292	14.3	15.6	15.5	18.4	20.6	25.9	28.7	32.2	27.4	21.8	18.3	14.6	126.6	60.8	42.5	29.6	19.9	2.3	0.2	0	5.3	180.6	55.9	61.8
293	13.4	14.4	16.3	16.3	21.5	25.7	32.4	31.2	27.9	22.6	19.3	13.1	30.4	75.9	80.5	45.8	42.4	43.3	0	0	37.4	44.4	34.7	44.3
294	14.8	13.5	14.2	17.2	21.9	26.5	29.1	28.7	26.7	21	19.1	14.7	98	60.4	36.4	12	3.4	10.7	0	1.9	0.6	46.6	76.1	154.8
295	13.7	12.6	15.7	18.2	18.7	26.7	24.1	30.6	26.4	22.6	17.5	14	300.4	34.8	36.1	19	63	3.1	32.6	2.6	25.3	55.9	355.1	87.2
296	12.8	14.4	15.6	17.5	22.3	25.5	30.7	30.6	25.7	21.8	17.7	15.5	64.1	58.2	59.5	30	24	2.4	6.3	0.1	57.1	76.3	36	17.9
297	14.5	15.2	14.5	16.3	24.2	26	29.2	31.9	26.2	22.7	16.2	14.6	47.9	52.6	58.9	35.7	0.4	2.3	8.2	0.1	18.8	105.2	16	120.8
298	13.1	14.1	14.5	17.3	20.4	25.8	26.4	29.6	27.2	23.1	18.7	15	17.4	127.3	7.1	37.9	4.8	17.8	0.9	8.9	22.3	6.4	113.5	34.6
299	13.6	12.6	13.2	16.8	22.5	25.7	30.1	29.5	28	22.8	16.2	13.8	15.6	92.3	29.2	58.2	19.4	11.5	0.1	8.2	6.1	52.8	135.5	76.5
300	12.5	12.7	13.5	16.6	21.2	26.4	29.5	29.3	28.3	24	16.1	13.5	93.9	28.9	116.8	21.1	4	1.9	0	15.3	29.4	60.5	53.8	131.9
301	13.3	10.6	15	17	21.2	27.9	31.1	30.7	26	23.3	17.1	13.4	52.6	76.2	25.5	35.5	6.6	50.7	1.8	2.3	103	88.9	70.5	43.4
302	13.8	14.3	14.8	17.2	22.4	26.5	30.5	30.7	27.4	23.2	19.1	15.4	15	39	2.9	35.8	23.6	33.1	3.1	8.7	8.9	87	94.7	111.7
303	12.6	15.6	15.4	17.6	21.5	23.8	28.7	29.6	27.2	24.1	17.3	15.8	11.9	76.6	36.3	1.8	5.7	5.8	3	1	18.2	68.1	87.8	89
304	16.1	14	14.3	17.2	22	27	27.7	29.8	27	22.6	18.1	15.1	32.7	59.8	85	40.9	5.4	9.2	33.2	2.2	115.1	110.1	94	81.9
305	13.5	13.3	13.4	17.2	21.6	27.5	28	27.5	26.8	21.2	17.5	16.1	8.6	28.3	31.7	61.1	65.3	42.7	0.2	9.6	30.3	12.5	151	21.6
306	13.7	15.1	14.4	18.3	22.5	25	29.7	29.7	26.4	22.8	16.4	14.9	73.7	42.4	8.8	9.8	42	21.6	1.9	13.9	2.7	95.4	110.4	90.5
307	12.8	13.4	14.6	18.4	21.2	28.4	28.3	28.6	25.6	21.3	20.1	12.6	10.3	111.1	9.8	39.9	56.9	20.4	1.9	1.9	2.3	13.5	205.5	76.9
308	12.6	12.8	13.9	16.8	22.4	27.4	30.4	30.2	27.7	22.4	17.7	13.3	135.7	21.3	11	57.9	26.1	9.7	9.7	16.9	34.4	38.5	58.4	78.1
309	13.2	12.7	14.6	16.7	21.6	25.3	31	29.9	27.7	23.1	16.3	13.3	14.1	13.1	23.7	42.2	14.7	10	0.1	1.7	92.5	79.6	27.1	143.9
310	13	13.2	15.5	16.7	22.2	27.5	31.4	30.5	25.4	22.5	18.6	13.6	43.7	37.3	59.4	147.8	20.8	1.5	0	0.3	35.2	24.4	31.4	49.4
311	12.5	13.4	13.5	16.7	22.2	24.8	28	29.1	25.8	22.5	19.5	14.6	26.3	71.2	25.9	95.8	36.1	20	8.8	4.1	114.5	100.5	154.7	23.9
312	12.9	13.3	13.5	17.4	20.2	26.3	28.5	30.5	25.6	24.1	18.8	14.3	52.4	159.4	30.6	45.1	6.1	4.1	9	2.4	9.8	27.4	72.9	80.1
313	12.2	11.2	12.9	17.4	20.7	27.9	29.2	30.3	24.8	24	19.1	15	1.6	31.2	14.2	90.4	91.4	14.2	0.1	2.3	36.7	14.5	72	44.4
314	14.1	16.2	14	17.1	21.7	24.8	29.1	29.4	26.8	21.1	16.7	13.7	113.8	5.9	48.5	8.7	17.7	6.6	4.5	30.1	40.2	37.3	62.3	37.3
315	12.8	13.7	14.4	17.1	20.1	26.1	32	30.1	28	22.3	17.9	12.6	4.8	120.2	2.7	10	43.6	0.8	0	0.5	34	24.9	36.9	68
316	12.8	13.8	15.2	16.1	22.4	25.9	30.1	31.9	29.2	22.6	17.6	12.9	38	28	10.9	30.1	66.6	2.8	8.6	0.1	1.9	174.9	28.8	51.7
317	13.1	10.7	15.6	16.8	21	27.2	27.7	30	25.3	22.4	15.7	15.2	133.7	37.4	41.1	26.2	2	2.4	17.2	2.5	16.9	18.7	137.8	158.3
318	12.7	12.8	13.3	16.9	21.4	25.7	30.1	31	24.9	21.1	16.5	14.8	15	68.3	84.6	16.8	20.5	3.3	0	1.5	8.2	20	110.4	104.3
319	12.4	13.5	14.3	18.2	21.9	24.3	27.4	29.2	28.3	21	18.9	14.6	24.5	60.5	62.9	15.6	32.4	17.8	20.5	10.7	33.5	161.5	48.1	34.1
320	15.5	15.6	15.3	16.1	23	25.6	30.3	31.1	26.8	23.7	16.9	15.4	40.3	220.4	42.5	16.4	8.9	0.3	0.1	2.5	3.1	8	26.8	42
321	15	13	14.7	16.6	22.9	25.9	28	28.3	25.1	23.4	16.2	14.6	121.7	23.7	38.2	32.3	0.4	11.9	2.7	0.2	17.5	73.9	48.2	159.3
322	14.5	14.4	13.7	17.3	20.7	26	32.2	29.1	27.2	23.7	19.3	14.7	67.7	62.6	37.4	13.7	94.2	12	0	19.4	9.7	85.7	37.5	49.8
323	13.2	13.5	13.5	16.7	21.4	27.2	29.9	31.2	27.7	22.2	17.9	15.1	29.9	25.3	46.1	23.3	41.2	3.5	0.2	2	17.1	18.1	114.8	117.6
324	13.9	13.9	14.8	17.5	20.3	26.7	29.8	28.8	26.2	20.5	16.2	13.4	64.4	82	7.5	60.9	49.1	10	0.4	11.9	7.4	64.3	78.5	26.5
325	14	13.3	15.7	16.6	19.2	26	31	33	26.5	23.6	18.1	14.6	71.2	65.9	61.5	17.8	36.4	90	0	1.1	0.1	29.9	69.1	201.3
326	13.8	16.1	15.1	15.4	19.5	26.5	29.9	29.6	26.9	22.1	17.9	12.5	72	64.5	14.5	29.7	85.3	31.7	0	0.3	20.9	92.4	40.2	19.7
327	13	13.3	14.4	16.8	21.7	26.2	30.2	28.9	25.5	23.6	18.9	16.5	73.3	68.8	8.6	53.5	0.7	32.3	14.3	20.6	18.3	82	132.3	62.5
328	11.7	14.9	15.4	15.6	23	27.1	29.2	31.7	26.9	22.8	17	12.8	38.3	49.1	27.3	42.9	2.8	10	0	0	69.9	66.2	107.9	48.8
329	13.6	12.6	14.4	18	22.7	24.2	29.8	30	26.7	21.7	17.1	15	22.7	44.6	87.7	13.9	19.9	29.8	0	2.2	4.9	94.1	229.8	64
330	14.7	11.7	15	19.2	21.9	24.5	30.1	31.2	25.4	22.3	19	15.4	23.7	88.9	26.4	20.7	102.9	26.4	1	2.4	8	49.8	16.7	175.1
331	14.5	13.7	13	17	22	24.2	28.6	29.5	28	19.7	17.4	13.2	9.7	35.7	106.8	27.8	8.9	11.8	7.4	8.2	96.7	21.9	68.1	147.3
332	14.3	13.5	15.7	17.9	20.2	27.3	29.4	31.3	27.1	22.3	18.2	13.2	7	49.1	42.8	26.2	32.2	2.5	12.6	0.2	50.3	203.6	33.2	47.1
333	14.5	14.8	14.9	16.2	21.3	25.1	31.1	29.8	25.6	22.4	18.7	13.7	21.9	61.5	44.5	18.1	17.5	14	0.8	0.2	43.1	23.5	80.9	94.9
334	13.4	13.5	13.2	15.9	21.7	25.2	28.6	28.9	28	21.6	18.6	15.1	12.3	38.8	10.2	48.3	43.1	9.6	2.8	0.7	10.5	20.1	22.2	97.3
335	11.9	13.1	11.6	15.9	21.3	25.2	27.3	30.1	26.1	22.2	17.7	14.9	32.1	74.7	70	58.1	3.1	11.4	5.9	0.5	17.1	58.9	50.9	112.2
336	12.3	12.1	14.8	17.1	21	23.2	30.9	29.4	26.1	21.3	17.3	13.4	24.1	25.7	1	30.8	70.1	56	5.8	5.2	8.1	167.6	122.4	50.4
337	13.2	15.5	13.6	15.6	19.1	25.5	29.1	31.5	27.2	22.9	19.1	15.3	10.6	8.1	57.7	25.7	47.3	3.8	0.2	3	11.3	137	100.9	145.7
338	12.1	14.9	13.6	15.7	19.6	25.7	27.5	27.9	24.9	22	19.2	14.5	47.3	27.5	58	26.2	3.9	39.3	1.6	0.1	16.8	106.9	84.5	46.3
339	16	13.5	15.6	18.5	21.5	27.2	28.8	31.1	26.4	21.3	15.7	16.1	15.1	38	47.9	32.2	62.4	0.4	14.2	1.5	31.3	1.3	268.1	110.2
340	14.7	13.3	13.6	16.2	20.3	25.8	29.4	29.7	26.4	22.4	17.4	12.5	12.9	36.7	1.4	17.6	14.6	29.3	0.2	16.4	8.8	101	111.8	35
341	13.3	11.7	15.6	16.6	21.2	28	29	30.4	27.9	20.1	16.7	15.3	51.5	22.2	7.9	27.5	32.4	2.8	24.1	4.5	0.2	57.4	11.1	43.1
342	11.9	13.8	15.2	18.7	21.3	25.1	29.4	30.4	29.2	22.8	17.6	15.2	8.5	107.1	42.2	16.1	27.6	10.8	4.2	30.1	22.8	98.8	96.2	107.4
343	14.5	11.4	12.6	16.1	21.1	25.7	28	30.9	29.2	22.5	17.1	13.4	23.9	31.4	24.3	59	6.5	3.4	2.4	11.8	0.5	28.6	102.1	9.4
344	13.1	15.2	14.2	16.6	19.1	26.7	26.2	30.4	25.7	22.7	19.3	14.8	32.8	4.8	13.1	10	7.9	19.4	38.8	3.5	168.4	132.8	37	89.8
345	14	12.4	14	17.9	20.4	26	28.7	30.2	26.9	22.1	18.1	14.5	4.9	15.5	27.5	34.3	0.1	10.4	2.4	38.3	22.6	31.4	204.6	30.5
346	13.4	13.7	14.2	17	21.1	26.4	28	31	26.9	20	18.1	12.8	139.1	37	107.8	26.3	6.7	128.5	12.6	0	5.2	83.2	3.6	6.8
347	13.9	13.9	14.8	16	20.8	24.9	30.2	30.6	26.6	22.4	16.9	16.4	39.4	119.8	48.8	42.7	52.9	17.3	0	0.5	51.1	36.1	27.9	57.6
348	15.7	12.2	14.3	17.6	22.1	28.4	31	29.1	26.4	23	17.4	17.1	47.7	48.5	42	21.9	7.8	22.6	0	1.4	14	13.4	13.5	49.2
349	13.1	10.3	13.9	17.1	22.5	27.3	30.9	31.2	27.1	20.5	18.1	15.4	26.2	147	47.2	24.2	23.6	2	6.6	0	42.5	80.7	37.1	55.1
350	13.5	13.3	14.1	17.3	23.1	27.4	29.8	30.2	27.4	21.9	16.7	15	65.1	5	35.6	63.4	30.7	3.7	0.3	0.1	32.5	62.1	89.4	115.8
351	16.5	14.8	16	17.4	20.4	25.1	29.9	29.5	26.3	24.4	16.5	15.8	18.9	23.6	52	42.9	24.5	3.9	0.4	0.5	15.8	108	5.8	170.3
352	12.6	13.9	14.9	16.1	20.4	24.9	29.1	29.7	27.1	20.4	18.4	15	40.1	52.7	35.8	13.2	10.4	0.1	7.2	3.3	10.5	89.5	27.4	138.9
353	13.6	11.8	13.3	17.3	20.8	25.3	27.6	30.3	25.6	24.1	18.9	16	28.3	16.4	30.6	38.6	19.6	4.2	3.9	6.2	83	17.6	46.3	135.1
354	14.6	13.9	16.3	15.7	22.3	25.9	31.1	29	26.6	20.8	16.9	15.2	15.2	34.6	18.6	48.5	4.4	7.8	0.1	2	41.3	128.5	63.6	218.4
355	13.7	15	15	16.1	21.5	26.1	29.2	30.8	25.8	22.3	16.4	11.3	74.9	46.1	5.1	71.5	47.1	35.2	1.1	70.5	10.8	18.2	80.9	29.4
356	14.4	14	15.3	16.1	22	27.9	30.2	30.2	24.7	21.4	19	14.3	82.8	8.4	22.2	15.8	9.3	6	0.3	0	54.1	49.9	67.6	138.5
357	14.4	15	15.1	16.8	23.8	30.3	30.2	28.8	25.8	24.4	16.9	13.5	66.2	15	59.3	19	5.7	0.3	3	47.2	48.4	21.8	55.6	8.2
358	15.6	11.2	14.5	15.9	22	27.8	28.5	28.8	26.7	25.2	17.8	15.9	139.5	17.5	52.2	35.2	21.1	1.2	3.5	8.4	16.5	10.7	108.7	106.2
359	13.2	12.4	13	16.9	20.8	25	29.9	29.2	26	21.3	18.1	15	55.4	67.2	33.4	21.2	14.4	0	0.1	2.3	3	45.5	38.7	29.3
360	12.6	14.3	15.4	16	20.3	23.2	31.4	29	26.3	21.3	17.7	16.2	96.1	58.4	19	28.9	9	3.6	0.3	17.7	34.4	100.6	18	168.9
361	13.3	11.9	14.3	15.2	20.6	23.8	27.1	29.8	26.8	21.3	17.5	16.6	22.8	35.5	106.9	14	1.9	6.1	27.6	1.3	49.3	27.7	39.4	186.4
362	12.8	14.2	16.2	16.3	20.8	25.6	31.4	29.8	29	23.7	17.3	15.3	17.6	10.4	73.6	58.6	13.4	32.1	0.7	17.1	4.1	15	72.9	60
363	11.9	13.5	16	16	20.5	22.9	27.5	30.6	27.3	22.1	16.3	14.3	5.6	80.9	37.6	46.2	4.4	52.6	1.6	0	54.4	77.4	69.7	33.5
364	15.7	12.7	15.5	16.6	20.5	25.3	29.4	29.4	26	24.3	16.7	17.5	69	11.7	38.2	30.9	3.5	22.8	15.5	49	12.6	17.4	143.3	61.8
365	14	14.6	16.3	17.4	23.5	27.6	29.3	32.1	25.5	21.2	16.8	13.5	61.9	25.3	35.7	74.6	54.8	11.1	0	1.9	2.4	124.9	53.6	37.9
366	12.3	13.4	14.9	17.8	22.6	22.7	30.5	31.6	26.2	21.4	18.7	15.1	5.2	10.9	3.3	33.1	15.4	23.4	0.4	20.6	1.1	11.2	275.2	28.2
367	15.2	11.4	14.8	16.1	19.3	27.3	30.9	30	27.4	21.8	16.1	13.8	15.8	64.8	51.1	50.2	25	12.3	0.1	8.6	6.3	77.2	77.9	62.9
368	12.7	14.5	14.6	17.3	21.3	27.3	28.9	32.2	27.3	22.8	16.6	14.2	2.4	4.1	76.9	7.4	17.1	1.2	20.2	1.4	86.2	30.8	111.7	72.8
369	11.9	12.2	13.9	16.8	19.3	23.8	28.8	29.7	25.8	22.4	17.6	13.6	18.3	38.8	27.9	58.5	31	20.8	4.7	2.3	2.9	77.6	188.9	120.9
370	14.9	12.3	13.5	17.7	19.2	27.2	26.7	32.7	26.7	23.7	19.2	13.5	27.1	35.7	5.9	15.2	21.4	43.1	1.6	0	53.2	28.6	31.8	148.2
371	12.3	10.4	12.8	16.6	24.4	27.1	28.5	30.7	27.5	23.1	17.5	14.1	128.6	27	67.7	61.9	1.5	3.5	23.7	21.3	5.1	12.6	64.5	53.7
372	12.5	15.3	14.8	17.3	21.4	26.5	31.2	29	27.4	22.7	17.6	15.3	63.8	62	74.1	53.4	34	19.3	0.4	1.9	30.8	94.3	55.7	35.5
373	12	11.2	15.1	17.7	21	26	29.9	30.5	26.7	23.2	17.9	15.1	41.8	71.4	31.9	11.3	16.3	16.9	0.5	0	19.9	199.1	31.2	58.9
374	12.5	14.3	13.2	18	20.9	25.8	29.4	28	28.3	22.1	15.6	15.1	53.2	30.2	36.7	4.7	8.8	0.2	0	33.1	7.1	51.3	132.3	52.5
375	15.3	11.3	15	17.6	22.5	26.6	30.3	29.7	27	21	18	16.1	18.9	38.7	45.8	37.5	0.1	1.1	0.8	4.5	20.4	29.1	91.9	91.8
376	14.5	11.5	15.8	17.1	22.7	27.5	29.3	30.8	26.8	23.6	18.6	16.5	30.2	42.7	56.9	23.4	32	16.2	0	16.1	10.3	8.3	54.8	73.7
377	13.5	17.3	13.9	16.5	23.1	25.3	30.8	30.9	28	22.8	16.4	16	4.6	57.3	74	27.6	18.7	34.8	0	5.5	4.2	39	39.7	96.8
378	15.2	14.3	13.1	19.1	20.1	26.7	27.3	30.5	28.5	23.8	19.5	15.1	22	62.8	41.5	33.4	17.5	3.4	2.9	5	6.8	54	86.9	40.5
379	13	13.4	15.1	16.6	23.6	24.9	27.5	30.5	25.2	20.6	17.8	14.2	87.6	43.6	59.1	9.3	27.1	10.7	0.7	2.2	47.1	10.8	56.5	22.6
380	13.6	12.3	14.4	15.8	20.8	28	26.1	29	26.6	19.7	18	15.2	24.7	43.9	20.6	58.9	42.1	0.3	4.7	5.4	34.9	196.5	72.3	45.9
381	13.4	12.1	15	17.4	20.8	26.1	31.5	31.8	27.4	22.2	17.9	14.1	215.6	13.2	157.6	74.9	0.9	0.1	0	0	2.6	49.9	45	95.4
382	14	11.4	13.2	17.2	23.3	25.1	29.9	30.4	25.7	21.2	17.1	14.2	45.2	33.7	31.6	14	35.3	4.3	0.6	2.6	0.9	47	124.2	98.9
383	13.2	12.4	13.4	17.4	20.3	26.8	29.7	29.5	28.1	21.3	19.6	16.8	64.1	186.9	63.8	45.4	2	3.7	0.3	36.6	20.5	3.9	24.2	147
384	13.8	15.4	15.1	17.3	20.9	26	30.3	30.3	27.5	23.4	14.1	13.9	55	50.2	52.2	8.3	29.1	23.2	0.2	3.5	39.5	76	124.2	60
385	10.9	13.6	14.9	16.1	19.7	25.3	30.1	31.4	25.5	20.5	18.5	16.2	65.6	64.2	3.2	16.1	50	17.9	3.6	2.1	40.8	7.8	32.4	118.6
386	13.1	12.5	14	17.2	20.7	26.1	29.5	29.7	26.9	19.8	17.7	14.6	9.2	123.9	13.5	54.4	11.9	2.2	2.2	0	182.9	42.4	45.4	69.1
387	11.9	15.6	14.5	17.4	21.8	27.1	27.3	29.6	26.8	23.1	17.2	17.4	11.3	31.5	15.1	57.2	12.9	0.8	2.9	0.4	28.3	43	88.9	51.3
388	13.1	12.3	13.8	15.3	20.9	25.6	29.5	29.5	28.3	23.7	19.4	15.3	25	18.5	41.4	31	22.8	5.8	3.3	0.1	22.4	41.3	73.4	31.6
389	14	10.7	15	16.7	20.2	28.7	28.5	28.6	25.9	22.6	18.2	13.4	100.7	140.7	136.3	10.5	33.3	2.1	1.6	0.8	2.8	112.2	19.6	51.3
390	14.4	13.1	13.9	16.4	19.8	27.4	26.4	30.7	26.9	21.4	18.4	17.3	57.9	20.4	20.8	12.3	23.3	1.5	15.3	21.3	40.6	50.1	77.2	186
391	13.2	13.2	16.6	17.6	20.5	26.7	27.3	31.5	27.3	22.8	17.1	13.2	65.1	44.4	66.1	34.4	46.8	28.9	1	5.3	108.7	62.2	220.9	39.7
392	11.6	13.2	13.4	16.4	20.5	25	31.2	30.8	26.4	21.6	18.3	15.8	114.1	53.6	37.6	59.2	16.4	113.4	8.6	0.1	34.9	115.5	39.7	57.3
393	14.1	13.2	14.2	16	22.5	27.9	30.4	30.7	27.6	22.1	17	12.8	95.3	49.8	18.1	14.8	1.3	24.3	1.5	0.6	33.8	43.7	38.9	47.3
394	13.4	13.5	14.9	17.7	20.1	25.8	27.8	30.4	27.7	23.1	18	13.9	70.5	38.7	31.3	9.7	18.2	3.7	2	0.2	12.2	17.8	106.7	29.5
395	13.4	15.6	14.2	16.1	19.5	25.3	31.3	30.2	26.9	21	17.7	14.1	113	1.8	9.4	14.1	7.4	9.4	1	28.8	11.3	129.8	93.2	77.7
396	13.3	14.4	13.9	17.5	21.4	26.8	30.1	28.4	28.2	22.4	18.4	15.8	95.6	101.9	34.6	42.3	1.3	3.2	0	0.2	29.8	47.4	215	116.8
397	13.1	11.4	15.1	16.1	18.6	25.1	29.4	28.7	26.2	21	19	15.1	57.2	41.8	39.5	39.1	44	7.2	4.5	2.2	8.5	110	71	65.3
398	11.1	13.2	15.1	15.7	22	25.8	30	29.9	26.8	22.8	17.3	14.6	57.3	74.6	41.9	49.7	4.3	12.5	0	0.1	49.6	17	73.5	147.1
399	14.8	11.3	14.4	16.6	21	26.6	30.8	30.5	26.9	22.6	18	14.3	9.5	118.9	11.2	113.7	87.5	7.1	2.3	3.3	1	8.7	19.4	171.8
400	12.1	15.2	13.5	17.8	22	26.9	31.5	27.2	26.9	22.9	18.8	16.4	7.9	27.1	29.6	14.5	0.1	6.8	0.1	14.9	14.9	86.9	33.5	108.4
401	13.3	14.5	16.4	16.4	22	27.8	28.9	31.2	26.6	20.1	17.7	16.4	33.5	42.3	61.3	93.2	18	21.4	0.1	25.6	1.1	10.8	9.4	69.7
402	14	14.2	13.8	17.7	19.4	25.9	29.6	29.5	28.1	24.1	18.2	14.7	72.4	67	1.4	43.6	12.9	31.2	19.2	4.3	106.7	112	94.9	71.1
403	14.7	13.3	14	17.6	20.5	27.3	32.2	29.4	27.4	24.7	18.2	14.8	21.5	34.6	24.3	28.5	41.3	1.6	0	0	11	31.1	53	50.1
404	14	13.6	15.6	17.2	21.5	24.5	31.2	30	28.2	23.6	17.1	16.1	52.1	73.2	61.8	38.9	7.1	13.6	8.7	14.3	41.8	4.2	168.7	70
405	14.3	12.6	14.4	17.1	22	27.2	30.6	31.7	26.8	22.3	20.1	16.1	49.3	18.2	10.4	28.9	22.2	25.4	4.6	5.5	92.9	93.1	28	60.5
406	16	14.9	13.7	16.9	22.7	24.9	28.6	30	28	23	17.3	12.9	99.9	79.9	12.6	6.2	15.7	4.9	27.6	4.2	4.4	21.7	210.3	67.1
407	15	14.1	14.4	15.8	21.6	28.1	29.7	29.9	26.7	22.8	16.9	17.1	71.8	30	37.6	60.5	59.7	6.9	0.2	0.1	116.6	56.7	83.5	135.4
408	14.1	12.1	13.8	17.6	21.6	27.3	31.2	30	27.8	22.4	19	14.6	45.1	160.4	145.3	75.3	27.7	6.4	0	6.3	10.1	36.6	78.6	30.4
409	12.6	12.5	15.1	16.6	23.3	25.7	31.2	30.9	26.9	24.2	17.6	14.9	58.1	18.6	54	37	1.5	7.6	0.3	0.3	18.1	13.8	109.6	96.2
410	10.4	12.1	15.3	17.6	20.7	26.5	29.4	28.4	26.8	22.6	17.2	13.8	25.3	44.3	7.6	30.1	107.3	1.3	0.6	5.1	13.4	67.7	20.9	39.4
411	14.3	11.6	13.4	16.9	20.8	28.3	28.5	29.6	27.4	23.6	19.1	13.6	51.3	96.8	1.1	43.5	28.4	2.7	0.6	1.9	4.2	55	149.5	37.3
412	13.1	11.9	14.2	17.6	21.6	26.6	30.4	30.4	26.9	21.4	17.4	14.2	41.8	48.9	24.9	24.4	26.3	24.8	4.7	36	26.7	66.3	79.4	88.2
413	12.7	14.6	14.5	18.6	21.8	25.6	30.1	31.6	27	20.8	17.7	16.6	32.9	71.7	19.4	45.4	58.1	21.8	6.3	0.1	6.8	16.1	95.5	62.1
414	12.5	11.6	14.2	16.6	22	25.9	28.8	32.8	27.8	21.4	18.9	15.1	21.4	51.9	25.5	42.7	5.3	1.8	0.8	5.1	19	38.4	25.5	103.8
415	12.5	13.1	14.4	16.7	21.6	27.8	28	31.1	27.2	23.7	15.8	15.9	16.5	99.8	14.1	72.9	26.9	2.2	5.6	0	48.2	54.2	151.5	96.8
416	13.8	13.4	12.3	17.3	20.4	24.6	28.7	30.3	27.1	22.5	17.8	14.4	29.8	34.6	40.5	24.5	90.4	3.5	3	0.6	18.6	114.2	121.1	106.2
417	12.9	12.3	15.1	17.1	21.5	25	29.6	29.9	26.7	23.3	18.4	14.6	44.9	89.7	57.6	14.5	11.4	18.3	0	1.3	0.9	3.4	29.5	26.4
418	14.4	15.8	15	17.7	21.2	27.2	29.1	32.2	25.8	23.1	15.2	14.3	33.9	10.9	16.6	64.4	3.7	2.8	0.1	0	113.7	11.2	159.7	59.3
419	13.8	12.6	14.2	16.8	18.9	28.1	32.1	30.4	26.5	21.8	18.7	16.7	24.9	64.2	52.5	14.4	45.8	5.6	0	21	34.6	90.4	24.4	93.5
420	14.4	12.6	12.6	16.8	21.3	25.2	29.8	31.9	28.1	24	17.7	14.5	39.4	56.6	90.9	13.8	15.3	5.3	1.1	0.7	107.6	58.3	94.1	30
421	14	14	14.4	19.3	21.1	26.7	30.3	32.7	27.1	22.5	18.9	14.1	127.5	34.2	39.8	15.6	50.1	2.7	1.4	0.7	19.3	12	54.1	20.6
422	12.8	16.3	15.3	18.7	22	24.5	30.9	31.4	26	22.6	19.5	13.9	80.3	92	50.7	36.3	23	14.5	0	7.1	13.2	17.8	113.9	169.1
423	14.1	14.4	14.2	18	23.1	27.3	27.4	29	25.9	22.1	20.8	17.4	64.5	42.1	16.3	38.3	15.9	10.5	19.7	0	5.5	44.4	13.6	49.1
424	14.7	13.7	13.2	16	17.1	25.9	29.7	29.6	27.2	24.2	17.5	16.1	45.6	52.8	128.4	21.6	97.8	12.3	0	7.8	31	47.7	18.5	152.2
425	12.3	12.5	12.4	18	22.1	24.7	28.8	29.6	27.5	22.3	17.3	14.9	118.5	32.1	11.9	49.9	14.8	12.6	0.6	2.4	17.2	21.5	147.9	58.9
426	14.5	13.7	14.9	17	19.7	24	27.5	29.8	26.2	22.7	15.9	15.1	77.1	188.5	14.8	46.6	19.9	22.2	2.4	7.8	26.1	24.8	28	80.5
427	14.5	12.6	16.2	17.4	20.9	28.5	29.6	29.9	27.7	24.5	17.9	15.1	60.6	28.3	8.3	62	44	8.4	8	0.1	16.9	34.5	40.3	78
428	14.3	14.2	16	15.8	21.2	25.8	28.4	29.8	26.6	21.5	17.2	16.6	60.6	69.7	18.5	37.7	19.3	4.4	0.7	0.4	2.6	126	25	146.2
429	13.8	13.3	15.7	15	23.9	26.4	29	29.2	24.8	23.2	17.6	16.7	46.7	46.6	45.7	86.4	7.2	21.3	0.3	3.9	1.4	5.9	71.3	64.2
430	12.1	13.5	15.9	16.2	21.5	24.9	29.6	32.9	25.9	21.9	18.2	13.2	24.5	44.8	38.3	75.4	85.4	1.1	13.3	0	18.9	29.6	22.6	48.4
431	12.8	12.9	14.8	16.8	19.5	25.7	28.9	30.1	25.6	23.1	17.2	14.6	26.8	79.9	9.4	17.4	62.2	45.6	1.7	0	38.1	149.3	141.4	152.2
432	14.3	14.1	15.9	16.4	22.7	26.5	29.6	30.7	26.4	21.1	17.9	14.6	39.4	27.8	5.9	42.3	9.7	3.3	6.2	27.8	31.2	33.2	56.5	10.4
433	11.8	12.5	14	17.2	21.7	27.3	30.5	29	25.3	21.1	17.9	15.4	47.8	43.8	144.2	9	7.1	2.9	7.5	5.9	163.9	3.7	117.9	152.9
434	13.6	15.2	15.1	16	20.2	25.2	29.8	29.1	27.1	22.6	17.5	13.9	18.9	6.8	13.5	35.9	3.7	4.5	0.1	25.6	9.5	63.4	245.9	55.5
435	13.9	9.8	12.4	17.1	22.5	27.4	29.2	28.3	28.6	21.9	19.4	14.5	7.5	101.4	52.6	3.2	8.1	13	9.6	0.6	15.6	189	37.9	112.9
436	13.7	13.3	15.4	16.7	19.6	27.7	31.5	33	26.6	23	17	13.9	40.6	47.4	6.3	42.9	65.6	20.6	0	0.1	18.1	5.4	64.1	15.4
437	14.7	13.3	16.7	17.7	20.8	23	29.9	29.2	27.9	23.4	17.1	14.4	23	163.6	8.8	17.4	6.4	17.1	0	7.9	42.6	79.4	22.5	53.9
438	13.2	12.2	14.9	17.9	20.5	26.4	31.1	29.9	26	22.8	18.1	16.6	85.5	109	25.3	8	29.4	23.5	0	1.4	234.3	211.3	92.8	99.9
439	13.8	12.3	14.6	17.3	22.4	27.3	27.6	31.1	26	22	16.6	15.9	39.7	57	239.5	32	10.4	0.4	1.4	0.3	28	70.8	36.6	46.8
440	14.9	11.3	14.4	15.9	20.3	26.8	29	30.3	27.8	21.4	19	14	32.2	35.6	35.6	32.2	2.6	6	0	4	1.9	94.2	48	87.6
441	13.7	14.7	15.3	16.3	23	24.7	28.2	33.2	25.7	25	18.3	14.7	56.5	34.3	21.8	51.3	0.4	4.6	0.3	0.7	2.1	12.4	75.7	65.2
442	14.2	11.3	16.3	18.1	19	30	29	30	25.6	23.8	17.8	13	35.7	18.4	64.7	34.8	23.8	4.2	7.8	19	329.1	91.9	8.6	46.1
443	14.2	14.6	15.4	16.8	20.2	25.5	30.5	31.6	25.2	22.1	18.1	13.9	110.1	35.6	37.1	28.8	14.8	3.3	1.6	0.1	125.7	29.6	66.5	48
444	12	13.7	15.1	16.7	21	24.6	29.2	31.4	27.4	22.5	18.8	15.3	66.8	66.4	14.2	18.3	54.3	1	6.8	0.6	68.9	37.6	32.7	42.7
445	13.3	14.8	13.4	17.2	21.7	27.2	28	26.8	26.9	20.4	18.9	14.1	50.1	65.6	193.6	31.2	24.9	30.2	0.3	6.5	26.7	53.9	40.6	86.1
446	16.8	12	14.8	16.2	22.3	29.1	28.9	31.4	27.9	24.3	17.5	13.5	61.8	68.2	105.1	30.6	5.9	0	13.9	1.1	16.4	123.5	42	47.2
447	14.4	12.1	15	18.3	20.7	27.6	29.9	30.7	27	22.2	18	15.7	2.8	122.9	9.5	14.6	89	4.8	0.3	0.2	22.6	9.9	26.7	65.7
448	13.7	13.6	15.7	15.9	23.3	28.3	29.1	30	29	22.8	18.2	14.3	47.1	17.3	15.5	28.1	51.7	11.7	15.8	0.2	15.9	31.6	20.8	59.5
449	11.1	13.2	13.5	17.3	21.2	26.2	31.3	31.9	27.4	24.6	15.9	13.4	44.2	17.8	70.7	11.7	117.6	26.5	0	0.8	41.8	151.9	98.7	41.5
450	11.5	14	11.8	17	21.2	25.8	29.7	27.9	26.8	23	16.4	16.6	5.7	23.4	84.5	89.4	23	33.2	13.4	15.4	17	114.6	136.1	20.8
451	12.5	14	12.4	17.4	20.5	27.4	30	29.9	26.5	20.7	18.5	15.4	13.7	40.6	50.6	53.9	8.8	4.8	0.6	18.6	45	91.7	115.6	96
452	13.2	10.7	14.4	16.9	19.7	26.7	28.3	29.9	26.9	20.9	17.6	14.5	30.4	38.9	92.7	122.8	87.4	17.9	0.1	0	17	55.4	143.8	69.2
453	13.5	9.4	15.3	16.5	20	25.8	28	29.8	25.7	22.2	17.1	13.8	67.2	86	46.5	25.4	23.4	15.7	2.6	8.4	14.7	20.4	97.4	220.1
454	13.1	13.7	15	16.9	20.2	28.5	29.4	31.8	28	22.3	18.3	14.3	8.3	48.6	144.3	36.5	0.2	11.9	6.6	0.2	72.4	28.4	49.7	20.3
455	15.1	16.4	14.9	17.5	21.4	27.4	29.3	31.5	27.1	23	16.7	15.8	65.7	119	25.6	13.8	25.5	2.7	0	0.1	61.7	141.9	184.7	142.8
456	11.9	13.1	13.9	18.1	23.2	24.3	32.3	30.5	26.3	24.4	16.9	13.4	5.5	122.2	55.8	44.4	3.4	16.6	0.3	3.7	12.8	20.9	219	108.4
457	12.9	12.7	15.6	16.8	21.8	27.3	28.9	29.5	28.2	21.5	17.3	13.9	77.3	47	9.2	10.1	29.4	25.4	0.6	16.3	47.6	46.2	117.2	87.1
458	13.4	13.2	13.7	16.5	19.5	25.1	29.1	29.6	25.3	23.1	17.8	15.6	109.9	93	25.3	24.9	56	17.4	16.2	1.5	47.2	26.5	36.9	83.6
459	11.9	12.7	16.1	16.8	20.4	26.9	28.7	28.6	26.7	23	20.1	13.3	6.9	39.3	39	27.8	22	5.5	0.9	9.7	50.4	19.4	28.8	58.6
460	13	13.5	14.6	15.8	20.7	26.6	28.7	28.7	27.2	21.6	16.5	13	4.1	97.5	68.3	76	22	0.5	0	5.5	48.1	49.5	110.6	38.3
461	14.4	9.1	13.2	16.8	20.5	27.3	28.9	30.1	27.9	22.3	18.1	13.2	21.3	20.8	26.6	15.1	30.9	19.5	0.3	0.3	99.8	66.2	44.6	127.2
462	13.7	13.8	13.1	16.5	21.2	28.4	28.7	27.9	27.6	22.4	15.9	16.3	32.1	55.4	5.3	76.2	4.1	21.6	2.9	19.3	104.1	64.3	57.7	66.4
463	14.3	13.4	14.4	17.7	19.6	25.7	29.8	31.4	28.6	22.2	18.5	15.8	82.9	58.8	58.2	41.3	35.4	26.3	0.1	0	3.6	53.7	103.9	41
464	13.1	12	14.2	16.7	20.9	27.1	28.5	30.6	27.5	23.5	18.8	14.3	90.1	29.5	84.3	59.2	53.1	4.8	2.4	13.1	3.2	80.8	68	71.1
465	13.4	12.3	16.5	17.1	21.1	25.1	29.7	30.8	25.9	23.2	18.6	14.5	36.8	34.2	42.6	23.1	29.5	4.9	0.1	1.2	61.7	57.7	101.8	97.3
466	14.9	13.7	13.1	15.3	19.9	27.9	32.9	30.8	26.6	21.1	17	14.7	16	29.2	2.3	34.7	57.2	5.2	1.9	0	58.3	229.6	81.8	133.2
467	13.3	12.5	14.5	17.3	20.1	26.6	28.9	30.7	28.2	23.2	19.5	14.8	69.9	45.3	19.9	38.1	12.5	31.1	22.2	5.7	5.5	108.5	12.3	78.4
468	14.8	11.8	14.7	17.1	19	24.8	28.6	30.2	25.4	24.5	18	15.1	6.8	151.3	44.8	80.6	5.9	0.8	9.7	0	115.9	61.8	28.7	53.9
469	14.9	12.4	12.8	16	22.2	26.4	30	31.1	25.6	21.7	20.4	13.7	22.5	24.4	21.3	33.9	73.3	21.9	0.5	0.5	6.7	63.5	257.9	103.1
470	11.8	12.5	14.3	16.7	20.4	26.9	27.2	30.6	26	22.1	17.7	15	54	41.7	66.6	30.7	8.3	3.8	8.1	12.5	1.9	15.8	25.6	48.5
471	12.7	12.9	15.4	16.4	23	24.1	27.8	30.1	27.8	24.3	17.6	15.5	64.3	84.7	61.8	36.4	20.4	3.6	4.7	8.8	42.6	143.5	128.1	95.8
472	13.1	13.7	16.2	18.5	21.9	26.8	26.9	30.7	25.5	21.3	19.4	15.3	71	39.6	69.3	14.4	20.8	4.5	0	5.2	5.5	111.9	82.4	146.6
473	14.4	15	14.3	16.4	20	25.6	27.5	31.3	25.1	21.4	17.9	14.2	25.8	92.5	42.4	47.5	22.3	44.1	5	0.4	16.8	36.4	162.6	206.9
474	13.7	11.2	13.5	17.2	22.7	25.4	30.6	27.9	25.4	24.2	17.8	14.6	36.6	65.8	27.4	28.7	11.8	4	0.9	13.8	0.2	6.6	45.3	102.4
475	13.8	15.4	14.4	17.6	22.6	24.2	27.9	28.6	27.2	24	18	12.4	121.5	109.2	34	40.5	12.7	15.7	0.2	18.4	25.4	41.5	49.3	53.1
476	13.3	12.5	12.8	16.1	21.5	24.7	29.2	29.7	27.1	24	16.8	15.5	30.5	99	69.7	27.9	6.7	3.5	1.5	1.8	35.1	91.3	47	61.4
477	12.7	11	17	19.1	23.2	29.3	31.3	28.7	26.8	21.7	18.3	12.8	186.5	21.6	43.5	2	3	1.3	0.1	0.2	58.7	29.8	94.3	72.1
478	16.1	14.1	14.2	18.4	20.8	26.8	30.6	30.6	27.2	25.9	19	15.1	33.2	9	36.7	6.9	11.8	40	0	0.2	28.6	8.8	313.6	117.9
479	12.3	15.2	16.9	17.1	21.3	24.9	26.9	31	24.8	22.3	19.3	13.9	30.7	48.3	18.2	40.3	43.7	7.1	20.5	0.9	115.5	76.7	43.4	37.6
480	13.5	13.3	15.9	18.3	20	25.8	28.6	29.7	26.2	22.1	17.6	15.6	33.1	4.9	79.8	7.2	76.6	0.7	0	8.6	18.9	8.7	44	115.2
481	15	11.5	13.5	16.7	19.8	26.8	25.9	28.9	25.5	22.2	18.4	14.9	73.5	12.4	15.3	11.7	54.1	51.1	36.8	8.5	16.9	8.6	114.3	17.3
482	13.1	12.1	14.8	17.7	21	27.6	28.5	29.9	26.6	21.4	18.3	13.3	39.8	76.6	12.1	64	19.6	17.1	1.2	1.6	41.5	70.6	43.9	48.2
483	13.6	13.8	14.6	16	21.5	29.5	29.8	29.3	25.8	24.1	18	13.5	163.6	16.1	31.6	53.5	9.2	2.2	0.1	9.2	32.2	30.2	33.4	32.9
484	14	14.3	16	17.8	24.1	25.5	30.2	29.8	26.9	23.7	17	15.3	32.4	37.1	7.4	17.6	2.2	3.9	0	0.1	5.9	12.6	227.5	29.5
485	12.9	13.3	14.5	16.6	23	24.7	28.5	32.3	27.2	22.6	18	15.1	28.1	59.9	16.7	16.1	9.9	4.5	0.1	1	3	111.3	25.4	88.7
486	12.9	14.8	16.4	16.3	20.1	25.4	29.6	28.1	28.3	22.2	17.9	15.4	13.3	16.6	6.9	14.7	42	18.3	11.7	5	7.4	10.8	32	38.4
487	12.4	13.8	14.3	16	19	25.6	29.3	30.4	26.9	21.3	17	15.9	133.5	40.5	66.7	42.2	47	19.8	1	18.4	12.4	85.8	61	25
488	13.4	15.8	16.8	17.6	24.2	24.6	29.4	30.3	25.6	22.3	19.4	16	29.2	7.7	60.4	73.5	21.5	1.6	0.8	0	1.2	28.9	19.4	144.7
489	12	11.8	13.8	17.9	21.8	27.1	28.8	29.7	27.1	22.7	15.8	15.3	19.7	8.1	8.7	34.8	1.6	9.1	0.3	6.5	23.6	60.8	129.2	97.1
490	11.8	13.9	14.7	16	22.5	25.7	29.1	30.6	27.6	24.5	17.4	12.8	35.9	11.9	6	24.4	6.8	11.1	2.1	0.4	1.3	45.9	80.6	108.8
491	13.8	12.1	14.7	17.4	19.6	26.9	28.8	31.3	27	22.6	17.4	13.3	44	18.1	18	46	21.3	0.3	5.8	1.8	28.6	60.4	58.4	31.3
