#header info#
40.6	#latitude; used for cacluating drought index in model bugmann#
30	#meter a.s.l. of climate station#

#temperature lapse rate with increasing altitude: #
-0.48	-0.51	-0.46	-0.49	-0.46	-0.37	-0.31	-0.35	-0.42	-0.38	-0.47	-0.50

#precipitation lapse rate with increasing altitude: #
5.06	3.03	2.39	4.34	1.86	0.49	0.77	1.0	0.42	-0.61	1.07	6.30

100	#meter: corrections (see above) every x meter. #

#	mean monthly temperature (∞C) total monthly precipitation (mm) #
#year	jan.T	feb.T	mar.T	apr.T	may.T	jun.T	jul.T	aug.T	sep.T	oct.T	nov.T	dec.T	jan.P	feb.P	mar.P	apr.P	may.P	jun.P	jul.P	aug.P	sep.P	oct.P	nov.P	dec.P#
1	8.6	11.6	11.2	13.4	19.1	21.5	22.6	24.9	21.7	19	14.9	11.6	39.8	9.5	43.3	26.6	3.2	26.8	0.1	0	8.5	52	8.6	253.8
2	10.6	10.3	12	13.9	18	19.6	20.9	23.1	19.5	17.8	15.2	10.6	3.6	24.1	28.8	29.9	7.1	7.7	2.2	4.7	11.6	252.1	214.5	64.3
3	10	9.2	11.5	11.3	17.1	22.7	22	23.1	21	15.6	13.3	9.8	15.2	173.8	104.7	52.7	56.5	37.9	57	10.3	7.5	108.6	43.6	63.6
4	9.4	9.6	12.8	12.6	17.4	19.8	21.4	23.1	21.5	20.3	11.9	10	63.8	21.9	30.1	15	1.1	1.9	60.1	4.9	49	94.6	58.7	18.5
5	11.9	8.6	12.3	12.7	17	22.6	23	22.7	22.7	18.7	15.4	11.5	95.2	36.2	23.7	44.8	130.6	51.6	1	8.3	34.8	65.5	109.2	52.2
6	11.1	12.1	10.7	13.7	14.4	21.9	24.1	26	22.6	19.5	13.4	10.2	82.7	18.9	90	71.1	18.2	12.1	0	4.9	12.2	3	143.8	58.6
7	10.9	11	10	13.7	17.5	22.3	24.9	24.7	21.2	17.9	12.1	14.2	39	56.6	31.1	22.4	5.2	0.5	0.9	7	10.3	88.9	87.8	55.4
8	8.2	11.6	11.6	12.6	16.4	21.6	22	24.1	22.8	18.4	13.4	9.8	64.3	62.1	46.7	62.8	12.1	0.3	0.3	0.1	29.1	86.5	156.3	44.6
9	8.5	11.6	10.5	12.6	17	24.8	22.8	23.9	22.1	19	14.8	11.1	21.9	56.8	29.1	60.2	6.5	3.1	7.6	1.9	14.8	22	8.3	98
10	11.7	8.9	12.1	14.8	17.5	21.2	24.3	25.3	21.3	15.9	13.6	11.5	26.6	156.3	50.2	93.7	32.5	29	33.5	0	49.8	64.8	150.6	58.1
11	8.8	11.8	11.7	13.8	16.5	21.7	23.6	25.5	21.3	19.2	15.1	11.7	246	50.3	14.9	43.6	22.3	4.9	0.7	2.2	31.7	31.3	43.2	21.4
12	9.8	12.8	11.8	12.5	16.7	21.9	24.4	23.9	23.4	19.3	16	12.5	9.4	38.6	27.8	152.4	6.8	46	7.4	6.2	1.9	16.6	144.6	112.1
13	11.5	8.7	11.4	13.9	16.8	19.3	23.5	24.7	22.8	18.9	14.7	12	72.5	89	31.8	14.3	1.2	9.1	0.9	0	18.4	103.1	27.6	72.4
14	10.2	9.5	12.5	13.5	17.3	22.5	24.7	26.4	22.4	19.3	14.1	12.5	4.9	73.8	19.8	39.5	67.9	11.1	2.2	16.8	2	34.1	151.8	93.3
15	10.9	12.3	11.9	13.4	18	21.1	25.4	26.5	22.9	21.4	13.5	12	63.4	43.5	46.8	88.1	10.3	33.4	0.6	1.1	82.2	54.3	208.5	103.1
16	11.3	9.6	9.3	14.5	17.1	21.7	23.6	24.3	23.8	19	13.3	11.8	183.2	35.4	54.4	69.9	30.2	79.7	17.8	0.8	110.5	93.6	66	55.6
17	12.1	10.3	13.2	14.9	19.1	21.3	23.4	25.3	19.8	17.1	14.7	11.8	22	45.5	30.7	51.6	20.7	16.9	18.3	10.1	4.7	53.3	50.7	11.6
18	11.4	10.1	11	12.7	18.2	23.5	24.8	26.7	23.5	19.4	13.1	10.4	73.3	18.3	13.1	34.9	2.7	7.2	0	1.4	9.3	81.1	177.7	40.3
19	8.6	10.3	11.3	13.4	15.1	19.5	24.6	24.4	21.5	18	13.4	13.2	86.2	44.2	59.2	39.4	67.3	27.8	0.5	27.7	173.2	80.8	50.7	113.7
20	8.9	11.2	11.6	13.2	18.8	22	25.6	27.2	21.7	18.6	13.5	9.2	152.9	46.1	44.9	43.4	17.9	8	0	4.5	2.2	26.5	71.6	19.9
21	9	9.1	12.2	13.3	16.1	22.7	25.8	25.3	20.8	18.5	14	11	35.6	56.7	3.7	100.7	20.6	8.6	0	1.6	57.9	72.2	160	42.3
22	10	9.6	11.6	13.4	16.8	22.1	27.1	25.3	23	19.2	14.4	12.6	118.5	120.5	153.8	94.9	177.4	15.7	0.2	11.2	36.6	54	147.4	110.6
23	12.2	7.5	13.8	13.5	19.1	23.4	24.7	24.7	22.3	17.8	14.1	11.7	91.8	62.5	33.4	41	4.2	13.1	0.8	51.4	87.8	31	414.4	109.9
24	10.8	10.4	12.4	14.7	18.1	23.1	23.5	28.8	22.8	20.3	14.3	13.4	158.3	84.4	161.4	16.6	5.6	0.4	28.1	0.6	4.6	57.3	85.7	66.9
25	11.5	11.8	11.6	14.5	17.5	20.5	25.2	24.4	21.9	18.3	14.9	10.5	73.7	95.2	81.3	61	17.3	10.9	12	15.6	60.6	11.5	57.3	20.9
26	9.2	9.1	13.3	15.3	18.2	20.9	25.6	25.2	22	18.4	14.2	11.8	28	37.7	40	56	4.3	2.2	1.6	1.5	2.2	92	180.1	83.7
27	11.7	9	11.8	14.6	17.2	21.8	27.2	25.5	20.8	17	14.3	10.3	96.3	12.4	4.7	56.4	94.8	3.5	0	11.9	13.1	65.1	177.9	60.1
28	9.6	12.7	11.5	14.8	16.9	20.1	24.4	26.9	22.7	19.4	13.4	10	19	108.1	13.4	16.1	11	5	35.4	0	3	24.4	324.5	52.2
29	8.9	10.3	11.3	12.5	16.1	21.9	24.2	24.6	22.2	18.8	15.1	11.9	165.7	26.4	65.6	38.8	71.7	4.3	5.4	3.5	36.8	27.2	40.7	82.9
30	9.8	11.7	13	15.2	18.5	22.1	23.9	23.2	23.7	19.6	14.9	13.2	24.4	63.2	22.7	68.2	59	8.6	5.7	74.5	13.2	76.5	33.3	233.4
31	10.5	12.3	11.8	15.2	14.5	23.4	26.6	27	21.2	20.9	15.5	12.6	66.7	9.7	100.5	58.2	62.3	54.9	0.3	1.9	13.5	14.1	232	135.5
32	10.3	10.5	12.8	14	17.4	21.9	23.5	24.6	22.9	18.7	17.2	12.5	29	157.3	31.9	29.8	3.5	12.1	0.2	7.8	46.8	68.8	42.9	47.4
33	10.5	12.1	11.6	14.3	15.9	21.5	24.6	25.8	22.7	20.9	14.6	13.3	20.5	29.2	72.2	63.8	79.8	1	0	4.7	9.2	62.7	125	147.3
34	9.4	10.2	11.7	16.7	16.2	22.4	24.7	27.7	23.2	18.1	13.8	12	25.7	38.9	33.8	36.3	3.5	6.8	0.2	26.5	1.8	36.6	21.5	54.4
35	8.6	10.8	11.4	14.8	16.1	21.8	25.6	26.8	22.9	20	15.1	12.1	15.1	13.8	153.6	20	76.8	0.8	28.3	27.4	62.7	24.8	26.8	108.6
36	12.3	11.6	12	14.2	15.3	20.6	25.8	26.1	23.6	18.1	15.1	12.1	162.4	5	21.5	46.8	72.4	13.3	0	0.4	0.4	157.3	45.3	188
37	8.9	9.8	11	14.8	18.1	21.5	25.4	25	24.5	20	13.5	11	103.8	22.6	11.8	75.1	33.3	12.5	0.2	15.6	37.8	42	214.1	81.3
38	13.2	10.7	10.6	14	18.7	22.5	25.8	25.6	23.1	19.8	13.4	14.1	53.9	51.4	46	29.8	34.9	7.5	6.2	2.3	35.3	45.2	96	164.6
39	11.5	12.8	12.4	13.9	19.2	22.2	25.2	25.6	23.3	18.3	14.5	14.7	139.8	206.6	89.1	24.7	32.2	10.6	0	5.8	45.8	32.7	59.3	31.9
40	11.3	7.9	12.3	13.5	19.4	20.3	25	24.3	23.6	19.5	14.7	10.9	112.9	87	34.5	24.3	9	31.8	0.2	8.4	162.9	86.3	145.1	49.3
41	10.3	10.9	10.7	14.4	20.7	24.2	23.8	23.7	22.1	19.4	14.6	11.5	25.3	21.9	41.1	35.7	14.9	7.2	0.2	0.7	165.4	42	14.6	55
42	9.9	8.9	11	14.6	20.1	22.9	22.8	25	24	18.2	14.1	12.3	38.7	80	54.9	59.7	99.7	19	5.6	0.1	28.9	94.2	177.5	44.2
43	9.7	11	12.9	14.4	17.1	24.2	25.1	25.1	23.8	18.4	16.3	11.7	83.8	93.9	47.5	25.9	6	6.3	7.5	5	79.8	230.6	129.6	104.9
44	12	12.1	11	16.2	16.9	21.3	23.8	25	24.1	18.6	13	10.9	92.7	26.7	188.1	32.1	8.9	17.5	1.4	3.2	7.1	74.9	48.8	28.2
45	10.6	10.9	10.6	14.5	18.1	23.6	25.6	27.1	24.2	18.5	15.9	14	20.2	20.8	88.1	15.8	62.8	11.9	4.8	0.9	11.4	106.2	51.8	94.3
46	11.1	13	11.3	13.1	17.3	22.2	23.7	27	21.7	19.2	14.5	10.6	277.7	72.1	10.9	49.5	48.7	5.8	1.7	0	58.5	110.1	30.3	49.9
47	9.4	11.9	13.1	13.4	17.8	20.6	26.8	25.7	24	21	13.7	13	101.7	21.1	78.6	61.8	11.7	17.6	0.1	2.6	107.3	14.4	83.9	43.2
48	11	12.3	12	14.1	18	22.5	24.3	27	20.6	20.5	15.5	10.5	207.9	23.8	35.7	23.7	23	15.1	8.2	1.3	0	80	31.9	32.4
49	11.8	10.1	13.3	14.5	20.4	23.8	25.1	26.2	22.5	20.2	14.5	10.9	42.5	30.5	8.4	83.3	17.5	0.7	12	6.2	47.9	152.1	91	95
50	9.6	11.1	10.5	14.6	18.9	22.5	27.3	27.4	22	19.3	14.8	12.4	68.3	15	129.5	66.4	2.7	14.6	0.7	1.3	29.8	44.5	35.7	123
51	11.7	10.8	11.1	14.8	17.6	22	25.4	25.9	22.3	18	14.9	13.3	18.3	89.9	15.5	8.4	49.3	13.9	5.6	0.8	15.3	65	18.8	65.4
52	11.7	11.5	12.8	13	17.6	22.9	25.3	26.4	21.9	20.8	14.2	9.5	66.8	33.8	41.4	20.7	12.1	9.9	13.8	0	8.3	75.6	87.4	57.7
53	12.8	9.6	12.1	14.2	16.2	22.9	26.3	26.4	22.6	20.2	14.8	11.7	34.8	24.5	189.8	25.6	38.3	1.5	3.4	50.7	2.2	52.4	141.1	74
54	10.8	13.8	12.7	14.6	19.3	25.5	26.7	24.7	23.3	21.2	16.6	11.6	36.4	43.6	53.7	29.6	13.5	0.8	0.9	5	82.4	287	38.8	30.7
55	13.2	10.4	11.1	15.1	17.5	21.4	27.1	25.5	22.5	19.6	15.1	13.1	38.2	39.4	111.6	23	100.5	10.4	0.5	52	35.6	73.6	246.8	72.5
56	10.6	12	12.9	15	17.1	23.6	26.9	25.4	22.6	18.8	15.1	10.5	74	56.2	51.3	52.9	30.9	8.3	0.1	26	114.7	20	83.7	31.5
57	12.2	10.1	13	14.2	21.1	23.1	21.6	26.1	22.9	20.7	13.4	11.9	47.5	8	9	42	0	4.9	3.1	5	100.2	37.9	7.7	48.9
58	10.7	11	12.1	13.8	19.5	22.7	26.8	25.1	21.2	17.9	15.4	10.9	68.8	194.8	62.1	54.3	14.7	5.4	0	0	36.8	110.1	90.5	84.1
59	11.1	11.3	13.8	13.9	20.7	22.2	25.3	28	23.2	19.6	14.6	12	144.2	90.5	56.4	23.3	44.7	2.4	0	0	32.2	132.7	168.1	91.6
60	9.5	12.8	11.2	14.3	18.2	22.4	25	26.4	23.8	20.2	14	13.6	207.3	148.1	113.2	62	51.3	24	0.1	2.8	7.9	14.5	55	138.4
61	11.4	10.7	12.4	14.4	19	23.2	26.7	26.6	23.5	18.1	14.7	11.8	72.8	16	88.6	31.7	16.2	11.1	0	0.2	14.6	94.2	258.9	59.7
62	10.9	11.6	12.6	13.6	18.2	22.4	24.7	25.1	23.1	19.6	15.1	12.8	22.1	40.4	44.8	32	10.8	99.5	10.5	9.9	124.8	86.7	65.6	140.9
63	9.5	12.7	13.1	13.9	18.3	24.7	24.4	28.2	22.3	22	14.9	12.1	28.8	39.2	25.1	29.5	6.2	8.6	4.2	0.1	14.4	25.1	117.6	28.4
64	10	11	11	14.9	19.4	22.1	27.8	25.6	23.9	20.2	14.8	13.3	77.9	26.7	32.7	30.5	52.7	7.1	1.1	2.4	14.9	67.8	36	170.8
65	11.5	11.3	11.4	14.5	17.8	18.8	27.8	24.6	23.6	18.6	15.9	12.2	67.5	12.8	94.1	41.8	64.3	8.9	11.6	0.3	118.9	92.6	180.7	88.1
66	10	12	13.9	14.9	17.3	23	23.1	26	24.5	19.5	14.2	12.9	58.9	58.9	63.5	133.4	12.1	26.3	2.1	3.6	120.9	146.6	104.7	125.5
67	12.5	10.2	12.3	14.5	16.8	20.7	26.9	26.6	23.3	20	14.4	12.7	23.5	63.6	42.2	36.7	25.9	30.6	0	3	15.4	131.4	129.2	58.1
68	12	8.8	13	14.4	18.8	21.4	22.4	26.9	22	18.6	14.6	13.5	93.1	128.9	135.8	9.6	36.7	24.1	19.5	0.2	161.8	16	173.5	67.3
69	10.1	10.9	12.7	16.5	19.1	23.5	24.9	25.4	21.4	20.6	15.5	11.7	67.3	54.4	29.2	12.9	18.1	3.7	1.2	8.2	80.5	41.8	127.8	149.5
70	10.4	11.2	12.3	13.7	19.7	24.2	25.8	28.6	21.6	19.9	14.1	12	71.7	16.7	76.1	13.4	2.3	0.3	0	8.4	9.1	217.5	83.1	192
71	10.7	11.1	12.9	13	19	23	25.2	27.8	23.4	19.9	16.2	12.8	4.3	55.6	20.6	26.6	23	3.4	3.1	0.3	21.7	31.4	62.2	115.9
72	12.2	10.2	13.9	14.2	16.5	22.1	24.3	24.6	23.4	20	15.1	13.3	34.1	18.9	6.3	9.6	22.1	1.9	10.8	56.9	20.6	27	83.2	210.1
73	11.7	12.3	12.6	11.3	17.2	23.4	24.8	24.6	23	17.7	14.5	12.4	57.7	11.8	54.3	122	48.9	13.7	3	44.7	68.4	37.5	18.3	11.9
74	9	8.8	13.2	15.9	20.1	22.3	26.3	26.8	22	22.2	14.8	13.6	44.7	42.9	85.5	60.3	15.9	13.3	0.1	28.6	73.7	19.5	88.3	24.8
75	11.9	12.9	12.7	14.1	16.6	21	24.8	28.6	22.1	19.8	13.5	13.5	68.3	15.7	17	63.3	8.8	8.9	0.9	0	106.3	42	84.4	97.3
76	13.3	12.6	9.8	15.7	18	22.3	30.2	27.6	23.8	18.6	14.7	12.8	65	102	31.3	14.7	101.2	17.6	0	0	2.9	67.8	119.4	92.4
77	10.9	11.9	12.5	14.9	18.4	23.2	23.1	24.1	23.7	19.6	15.4	12.3	69.3	73.9	38.2	39.2	12.7	2.3	3.2	31	1.6	15.1	139.5	148.5
78	11.8	9.9	12.9	15.4	20.2	22.8	26.1	26.6	24.6	20.5	13.9	12.3	81.7	71.3	105.6	26.2	32.4	81.6	16.4	12	47.8	103	132.9	89
79	10.4	13	13.5	15.5	18.4	24.3	25.9	28.2	23.9	19	14.3	14.5	10	33	33.1	26.5	32.8	20.2	8	0	0.8	65.8	192	54.2
80	12.9	12	13.1	14	16.5	22.3	26.2	25.4	23	18.9	14.4	12.5	68.1	49.4	41.7	38.1	30.9	1	0.3	0.6	29.1	8.6	41.5	91
81	10.8	10.3	12.9	15	19.8	20.8	25.2	25	24.5	18	14.2	13.2	90.5	45.7	43.8	10.7	16.5	2.4	0	0.2	0.9	178.9	28	125
82	10.5	9.9	12.2	14.2	16.8	20.7	24.2	25.6	21.7	20.9	15.2	12.2	143.8	90.4	27.6	17.2	11.5	0.5	8.5	4.2	131.7	163.6	11.6	92.5
83	10.4	11.5	10.4	14.6	19.2	18.8	28.5	24	23.3	19	13.7	10.7	62.7	42.5	26	32.9	17.9	5.2	0	7.7	13.1	129.1	232.5	32.5
84	11.2	12.5	13.3	15.2	16.9	22.1	26.4	24.9	24.1	19.7	13	11	83.7	78	75.5	25.2	132.2	37.2	0	35.9	8.8	35.6	37.6	76.1
85	9.8	11	12.1	14.8	20.6	21.1	25.3	27.3	25	21	14.7	13.5	227.9	81.9	134.2	50.8	97.2	4	33	0.7	6.4	26.7	89.6	88.3
86	11	10.3	11.2	15	14.8	24.1	26.1	23	24.5	18.3	15.2	11.6	10.7	65.3	19.7	39.1	38.3	19.1	24.5	6.7	3.7	32.4	59.9	50.4
87	11.1	10.2	12.6	14.6	18.5	21.8	26.2	28	23.2	21.9	15.3	11.5	148.3	118.9	53.6	66.7	1.2	6.1	4.7	5.1	30.8	43.7	158.9	69.4
88	10.3	15	12.4	13	18.8	21.4	26.4	25.1	24.1	19.9	16	12.9	39.9	41	32.4	70.8	10.4	6.2	5.9	87.7	30.5	148.7	80	97.9
89	9.8	11.2	12.3	13.6	17.7	23.1	26.3	27.2	25.7	20.9	13.5	12.3	47.8	52.6	57.7	51.6	68.9	19.8	26.8	0.2	5.9	46.6	107.2	85.7
90	13.6	7	11.8	13.5	17.3	22.2	25.2	27.1	22	20.5	13.5	13	151.6	60	3.3	45.8	26.5	5.6	6.1	0	16.6	120.3	56.4	51.2
91	11.1	11.6	12.4	13.9	17.7	23.9	24	26.6	23.6	18.2	14.8	12	68.8	55.3	14.3	21.5	39	17.6	0.7	2.2	49.9	86.3	35.8	259.7
92	10.6	13.5	12.6	13.3	17.8	24.5	27.6	24.1	23	19.3	13.8	11.8	62.7	41.8	71.9	41.6	18.4	4.4	1	11.9	32.6	31.9	164.4	139.3
93	12.6	11.8	12.7	14.3	17.8	21.2	27.1	26.6	23.8	18.4	15.2	14.2	71.6	52.1	68.8	31	97.3	6.9	0	4.6	25.5	87	47.5	126.4
94	10.5	11	13.6	15.6	14.5	20.5	25.9	27	20.9	21.2	15.7	11.6	14.2	84.3	99.3	91.1	145.4	1.5	0.4	0.4	41.9	36.6	76.1	14.3
95	11.2	10.2	14.4	14.5	20.3	22.1	26.5	26.5	24.2	17.8	16.1	12	15.3	55.3	28	12.2	31.9	11.7	3.1	0.6	29.5	53.6	141.8	67.2
96	10.2	9.3	12.5	17	20.2	22.5	27.1	24.2	24.4	18.7	13.5	12.7	70.7	43	115.4	20	11	70.9	2.1	50.5	28.2	16.9	60.8	240.9
97	13.2	11.9	12.1	15.5	18.7	21.7	26.5	24.6	23.2	19.9	14	12.1	69.3	15.5	62.7	76.9	53.3	25.2	0.6	12.4	13.9	414.6	221.2	114.8
98	10.9	11	13	13.7	18.5	23.6	25	24.4	21.5	19.6	15.2	12.8	116.2	69.6	37.9	89	29.2	0.5	0	0.9	71.1	103.6	52.3	37.8
99	13.2	10.8	13.3	14.5	18.3	20.3	25.6	25.5	23.7	19.4	15.5	12.7	23.4	123.4	55.8	85.8	103.6	36.2	2.1	5.9	14	35.9	20.1	148.7
100	12.4	11.7	11.5	14.2	18.2	21.5	26.3	25.9	23	19.9	14.5	13.3	72.2	12.6	56.9	38.1	0.1	2.3	2.4	0.2	0.5	29.1	139	37.4
101	9.4	12.4	11.4	15.3	19.1	23.6	27.2	27.2	23.6	18.9	14.8	13.7	41.8	27.3	77.6	103.9	25.4	6.8	1	5.3	13.5	163.1	103.1	77.7
102	9.2	10.3	13.5	16.7	20.2	21.9	25.7	26.1	23.9	19.9	14.9	11.7	104.4	45.7	45	30.5	11.2	45.6	0.3	33	5.7	44.3	95.2	60.1
103	9.3	14	12.4	15.7	18.8	20.7	24.9	27.4	23.9	19.9	12.8	12.1	10.5	12.8	1.1	68.1	16	26.4	6.7	2.6	1.5	52.2	39	72.9
104	12.7	9.6	11.2	13.5	18.8	21	25.6	25.4	23.5	22.9	13.5	10.1	72.7	63.1	26.5	11.3	12.3	29.1	0	0.1	21.2	10	39	90.8
105	9.9	11	10.8	13.7	16.1	22	26.1	27	23.6	21.2	16.3	14	79.2	88.1	24.6	22.3	76.2	20	10.4	1	2.5	38.7	180	231.5
106	12.5	9.6	13.9	15.3	17.6	23.9	27.9	25.7	23.9	20.6	15.9	13.1	69.4	79.3	61.8	30.2	56	69.2	3.4	8.3	17.2	74.4	17.2	52.5
107	11.7	15.4	11.9	12.8	19.6	25.2	26.2	25.1	23.3	20.1	14.9	12.3	26.6	82.8	53.8	49.8	39.8	0.6	0	35	8.8	27.4	186.9	67.7
108	10.4	12	11.5	15.3	16.9	23.2	26.4	25	24.3	19.9	14.5	14.2	47.7	132.3	15.8	99.5	53.3	18.9	0.2	4.8	31.8	62.8	107.5	91.9
109	10.9	9.4	11.8	14.1	19.1	22.7	23.2	24.4	21.9	19.7	15.1	12.8	62.9	42.6	50.1	62.1	18.7	4.3	0.4	9.4	25	72.3	94.9	81
110	9.8	9.9	11.4	14.9	18.2	22.5	26.1	26	23.9	19.5	15.3	13.4	15.2	199.5	4.4	31.4	28.2	3.9	0	3.8	57.4	4.6	104	134.9
111	12.3	11.6	13.7	13.4	18.8	24.5	26.5	27.7	23.2	18.8	16.3	12.9	51.8	51.1	37.2	21.8	45.6	11.5	0	0.1	42.9	60.6	23.5	87.9
112	11.9	10.8	12.3	14.1	17.9	25.5	25.7	26.5	22.9	18.9	13.5	11.9	92.2	111.7	27.2	90.9	62.4	42.6	0.2	7.2	42.6	84.6	10.7	73.6
113	12.5	12.4	12	13.6	17.2	23.9	23.7	26.8	21.7	21.1	14.9	12.7	214.4	28.9	10.9	15.7	1.3	19.8	10.3	16.8	86.4	103.2	22.9	143.5
114	11.2	12.7	12.8	14.6	17.1	25.7	23.4	27.7	24	18.6	15.2	11.3	17.5	56.3	26.3	18.9	37.4	9.1	27.2	0	53.5	37.5	124.4	75.6
115	10.8	12.5	9.3	15.1	16.9	23.9	23.2	27.5	24.8	19.7	14.7	13.4	49	40.6	1.7	33.6	29.1	0.8	3	0.2	4.6	22.1	60.6	19.2
116	10.3	10.7	10.9	14.1	19.6	22.4	25.8	26.9	23.9	19.1	14.3	14	60.6	40.5	79.4	39.7	19.9	31.5	4.5	0	37.8	91.9	71.5	189.1
117	10.3	11.6	10.7	14.7	18.1	22.5	27	26.9	22.5	20.5	15.6	13.2	80.2	25.9	76.7	45.8	38.3	15.7	0.1	0	3.3	220.9	36.7	76.7
118	9.6	11	11.9	13.1	19	21	25.1	26.5	24.8	20.2	13.9	11.5	44.3	37.1	21.1	34.2	17.3	3.7	4.8	1.5	26	80.6	65.7	125.7
119	11.6	9.5	12.8	14.5	18.4	22.9	24.2	27.4	24.6	22.2	15.5	12.3	72.2	35.6	40.2	37.1	12.8	2.6	0.6	5	9.4	31.1	142.8	99.1
120	11.5	10.7	11.8	12.9	19.8	23.5	24.6	24.7	23.7	17.6	15.7	12.4	52.2	12.7	9.3	61.2	11.6	2.6	0	7	44.1	194.2	25.4	89.5
121	12.6	8.8	11.5	15.4	19.7	21.5	23.1	26.2	23.6	18.5	12.9	13.1	47.1	82.4	14.2	107.5	20.5	7	0.3	17.7	27.6	162.7	142.3	186.7
122	10.4	10.8	12.3	13.9	17.5	24.9	22.7	27.1	23.7	20.3	16.9	13.2	33	103	42.2	28.2	74.3	6.7	0.3	0.1	3.3	51.9	8.6	45.7
123	11	10.8	13.6	14.7	20.1	21.6	27.3	26.9	22.3	18.4	15.5	13.2	6	24.4	72.9	30	0.1	15.6	7.9	16.7	0.1	86.6	37.8	78
124	9.8	13.5	11.9	15.1	18.8	21	24.5	25.2	24.6	17.8	13.2	11.9	13.3	11.4	29.4	60.5	6.4	3.3	12.6	1.9	59.7	59.2	163.3	92.3
125	11	10.8	13.5	13.9	20	24.6	24	26.1	23.4	21	15.4	14.3	95.3	20.3	83.6	38.1	0.6	13.7	0	0	67.1	29.7	28.3	44.6
126	8.9	11.4	12.8	14.7	19.6	22.8	26.1	25.1	24.3	19.5	15.6	11.6	6.5	94.8	5.2	12.7	21.1	35.4	0	0.5	71.8	80.6	263.8	86.1
127	9.6	10.8	11.3	15.1	18.7	20.7	25	25.9	23.9	19.2	15.8	12.4	84.6	20.1	60.1	66	76.9	2.7	5.9	0.1	4.8	122.4	288.5	120.7
128	11.8	9.5	11.9	15.1	16.5	23.2	25.5	25.4	23.3	20.2	14.9	13.6	30.9	81.3	98.8	115.9	26.7	0.7	0.6	32.1	51.2	21.5	264.8	44
129	12.4	12.9	12.9	15.9	16.7	22.5	26.8	27.3	23	19.8	14.5	11.1	43.4	86.3	55	26.8	2.2	58	0.9	1.6	49.4	11.1	17.4	181.4
130	10.4	12.1	12.2	15.7	18	24.7	23.5	26.3	24	19.8	16.1	11.4	51.5	31.2	33.7	39.5	9.8	1.6	0.4	0.8	9.7	41.2	175.4	40.3
131	10	11.5	12.2	15.1	19.8	23	24.3	26.7	23.8	18.4	16.4	13.2	49.6	39.2	64.5	25.8	10.3	19.7	0.5	0	31.1	7.8	181.9	39
132	12	10.5	14.6	12.4	20.3	21.2	23.9	28.2	23.5	21	15.3	12.5	187.5	56.7	40.6	63.6	19.8	66.6	31.3	0.3	28.6	81.8	100.1	99
133	11.6	10	12	13.1	19.8	22	24.5	26.9	22.9	20.1	14.4	13.7	115.3	145.5	14.9	52	6.3	40.3	0.8	0.3	44	46.3	29.8	63.7
134	11.9	11.9	12.2	15.6	19.4	23.3	26	26.5	23.1	19.4	15.7	13.7	82.7	99.9	47	57.8	67.5	3.2	1.3	2.6	13.4	45.2	41.4	121.3
135	10.7	12.2	13.6	13.8	19	22.6	24.3	23.9	22.7	20.2	14.3	12.5	43.9	41.5	8.8	29.6	29.5	1.1	4.7	0	17	20.6	91.3	313.3
136	10.8	11.8	13.2	14.6	18.2	21.6	26	25.7	22.5	19.6	13.6	12.7	60.9	28.8	4.4	69.6	9	18.8	4.1	45	6.9	15.8	41.6	33
137	11.4	11.6	10.9	14.8	16.4	22.7	25.2	27.4	24.2	21.4	16.7	11.1	12.8	30.8	77.1	70.1	101.5	0.2	0	11.6	8.5	127.7	20.6	55.1
138	11	10.5	10.4	14	20	23.8	22.6	25.8	23.7	18.6	13.8	11	18.2	67.9	24.9	17.6	44.3	7.3	1.8	18.9	22.9	17.8	142.9	17.1
139	9	8.9	13.6	14.7	18.5	25	25	28.5	23.9	19.9	14	11.2	28.5	43.3	10.3	87.7	73	2.9	8.7	0	41.3	220.3	54.2	30.1
140	9.1	11.6	13.1	14.7	17.7	22.4	26.8	24.8	24.2	18.8	16	12.3	38.3	26.9	93.8	23.8	133.3	16.1	2.8	3.9	34	123.7	34.4	114.2
141	8	11.2	11.9	13.6	18.8	20.8	26.2	25.7	22.8	19.4	14.7	14.5	22	61.6	16.4	41.3	24.6	6.9	0.3	0	61.4	117.1	330.8	102.9
142	12	9.9	10.4	15.3	17.1	22.9	25.5	28.2	23.1	18.1	15.3	11.9	13	22.9	23.7	40.2	20	15.4	0.8	0.2	85.9	56	127.6	61.6
143	10.6	13	12.2	15.6	15.5	20.8	28	25.4	23.2	20	14	12	115.5	8	29.3	71.8	46.3	12	0	6.8	16	17.2	52.9	267.7
144	10.1	14.2	13.1	14.3	17	21.6	28.4	24.8	24.1	21.1	15.1	10.7	12.6	90.8	21.1	45.5	27.4	1.4	0	4.3	33.3	47.9	263.8	39.1
145	12.6	10.1	13.9	15.2	18.5	20.7	25.6	26.4	25.4	17.9	14.3	14.1	54	18.6	241.9	41.9	36.1	1.5	1.2	2.1	0.1	151	162.3	146.9
146	13	12.1	11.5	13.3	19.2	23.7	26.6	27.4	23.7	19.3	14.7	12.8	17.6	27.5	47.5	76.9	44.1	0.2	5.2	0	18.4	146.6	102.1	87.4
147	9.7	12.6	13.3	15.3	18.5	22.2	29.3	28.1	23.5	18.7	14.7	12.7	16	120.4	17	74.4	35.6	15.4	0	1.6	35.8	117.9	113.1	97
148	10.7	11.7	10.5	14.5	18.1	21.3	26.3	26.4	23.3	20.6	14.4	12	4	36.6	35.5	35.4	45	11.3	0	16.9	11.9	75.7	14.1	84.1
149	11.3	9.5	12	14.9	17.3	23.8	25.6	24.6	23.8	18.6	15.7	13	8.5	61	19.4	25.8	21	4.1	0.4	13.7	3.2	65.3	141.5	170.1
150	9.3	10.8	11	13	18.3	23.2	24.9	28	21.7	18.8	14.9	11.9	138.7	21.8	4.4	24	15.4	78	1.7	0.2	16.8	116.1	70.8	191.3
151	10.4	12.3	11.1	14.5	19.9	19.8	23.4	26.1	24.5	20	15	12.5	25.9	41.8	71.9	82	18.6	3.5	22.1	2.6	63.6	95.5	143.1	246.5
152	11.3	9.9	12.6	15.3	16.5	20	24.9	25.8	23.6	19.1	15.6	12.1	15.6	8.4	314.5	9.4	58.5	15.5	0	0	63.2	17.3	62.7	40.5
153	11.7	11	11.5	14.4	19.6	22.3	24.5	25	24	18.8	16.4	12.1	34.8	45	103.2	118.2	0.6	17.6	0	19.6	10	200.4	168.1	84.7
154	11.2	9.9	12.7	15.7	18.3	25	27.4	28.6	22.6	19.3	14.6	13	31.3	170.8	32	46.8	11	0.7	0	0	0.1	11.4	82.4	125.3
155	10.9	10.3	13.6	15.1	18.9	22.1	26.4	24.9	22.5	19.4	14.4	10	15.7	68.2	44	34.1	16.9	2.8	4.5	40.6	54.2	37.3	189.7	84.8
156	12.3	11.2	13.7	15.3	20.2	22.5	25	25.1	22	20.1	14.7	10.9	146.2	46.5	66.5	25.5	15.7	14.1	4.7	3.6	62.4	25.9	61.2	67.6
157	13.1	10.3	14	15.1	17.9	24.1	26.2	25.7	25.1	20	14.7	10.2	55.6	101.7	30.8	139.7	10.4	1.3	1.6	3.9	1.1	14.8	189.7	57.4
158	10.3	9.2	12.8	14.1	19.2	22.5	26.9	26.5	23.2	17.6	14.8	14.4	14.5	22.7	26.2	12.6	82.7	7.6	0	11.1	49.2	17.1	14.2	36.6
159	13.2	11.9	10.8	14.6	18.6	23.4	24.7	26.6	22.6	19.3	14.4	12.8	171.3	31.2	21.6	29.8	11.5	38.5	8.1	0.2	96	162.2	21.3	24
160	10.1	12.6	12.8	14.9	17.9	22.9	24.3	25.8	22.6	21.2	15.9	12.8	67.8	32	21.7	42.6	41	4.9	5.2	21.6	60	111	68.1	98.3
161	9.9	10.1	11.9	16.3	19.1	22.3	23.6	25.9	21.5	18.7	16.3	12.1	45	177.3	30.3	38.5	21.4	18.2	3.8	4	10.7	139.2	133.6	51.2
162	11.4	10.1	12.6	14.8	17	22.4	26	24.8	22.1	18.9	15.1	10.8	40.8	94.2	61	26.4	11.4	6.7	0	0.2	67.4	49.8	44.2	42
163	12.3	12.8	11.4	13.9	17	22.6	26.7	26.3	22.2	20.3	14.6	10.3	12.3	95.2	30.9	29.3	22.7	2	0	13	17.4	30.9	228.4	30.7
164	10.8	9.8	10.4	14.6	17.1	20.5	28.1	26	24	18.2	14.8	14.1	31.8	78.7	71.6	45	18.1	10	0	12.5	31	244.5	34.2	78.3
165	9.7	12.6	12.1	14.6	18.1	23.6	25.3	26.1	22.1	19.2	15.4	11.9	55.3	9.5	67.2	40.3	21.8	11.2	1.5	8.8	136.5	27.7	219.1	90.1
166	9.2	11.2	11.8	14	18	22.7	25.6	27.2	24.6	18.6	17.2	11	11.7	36.9	87.8	29	163	19.1	8.9	4.8	48	111.8	167.2	61.7
167	10.6	13.1	11.6	14.6	19.9	23.2	25.8	25.6	22.4	17.9	14.5	10.9	47.9	98.7	46.7	34.2	20	5.4	3.2	34	2.7	22.7	32.6	63.1
168	9.2	11.2	10.6	15.5	17.8	22	28.3	26.9	21.5	20.5	15.7	13.6	16.7	13.6	62.2	34.4	75.1	22	0.4	0.2	136.2	65.3	107.1	24
169	11	9.2	10.8	13	17.3	24	25	26.2	24.9	19.5	14.7	9.1	74.5	101.2	20.2	37.7	43.2	16.3	5.8	1.1	3	99.3	132.8	67.6
170	10.7	11.3	13.6	13.5	19.8	22.4	24.9	25.9	23.4	18.2	14.8	13.7	66.5	24.4	32	51.4	4.8	8.9	29.2	0.2	22.1	79.3	215.5	164.4
171	11	10.8	12.7	13.2	19.1	23.2	23.5	27.8	24.1	18.7	15.4	13.8	161	40.8	166.4	30.2	78	14.3	17.1	0	136.3	112.8	16	91.3
172	11.5	11.8	12.4	14	17.8	24.4	25.4	25.6	23.8	19	15.8	11.5	89.9	139.3	26.7	63.9	39	4.8	0.8	5.7	9.7	10	69.8	216.9
173	12.1	10.3	11.7	14.2	19.1	24.7	25.5	25.3	24	18.6	14.1	10.4	34.3	134	2.3	31.2	1.9	21.3	0.2	0.1	15.6	134.4	191.4	35.6
174	10.8	11.2	13.6	15.4	19	22.1	24.1	27.5	22.7	19.8	15.2	11.8	195.1	6.9	3.7	50.5	55.7	42.6	0.2	6.2	13.9	119.7	151.5	33.2
175	11.5	11.5	13.3	13.6	16.7	24	23	23	23.8	18.5	13.7	11	24.5	7.4	51.7	13.6	16.8	48	0.1	7.2	6.4	91.2	112	87.1
176	13	11.7	11.7	15.4	18.2	21.1	28.7	24.5	24.9	19.6	13	13.7	29	48.5	2.4	156	12.8	1.6	0	21.3	1	33.4	63	143.1
177	11	9.5	12	14.2	18.2	22.7	23.9	25.4	24.4	19.5	15.2	12.6	33.7	54.4	142.3	16.4	59.5	14.7	1.5	6.6	0	32.6	115.6	79.6
178	12.3	13.3	12.4	15.6	19.1	23.7	26.5	26	24	19.8	13.4	13.3	23.5	31.1	7.6	76.6	30.5	10.7	0.2	6.5	30.8	64.1	114.7	52.5
179	10.5	9.4	12.3	15.8	18.9	24.1	26.4	27.2	23.1	18.9	15.6	10.1	10.9	22.7	29.2	14.9	21.9	0.8	0	0.7	10.1	50.5	153.5	110.2
180	10.6	11.3	12.2	15.8	18	22.3	22.7	26.3	22	20	14.8	11.9	65.4	77.5	43.2	70.5	22.9	15.9	15.9	34.9	121.7	71.4	97.6	90
181	11.3	8	13.1	16	18.1	22.9	24.3	28.1	22.3	18.4	15.4	12.6	97.4	61.8	37.9	10.6	25.7	6	4.8	0	13	74	51	123.3
182	9.4	9.9	11.3	15.6	16.2	23.7	23.9	27.8	22.8	18.3	17.4	12.6	25.8	43.8	31.6	87.5	70.4	1.9	77.6	4.4	126.5	78.2	94	47.8
183	11.2	9.4	11.8	15.2	16.7	23.8	27.2	25.1	23.5	19.4	16.4	12.4	55.9	53.9	68.8	10.8	50.4	4.2	1.1	2.2	6.4	103.6	7.9	156.4
184	11.8	11.8	13.6	15.2	17.7	20.2	24	25.1	23.7	19.7	14.7	13.2	55.1	58.3	15.7	37.2	52.3	59.7	0.2	4.7	36.8	52.5	125	62.2
185	11.7	11.6	12	15.7	18.9	23.2	27.9	25	23.1	20.1	14.8	11.2	22.7	55.1	77.6	99.5	42.6	21	0.1	2.5	18.8	103	124.5	194
186	10.7	14.7	9.9	14.2	17.4	23.4	27.5	26.2	22	19.8	16.5	12.7	83.6	36.5	211.6	28.7	14.7	1.3	0	1.2	109.6	10.6	63.7	71.8
187	11.6	11.4	11.8	14.2	19.3	21.4	24.1	24.8	24.3	19.6	15.2	11.9	31.8	68.2	56.6	20.4	16.4	2.7	7.2	2.9	18.4	70.8	137.1	71.8
188	13	11.2	12.7	13.8	19.2	21.7	25.2	28.7	24.4	21.7	16.2	13.4	74.8	99.1	37.4	54.6	33.9	7.8	1.6	0.5	14.4	34.4	108.4	78
189	9.5	12.3	12.7	15	19.4	23.8	23.9	27.4	24.5	20.5	15	12.7	89.2	123.1	218	50.3	25.9	17.4	8.6	0.3	75	53	119.7	109.4
190	11.1	10.2	14.1	14.9	16.8	25.4	25	27	24.2	20	14.1	13	95.5	86.8	3.5	91.7	33.5	0.1	0.1	3	32.1	11.6	191.5	41
191	10.8	9.2	13.4	13.9	18	20.1	26.7	26.1	24.6	19.1	14.5	13.1	263.3	48.5	113.2	55.1	29.4	33	0	0.3	72.1	11.5	135.4	118.8
192	12.9	11.6	12.8	14.2	18	22.8	25.2	25.6	22.5	19.1	15.4	10.8	59.8	42.2	7	57.1	12.8	10.6	1.2	0.5	28.2	46.8	70.5	180.6
193	10.5	9.5	12	15.5	17.3	21.5	27.8	23.9	22.8	19.5	14	13.2	28.5	71	99	45.8	37.3	40.1	0.1	44.3	7.3	97.8	104.4	138
194	10.7	10.4	11.7	15.6	19.4	23	24.9	26.3	23.1	18	14.6	11.9	57	85.1	85.6	37.5	9.3	0.1	0	23.5	29.7	88.2	183.6	77.3
195	10.5	12.8	11.2	15.1	18.5	23	27.1	26.5	25.6	19.2	16	11.9	48.4	90.4	23.5	39.6	7.3	0.6	0.8	65	61.8	63.2	104.6	43.1
196	10.7	12.1	13.8	14.3	20.3	22	27.3	24.5	22.5	18.9	14	10.2	95	41	3.9	28	27.7	13.9	0	2.8	23.1	169.6	23.5	85.1
197	11	12.1	13.5	15	18.2	21.7	25.8	26.2	22.5	19.3	15.9	14	77.2	82.8	52.5	47.7	76	6.5	0	0.7	260.7	122.6	121.6	127.2
198	9.5	11.8	13	15.6	17.6	23.5	24.9	26.1	24.4	17.8	13.3	11.5	64.7	38.1	9.7	32.2	18.5	0.9	0.2	10.5	6.3	297.6	46.9	164.3
199	12.2	11.8	13.2	13.7	17.9	22.9	26.3	27.3	21.7	19.9	12.3	13	62.2	53	12.7	15.9	106.8	8.9	22.2	1.1	28.3	34.3	140.9	192.1
200	9.5	10.4	12.4	13.9	18.5	21.3	24.2	26	22.8	19.8	14.8	11.8	39.5	71.4	35.9	8.3	34.2	8.4	9.9	1.8	2.7	14.9	58	120.7
201	11.3	10.2	11.9	15.3	18.3	23.1	25.6	27.1	22.7	19.2	13.8	12.7	97.7	27.6	11.4	65.6	4.1	21.3	0	0	78.6	3.1	88.5	45.2
202	11.3	8.5	12.8	14.4	19.8	21.5	25.6	25.3	22.6	18.9	13	13.7	54.1	61.3	136.6	24.9	7.3	21.5	0	1.4	21.7	70.1	65.7	87.6
203	10.8	10.3	11.8	13.6	19	21.9	23.1	27.4	23.2	19.5	14.4	13.3	120.2	127.9	27	38.1	36.6	2.9	2.3	2.7	47.9	12.9	85.4	116.8
204	11.1	13.7	14.3	13.6	15.8	23.1	27	27.2	24.1	18.5	13.3	13	28.8	24.5	8.3	71.3	31.4	9.8	0	1.4	8.7	83.8	72.6	10.7
205	11.5	11.5	11.1	14.4	18.3	19.7	26	25.8	24.5	19.8	14.8	12.9	25.1	21.3	25.1	26.6	7.3	2.1	20.6	1.1	4.5	118.2	49.9	81.1
206	11.3	10.9	14.1	14.4	18.5	23	28.3	24.3	22.9	20.4	15.3	11.6	34.4	21.5	24.9	89.5	31.6	15.1	0	32.7	111.4	105.8	158.8	64.1
207	10.6	10.7	11.2	14.6	18	24.8	24.5	25.6	22.3	19.2	14.2	12	56.7	32.4	128.8	16.1	6.1	0.8	16.3	9.2	0.2	77.4	99.8	84.8
208	10.6	10.1	12.6	12.6	16.4	20.9	24.2	26.7	22.8	19.5	14.9	11.9	58.3	44.6	24.8	22.6	21	2.8	0.1	0	27	80.4	36.4	56.7
209	10.5	10.3	11.7	15	16.2	22.1	24.3	25.7	24.4	19.6	18	9.5	4.8	54.5	25.7	20.5	47.4	17.8	0.1	16.3	1.7	36.9	38.6	59.1
210	11.7	9.9	12.7	14.7	17.8	24.3	26.8	28	24.2	17.2	14.9	12.6	6.6	57.1	62	46.3	28.9	13.2	1	0.3	44.7	68.7	67.4	119.5
211	10.9	11.7	12.9	14.9	20.6	23	27.6	26.5	23.7	19.3	13.8	12	34.3	44.2	22	49.7	30.1	4.1	4	8.1	54.3	46.9	21.4	72.1
212	9.4	13.1	12.9	13.7	17.8	22.8	24.3	26.1	23.6	19.7	15.4	13.3	34.3	43.7	10.4	22.2	2	32.9	1	14.9	12	166.5	78.1	148.2
213	10.3	13.8	12.5	15.2	17.1	22.9	25.8	25	22.5	19.9	15.1	12.8	50.3	23.7	66.2	82.1	13.1	22.4	0.1	5.6	3.1	114.9	105.8	129.7
214	11.4	9.3	11.7	15.1	17.3	23.5	21.9	27.6	23.4	19.8	15	11	64	63.4	78.1	31.4	3.2	17	8.4	0	3.7	40.6	53.3	112.1
215	10	10.1	14	14.3	16.7	22.3	24.7	27	23.3	18.8	15.4	13	49	33.4	25.5	26.1	49.3	10.9	9.1	0.2	3.2	71	134.8	68.1
216	12.1	10.1	11.7	15.8	18.7	23.5	24.7	26.5	24.7	20	16.3	13.8	31.9	60.9	24.6	24.8	2.3	2.2	0.4	11.2	43.2	64.4	21.3	48.9
217	10.5	8.5	10.7	12.9	18.2	22.5	25.6	26.1	22.7	20.1	14.1	12	99.9	15.6	73.1	38.9	10.6	0.3	7.1	6.1	13	118.1	111.9	111.6
218	11.4	10.5	12.8	14.3	19.2	20.5	22.1	25.8	24.9	19.8	13.8	10.9	15.8	43.8	41.9	29.6	1	13.9	1.6	0.4	28.6	113.4	337.9	35.2
219	13.5	12.1	13.1	15.2	18.8	23.5	26.9	25	23.8	17.8	14.4	12.7	96.6	36	9.4	13.8	21.3	12.5	1	5.6	100.9	36.9	14.3	81.7
220	11.7	8.8	12.5	15	16.8	23.4	23.3	25.3	22.4	17.1	15.3	12.4	83.2	134.6	37	85.4	70.5	65	63.8	25.1	55.5	94.3	61.7	94.2
221	9.2	11.6	12.9	13.4	18.1	22.7	22.7	27.2	23.1	19.3	13.7	11.8	31.7	48.9	95.7	29.6	59.4	17.5	3.8	2.4	32.3	109.6	136.9	153.1
222	12.5	12.9	12	14.6	18.5	22.7	26.2	25.2	22.6	19.6	12.7	11.5	16.1	74.3	29.7	49.7	22.1	0.5	8.1	43	109.4	77.8	319	53.2
223	12.9	9	12.3	16.8	18	21	27.5	27.1	21.5	20.1	15.8	12.1	72.4	226.2	14.6	42.9	28.6	58.4	0.1	4.2	9.7	61.5	52.2	73.5
224	10.4	11	11.7	15.5	18.4	23.9	25	26.5	24.2	21.3	14.4	13.1	28.4	55.3	39.9	16.5	28	7	2.1	11.7	26.2	56.6	165.9	51.3
225	11.6	11.9	12.3	15.6	19	21.7	25.5	27.8	22.5	18.6	15.6	12.8	10.9	53.6	17.9	13.4	26.1	12.3	0	34.9	36.1	16.6	124	42.8
226	11.3	10.6	11.1	14.6	18.5	21.4	27.4	25	23.3	18.9	15.9	11.2	9.4	30.8	88.2	17.6	101.6	2.5	0	2.6	16.2	85.1	77.9	153.5
227	12	9.2	11.7	16.4	17.4	23.5	24.2	26.3	22.7	18.8	14	10.4	82.6	6.7	11.8	7.6	9.6	56.4	1.2	1.8	25.4	33.2	180.1	185.4
228	10.4	14.1	11.4	14.3	17.1	22.5	23.9	26.3	23.2	19.3	16.2	10.4	99.1	9.6	45.3	121	6.9	4	1	0	32.3	67.4	230.1	75.9
229	11.9	10.3	10.8	15.4	20.3	21.6	24.9	26.5	23.4	18.8	14.3	12.4	66	44.6	5.6	40.2	58.2	7.2	2.5	9.8	16.2	3.2	91.3	43.2
230	12.6	13.1	14.5	14	18.3	21.3	26.5	27.1	23.7	20.1	16	12.3	26.1	22.4	47.9	57.2	12.2	1.6	0	0	4.4	106.7	151.2	41.7
231	12.3	11.7	12.7	15.1	17.4	22.6	24.6	26	23.6	19.8	14.7	11.2	16.5	13.5	39.9	28.9	46.8	0.5	1.2	2.6	39	26.5	70.8	32.7
232	10.4	9.5	12.5	14.7	20.5	22.6	23.6	25.7	23.2	19.9	14.1	12.1	19.6	18.9	186.2	10.7	65.4	16	2.1	0.1	15.9	29.9	29.5	90.2
233	10.9	12	10.3	15	16.6	22.3	24.4	25.6	22.4	20.5	16.5	12.9	43.4	32.3	72.5	52.7	107.7	5.6	1.7	6.2	18	240.4	165.2	46.5
234	11.5	11.9	10.6	15.2	19.1	22.3	24.5	25.1	25.5	20	14.4	10.6	158	15.5	10.4	32.3	36.2	12.6	0.5	0.3	8.4	14	98	24.8
235	8.3	10.6	12.5	14.5	18.6	23.3	25.5	25.7	21.9	17.9	16.2	13.7	60.3	57	36.1	48.8	20.8	7.5	0.3	0.4	24.4	31.2	23.1	61.9
236	11.2	10	12.2	13.7	19.9	21.6	25.9	26.8	22.2	18.4	16.3	11.6	79	11.5	29.7	12.4	4.9	1.8	0.3	0.3	5.9	14.6	84.7	70.9
237	9.5	11.7	11.5	13.9	17.1	22.2	24.6	26.3	22.8	17.2	15	12.6	24.4	11.7	70.4	43	45.4	51.5	0	29.7	60.1	26.1	117.9	72.9
238	11.7	11.1	11.1	14.4	18.2	25	26.7	26.3	24.8	19.7	15.2	12.1	51	22.9	27.1	23.2	12.3	4.3	0.3	0.6	77.7	232.8	168.1	76.5
239	12.3	10.7	11.8	16.2	18.3	23.3	24.7	23.8	23.1	19.2	14.9	13	65.1	132.5	4.3	56.3	4.3	21	5.8	12.5	44	35.2	286.7	73.8
240	11.6	10.7	12.5	13.9	18.1	22.2	25.4	29.1	22.9	21.6	14.7	13.2	66.5	33.5	75.7	47.4	20.7	2.4	7.8	0.2	60.9	49.3	110.9	108.6
241	9.6	12.1	12.5	13.9	18.1	22	24.6	25	25.3	18.5	14.3	12.7	52.6	27.2	6.6	101.4	42.8	23	19.6	3.3	14.7	8.9	48.5	75
242	9.9	11.2	13.8	15.2	15.4	22.4	26.9	27.5	22.5	18.9	15.3	11.3	64.7	24.2	19.1	71.4	21.4	4	30.1	0.5	2.1	124.1	18.9	33.9
243	9.6	14.2	12.8	15.3	18.8	21.3	25.1	25.2	21.2	19.9	15.3	11.1	77.7	62.9	115	44.5	9.2	2.1	0.3	0.6	6.9	67.7	172.5	103.2
244	9	13.1	12.1	15.3	17.9	25.5	25.6	26.3	23.6	19.8	16.6	11.6	17.1	20.5	129.3	58.3	37.7	6.9	0	0.6	17	23.2	81.8	179.9
245	11	12.6	11.2	14.9	21.4	22.3	27.2	26.7	23.8	19.3	15.3	12.9	32.1	8.3	8.1	37.4	0.7	7.7	11.7	2.6	2	124.4	19.9	119.3
246	11.2	11	13.3	14.6	17.3	23.3	24	25.1	21	19	12.4	12.3	86	95.3	54.6	34.2	22.7	14.4	0.6	9.2	43	244.7	61.7	90.6
247	13.4	10.7	13.4	16	17.2	22.7	25.7	26.4	25	18.5	14.2	12.8	109.7	224	41.3	15.8	41.2	6.8	0	0	7.7	70.9	35.3	20.1
248	9.7	11.5	13.9	15.6	17.4	21.7	27.6	26.3	22.3	19.5	15.4	13.2	14.3	15.5	12.4	48.7	86.6	3.2	0	1	96.2	200.1	152.4	108.7
249	10.6	12	12.8	14.2	16.6	21.7	25.3	24.7	25.6	19.9	14.5	11.3	59.8	23.3	63.8	73.1	15.3	10.6	0	5.4	23.8	58.8	40.9	40.5
250	10.8	9.7	11.3	15.1	21.1	21.3	24.9	25.1	24	19	15.9	10.8	45	43.2	37.1	39.4	4.7	26.8	3.8	20.2	35.7	339.6	85.6	22.4
251	9.6	10.9	10.6	13.3	17.8	23.5	23.5	24.8	23.4	18.3	14.4	12.1	54.7	32.7	32.9	36.9	68.9	0	9.6	2.2	4	80.4	37.9	23.2
252	11.3	11	12.1	15.2	17.6	23.2	23.8	26.1	23.9	19.3	15.9	12.2	30.9	42.7	59	31.1	2.8	8.8	13.7	0.1	10.3	33.3	51.4	81.3
253	10	7.6	12	14.7	18	22.8	23.3	24.9	23.6	19.7	15.5	11.1	9.7	42.5	125.2	25.7	38.3	1.2	14.3	0.7	180.6	75.4	190.1	69.2
254	12.6	10.4	11.3	14.8	19.2	20.3	26.7	27.9	23.4	19.3	14.1	12.2	80.8	31.6	88.2	26.4	147.6	45.2	0	6	2.6	54.9	103.8	150.3
255	9.5	11.7	11.6	13.7	17.9	19.5	24.9	26.5	23	19.4	14.4	9.2	21.3	14.3	10.2	30.1	23.3	3.5	12.7	9.2	142.2	148.7	33.2	58.9
256	10.1	9.1	11.9	15.8	17.9	22.8	24.3	25.8	21.3	18.8	16	12.2	60.9	52.5	137.3	51.2	39.2	26.8	5.8	0	47.5	51.7	272.7	143.8
257	10.7	8.2	12.1	16.6	18.9	21	26.2	25.3	23.9	17.3	12.2	11.5	85	209.9	44.9	38.5	152.2	14.2	2.8	0.1	33.9	105.1	110.1	69.3
258	10.3	12.2	13	12.8	17.5	21.6	25.4	27.5	23.3	19.5	13.1	11.8	46	65.5	72	30.5	15.4	3.3	41.2	1.6	14.1	130.4	213.1	58.2
259	10.5	9.5	12.5	14.8	18.5	23.1	25.5	26	23.4	17.8	15.9	12.4	4.2	5	10.2	95	4.5	29.6	1.9	1.5	8.9	54.6	22.4	36.7
260	10.5	12.6	11.4	13.1	17.5	24	21.7	24.6	23	19.5	14.1	9.1	15.7	42.8	39	53.6	37.5	34	4.9	0.7	4.9	48.9	117.5	39.9
261	11.4	12.2	13.5	13.6	17.4	24.1	26.6	25	22.8	19.1	14.3	13.8	30.5	61.8	11.8	15.8	58.6	0.2	0	111.6	170.2	168.7	33.5	122.8
262	13.2	9.1	14.5	14.9	18.6	22.5	26	24.1	23.6	20.6	17.1	10.5	116.9	81.8	19.1	86.2	44.7	1.1	5.6	25.8	36.9	101.8	40.9	46.3
263	10.7	11.5	11.5	13.4	16.8	20	24.9	25.3	23.2	20.5	13.8	11.8	7.2	20.1	2.9	66.4	51.8	18.5	6.9	0	107.8	11.7	13.2	103.9
264	11.3	14.5	14.1	16.3	18.9	25	23.5	25	22.3	20.5	16.2	12.3	102.4	20.9	25.7	22	26.7	0.6	0	10.8	63.9	9.5	108.5	34.6
265	12.5	10.4	11.6	14.1	17.7	24.4	26.4	27.5	24	19.4	15	12.3	69.8	45.3	78.4	54.4	65.9	10.9	0.1	67.8	56.9	43.6	9	106.3
266	10.6	8.9	11.7	14.6	17.1	22.1	26.9	26.3	21.9	20.6	15.9	12	42	45	98.6	137.4	17.5	10.2	1.3	3.2	71	57.6	56.2	146.9
267	11.1	10.1	12.5	14.2	16.5	21.1	24.3	25.3	22.2	19.1	15.5	9.6	100.4	22.2	80.2	65.3	45.5	12.8	3.3	40.6	6.4	26.3	201.4	21.9
268	13.1	10.6	13.3	15.3	18.3	20.5	22.9	22.8	23.3	20.6	16.6	11.5	54	122.7	10	31.9	64.3	26.3	14.9	32.9	64.3	53	128.5	87.4
269	11.6	9.1	13.5	14.2	17.5	21.6	25	26	23.1	20.4	14.2	12.3	43	7.1	35.2	63.7	7.9	58.3	0.8	2.8	199.2	37.5	10.4	54.7
270	12	10.1	9.9	13.9	17.1	19.5	26.4	26	24.3	18.7	14.8	12.1	17.5	83.9	80	17.7	24.7	15.4	2	0	23.6	92.1	232.4	93
271	13.8	10.7	12	13.6	18.6	21.5	23.4	26.2	23.3	20.9	14.8	11.9	18.2	42.4	24.8	23.5	17.4	4.9	0.1	10.4	18.6	59.1	60	41.8
272	8.1	12.3	13.2	15.9	16.7	22.6	26.7	23.6	22	18	15	14.1	12.3	114.9	31.1	8.7	15.9	20.7	0	36.7	71.7	15.8	58.4	25
273	11.4	9.1	15.1	14.7	17.1	24	29.1	26.7	23.7	17.1	14.7	11.5	43.1	51.2	22.2	56.1	75.9	2.5	0	0.9	54.7	164.2	70.6	104.1
274	12.2	14.2	10.2	14.2	18.3	23.4	25.3	27.2	23.9	17.5	15.6	12.9	128	6.1	7.4	13.1	54.6	8	0.1	4.2	109.7	71.8	92.3	48.1
275	11.5	10	13.7	15.8	19.9	22.5	25.3	25.6	22.6	20.4	12.7	9.4	29.5	78	0.9	33	8.2	19	4.9	7	125.1	80.4	136.2	94.6
276	11	9.6	12.8	14.5	20.9	23.7	26.6	26.2	23.4	19.4	13.6	11.9	36.9	65.4	110	28.8	0.7	29.5	0.2	4.9	14.8	22.4	66	131.3
277	10	10.3	9.7	13.7	19.2	20	23.8	23.6	23.9	17.9	14.4	10.7	6.8	57.8	147.1	41.5	79.6	41.3	0.2	11.3	0.3	78.1	167.1	92.8
278	10.4	12.6	12	15.2	17.1	22.6	26.7	26.4	23.1	19.3	16.1	11.5	7.1	15.9	24.7	42.1	55.7	9.6	1.8	6.8	52.9	237.6	95.1	83.3
279	12.7	10.5	11.8	14.7	18.4	22.3	24.5	25.6	24.6	20.9	15.1	11.2	52.5	113	17.2	58	25.9	14.5	3.8	67.2	10.4	93.2	37.6	178.7
280	9.1	10.6	12.7	15.1	19.8	21.2	25.9	26	22.8	18.5	15.3	12.2	64.6	10.9	66	41.1	21.1	51.3	3.1	1.5	2.4	108.7	186.4	29.3
281	11.4	9.8	11.9	13.5	20.1	23.2	27.2	26.5	23.7	17.8	14.1	14.1	80.4	105.1	26.6	19.3	29.9	25.1	5	0	0.5	49.8	25.6	55.4
282	10.9	12.7	13.3	15.4	19.9	23.2	27.2	26.5	22.3	19.1	15.6	12.5	65	70.7	45	40.5	25.3	17.6	0.2	17.4	122.9	99.9	162.1	110.8
283	9.6	12.8	13.5	15.2	18.2	23.3	24.7	25.4	22.3	21.7	15.4	10.2	58.3	103.6	148.9	124.8	15.8	21.7	0.2	23.9	10.5	41.3	72.3	34.5
284	10.4	13.1	13.2	14.6	19.4	23.3	26.6	25.4	22.7	21.3	12.6	11.8	39.1	32	94.1	30.2	36.2	1.8	0	0	77.2	92.6	85.6	68.1
285	11.5	6.1	12.5	15.7	15.9	22	23.8	24.8	23	17.2	13.5	12.3	40.4	26.4	64.2	100.9	53	12.6	0.4	0	73.6	75.2	29	67.9
286	10	8.5	12.3	13.9	20.1	24.1	24.3	25.7	22.2	17.3	14.8	13.2	20.5	55.6	47.2	154	25	8.4	0.3	10.8	48.3	367.9	145.1	182.3
287	11	11.6	11.8	15.5	17.9	22.4	23.1	26.7	23.1	18.8	16.4	11	29.4	20.2	159.5	38.6	96.2	1	16.8	0.4	2.5	225.9	56.6	70.8
288	11.2	9.6	11.4	14.1	19.7	22.2	25.6	25.6	21.8	18	17.8	12.8	41.3	84.5	17.9	30.9	19.3	10.9	1.7	1.9	111.8	47.7	16.5	39.6
289	9.7	11.6	14.2	14.4	16.8	23.3	27.6	23.5	22.2	19.2	14.4	11.5	18.5	64.1	91.3	52.7	2.9	7.9	0	65.2	5.4	7.9	151.7	59.2
290	10.3	12.2	12.5	13.5	17.4	24.1	25.5	23.7	23.5	20.8	15.7	12.9	30.1	27.1	9.3	36.8	53.5	52.8	3	33.1	13	73.1	26.8	174.6
291	11.2	9.8	12.5	13.4	17.9	21.9	24.1	25.6	22.4	19.3	15.4	13.7	38.9	32.7	94.1	31.1	12	5.3	5.2	15.2	87.8	32.3	68.2	35
292	11.9	13.1	13.4	15.9	17.7	22.2	24.7	28.1	23.9	18.7	15.5	12.2	140.3	69.6	48.2	36.5	22.5	2.5	0.2	0	6.1	213.5	67.3	70.6
293	10.9	11.9	14.1	13.9	18.6	22	28.4	27.1	24.4	19.6	16.5	10.7	33.7	86.8	91.2	56.6	47.8	47.6	0	0	43	52.5	41.7	50.6
294	12.3	11.1	12	14.8	19	22.8	25.1	24.6	23.2	18	16.3	12.2	108.6	69.2	41.2	14.9	3.9	11.8	0	2.1	0.7	55.1	91.5	176.9
295	11.2	10.2	13.5	15.8	15.8	23.1	20.1	26.5	22.9	19.6	14.7	11.5	332.8	39.8	41	23.5	71.1	3.4	35.1	2.9	29.1	66.1	427.1	99.6
296	10.3	12	13.4	15.1	19.4	21.9	26.7	26.6	22.2	18.7	15	13	71	66.6	67.4	37	27.1	2.6	6.8	0.1	65.6	90.2	43.3	20.5
297	12	12.8	12.4	13.8	21.3	22.3	25.2	27.8	22.7	19.6	13.4	12.1	53.1	60.2	66.8	44.1	0.5	2.5	8.9	0.1	21.6	124.4	19.3	138.1
298	10.6	11.7	12.4	14.9	17.5	22.1	22.4	25.5	23.7	20.1	15.9	12.5	19.3	145.7	8	46.8	5.4	19.6	1	9.9	25.7	7.5	136.5	39.6
299	11.1	10.1	11	14.3	19.6	22	26.1	25.4	24.5	19.8	13.4	11.4	17.2	105.6	33.1	71.9	21.9	12.6	0.1	9.1	7	62.5	163	87.4
300	10	10.3	11.4	14.2	18.3	22.7	25.5	25.2	24.8	20.9	13.4	11.1	104	33.1	132.4	26.1	4.5	2.1	0	17	33.8	71.6	64.7	150.7
301	10.8	8.2	12.8	14.6	18.3	24.2	27.1	26.6	22.5	20.3	14.3	10.9	58.3	87.2	28.9	43.8	7.4	55.7	1.9	2.6	118.4	105.1	84.8	49.6
302	11.3	11.8	12.6	14.8	19.5	22.8	26.5	26.6	23.9	20.1	16.3	13	16.6	44.7	3.3	44.3	26.7	36.4	3.4	9.7	10.2	102.8	113.9	127.6
303	10.1	13.2	13.2	15.2	18.6	20.1	24.7	25.5	23.7	21.1	14.5	13.3	13.1	87.7	41.2	2.2	6.5	6.3	3.2	1.1	20.9	80.5	105.6	101.7
304	13.6	11.6	12.1	14.8	19.1	23.3	23.7	25.7	23.5	19.6	15.4	12.6	36.2	68.4	96.4	50.6	6	10.1	35.9	2.4	132.3	130.2	113.1	93.6
305	11	10.9	11.2	14.8	18.7	23.9	24	23.4	23.3	18.2	14.7	13.6	9.5	32.4	35.9	75.5	73.7	46.9	0.2	10.7	34.9	14.8	181.6	24.7
306	11.2	12.7	12.2	15.9	19.6	21.4	25.7	25.6	22.9	19.8	13.6	12.4	81.7	48.6	10	12.2	47.5	23.8	2.1	15.4	3.1	112.8	132.8	103.4
307	10.3	10.9	12.4	16	18.3	24.7	24.3	24.6	22.1	18.2	17.3	10.1	11.5	127.1	11.1	49.3	64.2	22.4	2	2.1	2.7	16	247.2	87.9
308	10.1	10.4	11.7	14.4	19.5	23.8	26.4	26.1	24.2	19.4	14.9	10.8	150.3	24.4	12.5	71.5	29.4	10.7	10.4	18.7	39.5	45.5	70.3	89.3
309	10.8	10.3	12.4	14.3	18.7	21.7	27	25.8	24.2	20.1	13.5	10.8	15.6	15	26.9	52.1	16.6	11	0.1	1.9	106.4	94.1	32.6	164.4
310	10.6	10.8	13.4	14.3	19.3	23.8	27.4	26.4	21.9	19.4	15.9	11.2	48.4	42.7	67.3	182.6	23.5	1.6	0	0.3	40.5	28.9	37.8	56.5
311	10.1	11	11.3	14.3	19.3	21.1	24	25	22.3	19.4	16.7	12.1	29.1	81.5	29.4	118.4	40.7	22	9.5	4.6	131.6	118.8	186.1	27.3
312	10.5	10.9	11.3	15	17.3	22.7	24.5	26.5	22.1	21	16	11.8	58.1	182.4	34.7	55.7	6.9	4.5	9.7	2.6	11.3	32.4	87.7	91.5
313	9.8	8.8	10.8	15	17.8	24.2	25.2	26.2	21.3	21	16.3	12.5	1.8	35.8	16.1	111.6	103.1	15.6	0.1	2.6	42.2	17.2	86.7	50.7
314	11.7	13.8	11.8	14.6	18.8	21.1	25.1	25.4	23.3	18.1	14	11.2	126	6.7	55	10.8	20	7.3	4.8	33.4	46.2	44.1	74.9	42.6
315	10.4	11.2	12.2	14.6	17.2	22.5	28	26	24.5	19.2	15.1	10.1	5.3	137.5	3	12.3	49.2	0.9	0	0.5	39.1	29.5	44.4	77.7
316	10.4	11.4	13	13.7	19.5	22.2	26.1	27.8	25.7	19.6	14.9	10.4	42.1	32.1	12.4	37.1	75.2	3.1	9.2	0.1	2.2	206.8	34.7	59.1
317	10.6	8.2	13.4	14.4	18.1	23.5	23.7	25.9	21.8	19.3	12.9	12.8	148.1	42.8	46.6	32.4	2.3	2.6	18.6	2.8	19.5	22.1	165.8	180.9
318	10.3	10.4	11.1	14.5	18.5	22	26.1	27	21.4	18	13.7	12.3	16.6	78.1	95.9	20.8	23.1	3.7	0	1.6	9.5	23.7	132.8	119.3
319	9.9	11.1	12.1	15.8	19	20.6	23.4	25.1	24.8	17.9	16.1	12.1	27.2	69.2	71.3	19.2	36.5	19.6	22.1	11.8	38.5	191	57.9	38.9
320	13	13.2	13.1	13.7	20.1	21.9	26.3	27	23.3	20.6	14.2	13	44.7	252.2	48.2	20.3	10.1	0.3	0.1	2.8	3.5	9.4	32.2	48
321	12.5	10.6	12.5	14.2	20	22.3	24	24.2	21.6	20.4	13.4	12.2	134.8	27.1	43.3	39.9	0.5	13	3	0.3	20.1	87.3	58	182
322	12.1	12	11.5	14.8	17.8	22.4	28.2	25	23.7	20.7	16.5	12.2	75	71.7	42.4	16.9	106.4	13.2	0	21.5	11.2	101.3	45.1	57
323	10.8	11.1	11.3	14.3	18.5	23.6	25.9	27.1	24.2	19.1	15.1	12.7	33.2	29	52.2	28.8	46.5	3.9	0.2	2.2	19.6	21.5	138.1	134.3
324	11.4	11.4	12.6	15.1	17.4	23	25.8	24.7	22.7	17.5	13.4	10.9	71.3	93.9	8.5	75.2	55.4	11	0.4	13.1	8.5	76	94.4	30.3
325	11.6	10.9	13.5	14.2	16.3	22.3	27	28.9	23	20.6	15.4	12.1	78.8	75.4	69.8	22	41.1	98.9	0	1.2	0.1	35.3	83.2	230.1
326	11.3	13.6	12.9	13	16.6	22.8	25.9	25.6	23.4	19	15.1	10	79.7	73.8	16.5	36.7	96.3	34.8	0	0.3	24	109.3	48.3	22.5
327	10.6	10.9	12.3	14.4	18.8	22.6	26.2	24.8	22	20.6	16.1	14	81.2	78.7	9.7	66.1	0.8	35.5	15.4	22.8	21.1	96.9	159.1	71.4
328	9.2	12.5	13.2	13.2	20.1	23.4	25.2	27.7	23.4	19.7	14.2	10.4	42.4	56.1	31	53	3.2	11	0	0	80.3	78.3	129.8	55.7
329	11.1	10.1	12.3	15.6	19.8	20.5	25.8	25.9	23.2	18.7	14.4	12.5	25.2	51.1	99.5	17.2	22.4	32.7	0	2.5	5.6	111.3	276.4	73.1
330	12.2	9.2	12.8	16.8	19	20.9	26.1	27.2	21.9	19.3	16.2	12.9	26.2	101.8	29.9	25.5	116.1	29	1.1	2.6	9.2	58.9	20	200.1
331	12	11.3	10.9	14.6	19.1	20.5	24.6	25.4	24.5	16.7	14.7	10.8	10.7	40.9	121.1	34.3	10.1	12.9	7.9	9	111.2	25.9	81.9	168.4
332	11.8	11.1	13.5	15.5	17.3	23.7	25.4	27.2	23.6	19.3	15.5	10.7	7.8	56.2	48.5	32.4	36.3	2.8	13.6	0.2	57.9	240.8	40	53.8
333	12	12.4	12.7	13.8	18.4	21.5	27.1	25.7	22.1	19.3	15.9	11.3	24.2	70.4	50.5	22.4	19.7	15.3	0.9	0.2	49.6	27.8	97.3	108.4
334	10.9	11	11	13.5	18.8	21.5	24.6	24.8	24.5	18.6	15.8	12.6	13.6	44.4	11.6	59.7	48.6	10.6	3	0.7	12.1	23.8	26.7	111.2
335	9.4	10.6	9.4	13.5	18.4	21.6	23.3	26.1	22.6	19.2	14.9	12.4	35.6	85.4	79.3	71.7	3.5	12.6	6.4	0.6	19.7	69.7	61.2	128.2
336	9.8	9.7	12.6	14.7	18.1	19.5	26.9	25.3	22.6	18.3	14.5	10.9	26.7	29.4	1.1	38	79.2	61.5	6.2	5.8	9.3	198.2	147.2	57.6
337	10.8	13.1	11.4	13.2	16.2	21.8	25.1	27.4	23.7	19.9	16.4	12.8	11.7	9.3	65.4	31.7	53.4	4.2	0.2	3.3	13	162	121.4	166.6
338	9.7	12.5	11.4	13.3	16.7	22.1	23.5	23.8	21.4	19	16.5	12	52.4	31.4	65.8	32.4	4.4	43.2	1.7	0.1	19.4	126.4	101.6	53
339	13.5	11.1	13.4	16.1	18.6	23.5	24.8	27	22.9	18.2	12.9	13.6	16.7	43.5	54.3	39.7	70.5	0.4	15.3	1.7	36	1.5	322.5	125.9
340	12.3	10.9	11.4	13.8	17.4	22.1	25.4	25.6	22.9	19.3	14.6	10	14.3	42	1.6	21.7	16.5	32.3	0.2	18.1	10.2	119.4	134.5	39.9
341	10.8	9.3	13.4	14.2	18.3	24.3	25	26.3	24.4	17.1	14	12.8	57.1	25.5	9	33.9	36.5	3.1	26	5	0.2	67.8	13.3	49.3
342	9.4	11.4	13	16.3	18.4	21.5	25.4	26.3	25.7	19.7	14.8	12.7	9.4	122.5	47.9	19.9	31.1	11.9	4.6	33.4	26.2	116.8	115.7	122.7
343	12.1	9	10.4	13.7	18.2	22	24	26.8	25.7	19.4	14.4	11	26.5	36	27.5	72.8	7.3	3.7	2.6	13.1	0.5	33.9	122.8	10.8
344	10.7	12.8	12	14.2	16.2	23	22.2	26.3	22.2	19.7	16.6	12.4	36.4	5.5	14.8	12.4	8.9	21.4	41.8	3.9	193.6	157	44.5	102.6
345	11.5	10	11.8	15.5	17.5	22.4	24.7	26.1	23.4	19	15.4	12	5.5	17.7	31.1	42.3	0.1	11.4	2.6	42.4	26	37.1	246.2	34.9
346	10.9	11.3	12	14.6	18.2	22.8	24	26.9	23.4	16.9	15.4	10.3	154	42.3	122.2	32.5	7.5	141.2	13.6	0	6	98.4	4.3	7.8
347	11.4	11.5	12.7	13.6	17.9	21.2	26.2	26.5	23.1	19.3	14.1	13.9	43.7	137.2	55.3	52.8	59.7	19	0	0.6	58.8	42.7	33.6	65.8
348	13.2	9.8	12.2	15.2	19.2	24.7	27	25	22.9	20	14.7	14.6	52.9	55.5	47.6	27.1	8.8	24.8	0	1.5	16.1	15.8	16.2	56.2
349	10.7	7.9	11.7	14.7	19.6	23.7	26.9	27.2	23.6	17.5	15.3	12.9	29	168.2	53.5	29.9	26.7	2.2	7.1	0	48.8	95.4	44.6	63
350	11	10.9	11.9	14.9	20.2	23.7	25.8	26.1	23.9	18.8	13.9	12.5	72.1	5.7	40.3	78.4	34.6	4	0.3	0.1	37.3	73.5	107.5	132.4
351	14	12.4	13.8	15	17.5	21.5	25.9	25.4	22.8	21.4	13.7	13.3	20.9	27	59	53	27.6	4.2	0.4	0.5	18.1	127.7	7	194.7
352	10.1	11.5	12.7	13.6	17.5	21.3	25.1	25.6	23.6	17.4	15.7	12.5	44.5	60.3	40.6	16.3	11.7	0.1	7.8	3.7	12.1	105.8	33	158.8
353	11.2	9.4	11.1	14.8	17.9	21.7	23.6	26.2	22.1	21	16.1	13.5	31.4	18.8	34.7	47.7	22.2	4.7	4.2	6.9	95.5	20.8	55.6	154.3
354	12.2	11.5	14.1	13.3	19.4	22.2	27.1	24.9	23.1	17.7	14.1	12.7	16.8	39.6	21.1	59.9	5	8.5	0.1	2.2	47.5	151.9	76.5	249.6
355	11.2	12.6	12.8	13.7	18.6	22.5	25.2	26.7	22.3	19.2	13.6	8.8	82.9	52.7	5.8	88.3	53.2	38.7	1.2	78.1	12.4	21.5	97.3	33.6
356	11.9	11.6	13.1	13.6	19.1	24.3	26.2	26.1	21.2	18.4	16.3	11.8	91.7	9.6	25.2	19.6	10.5	6.6	0.3	0	62.2	59	81.3	158.2
357	11.9	12.6	12.9	14.4	20.9	26.6	26.2	24.7	22.3	21.3	14.2	11	73.3	17.1	67.2	23.5	6.4	0.3	3.2	52.3	55.7	25.7	66.9	9.3
358	13.1	8.8	12.4	13.5	19.1	24.1	24.5	24.7	23.2	22.1	15	13.5	154.5	20	59.2	43.5	23.8	1.3	3.8	9.3	19	12.7	130.8	121.4
359	10.8	10	10.9	14.5	17.9	21.3	25.9	25.1	22.5	18.3	15.3	12.5	61.4	76.9	37.9	26.1	16.2	0	0.1	2.6	3.4	53.8	46.6	33.5
360	10.2	11.8	13.2	13.6	17.4	19.5	27.4	24.9	22.8	18.2	14.9	13.7	106.4	66.9	21.6	35.7	10.1	4	0.3	19.6	39.6	119	21.6	193
361	10.8	9.5	12.1	12.8	17.7	20.1	23.1	25.7	23.3	18.3	14.7	14.2	25.3	40.6	121.2	17.3	2.1	6.7	29.7	1.4	56.6	32.7	47.4	213
362	10.4	11.7	14.1	13.9	17.9	22	27.4	25.7	25.5	20.7	14.6	12.8	19.5	11.9	83.5	72.4	15.1	35.3	0.8	18.9	4.8	17.7	87.7	68.6
363	9.4	11.1	13.8	13.5	17.6	19.2	23.5	26.5	23.8	19.1	13.5	11.8	6.3	92.6	42.6	57.1	5	57.8	1.7	0	62.6	91.5	83.9	38.3
364	13.3	10.3	13.3	14.2	17.6	21.6	25.4	25.3	22.5	21.2	13.9	15	76.5	13.4	43.3	38.1	4	25	16.7	54.3	14.5	20.6	172.4	70.6
365	11.5	12.2	14.1	15	20.6	24	25.3	28.1	22	18.1	14	11	68.6	28.9	40.5	92.1	61.8	12.2	0	2.1	2.8	147.6	64.4	43.3
366	9.9	11	12.7	15.4	19.7	19.1	26.5	27.5	22.7	18.4	15.9	12.6	5.8	12.5	3.8	40.9	17.4	25.8	0.4	22.8	1.2	13.2	331.1	32.2
367	12.7	9	12.6	13.7	16.4	23.6	26.9	25.9	23.9	18.7	13.3	11.3	17.5	74.2	58	62	28.2	13.5	0.1	9.5	7.3	91.3	93.7	71.9
368	10.3	12.1	12.4	14.8	18.4	23.6	24.9	28.1	23.8	19.8	13.9	11.7	2.7	4.7	87.2	9.1	19.3	1.3	21.8	1.6	99.1	36.4	134.4	83.2
369	9.4	9.8	11.7	14.3	16.4	20.1	24.8	25.6	22.3	19.4	14.8	11.1	20.3	44.4	31.7	72.3	35	22.8	5	2.6	3.4	91.7	227.2	138.2
370	12.5	9.9	11.3	15.3	16.3	23.5	22.7	28.6	23.2	20.6	16.5	11.1	30	40.9	6.7	18.8	24.2	47.3	1.7	0.1	61.1	33.8	38.2	169.4
371	9.8	8	10.6	14.2	21.5	23.4	24.5	26.6	24	20.1	14.7	11.6	142.4	30.9	76.7	76.5	1.7	3.8	25.6	23.6	5.9	14.8	77.6	61.3
372	10	12.9	12.6	14.8	18.5	22.9	27.2	24.9	23.9	19.7	14.8	12.8	70.6	70.9	84	65.9	38.4	21.2	0.4	2.1	35.4	111.5	67	40.6
373	9.5	8.8	12.9	15.3	18.1	22.3	25.9	26.4	23.2	20.1	15.1	12.6	46.3	81.7	36.1	14	18.4	18.6	0.5	0	22.9	235.4	37.5	67.3
374	10.1	11.9	11	15.6	18	22.2	25.4	23.9	24.8	19	12.8	12.6	58.9	34.6	41.5	5.8	10	0.2	0	36.7	8.2	60.7	159.1	60
375	12.8	8.9	12.8	15.2	19.6	22.9	26.3	25.6	23.5	17.9	15.3	13.7	21	44.2	51.9	46.3	0.1	1.3	0.9	5	23.5	34.4	110.6	104.9
376	12.1	9.1	13.6	14.7	19.8	23.8	25.3	26.8	23.3	20.6	15.9	14	33.5	48.9	64.5	28.9	36.1	17.8	0	17.9	11.8	9.8	65.9	84.3
377	11	14.9	11.7	14.1	20.2	21.7	26.8	26.8	24.5	19.8	13.7	13.5	5	65.6	83.9	34.1	21.1	38.2	0	6.1	4.8	46.1	47.8	110.6
378	12.8	11.9	10.9	16.7	17.2	23.1	23.3	26.4	25	20.7	16.7	12.7	24.4	71.9	47	41.3	19.8	3.7	3.2	5.5	7.9	63.9	104.6	46.3
379	10.5	11	13	14.2	20.7	21.3	23.5	26.4	21.7	17.5	15	11.7	97	49.9	67	11.5	30.6	11.8	0.7	2.5	54.2	12.7	68	25.9
380	11.2	9.9	12.2	13.4	17.9	24.3	22.1	24.9	23.1	16.6	15.2	12.7	27.3	50.3	23.3	72.7	47.5	0.4	5.1	6	40.2	232.3	87	52.5
381	10.9	9.7	12.8	15	17.9	22.5	27.5	27.7	23.9	19.1	15.1	11.6	238.8	15.1	178.6	92.6	1	0.1	0	0	3	59	54.2	109
382	11.5	9	11	14.7	20.4	21.4	25.9	26.3	22.2	18.2	14.4	11.7	50	38.5	35.8	17.3	39.8	4.7	0.7	2.9	1.1	55.6	149.4	113.1
383	10.7	10	11.2	14.9	17.4	23.1	25.7	25.4	24.6	18.3	16.8	14.3	71	213.9	72.3	56.1	2.2	4	0.4	40.5	23.6	4.7	29.1	168
384	11.4	13	12.9	14.9	18	22.3	26.3	26.2	24	20.4	11.4	11.4	60.9	57.4	59.2	10.2	32.8	25.5	0.2	3.9	45.4	89.9	149.5	68.6
385	8.4	11.2	12.8	13.7	16.8	21.6	26.1	27.3	22	17.5	15.8	13.7	72.7	73.4	3.6	19.9	56.4	19.7	3.9	2.3	46.9	9.2	39	135.6
386	10.6	10.1	11.8	14.8	17.8	22.5	25.5	25.6	23.4	16.7	14.9	12.1	10.2	141.8	15.3	67.1	13.4	2.5	2.4	0	210.3	50.1	54.6	78.9
387	9.5	13.2	12.3	15	18.9	23.4	23.3	25.5	23.3	20.1	14.5	14.9	12.6	36.1	17.2	70.6	14.5	0.9	3.1	0.5	32.5	50.8	106.9	58.7
388	10.6	9.9	11.6	12.9	18	21.9	25.5	25.4	24.8	20.6	16.6	12.8	27.7	21.2	47	38.3	25.7	6.4	3.5	0.1	25.7	48.8	88.3	36.1
389	11.6	8.3	12.8	14.3	17.3	25.1	24.5	24.6	22.4	19.6	15.5	10.9	111.6	161	154.5	12.9	37.6	2.3	1.7	0.8	3.3	132.6	23.6	58.6
390	11.9	10.7	11.8	14	16.9	23.7	22.4	26.6	23.4	18.3	15.7	14.9	64.1	23.3	23.5	15.1	26.3	1.7	16.5	23.6	46.7	59.3	92.9	212.6
391	10.7	10.7	14.4	15.2	17.6	23	23.3	27.4	23.8	19.7	14.3	10.8	72.1	50.9	74.9	42.5	52.9	31.8	1.1	5.9	125	73.5	265.8	45.4
392	9.2	10.8	11.3	14	17.6	21.3	27.2	26.7	22.9	18.6	15.5	13.3	126.4	61.3	42.6	73.1	18.5	124.7	9.3	0.1	40.1	136.5	47.7	65.5
393	11.6	10.7	12.1	13.6	19.6	24.2	26.4	26.6	24.1	19.1	14.3	10.3	105.5	57	20.6	18.3	1.5	26.7	1.6	0.7	38.9	51.7	46.7	54
394	10.9	11.1	12.7	15.2	17.2	22.1	23.8	26.3	24.2	20.1	15.2	11.4	78.1	44.3	35.4	11.9	20.5	4.1	2.1	0.2	14.1	21	128.3	33.8
395	10.9	13.2	12	13.7	16.6	21.7	27.3	26.2	23.4	17.9	14.9	11.7	125.2	2	10.6	17.4	8.4	10.4	1	31.9	13	153.5	112.1	88.8
396	10.8	11.9	11.7	15.1	18.5	23.1	26.1	24.3	24.7	19.3	15.6	13.3	105.9	116.6	39.2	52.2	1.4	3.5	0	0.2	34.3	56	258.6	133.5
397	10.6	8.9	12.9	13.7	15.7	21.5	25.4	24.7	22.7	18	16.2	12.6	63.4	47.8	44.8	48.3	49.7	8	4.9	2.4	9.8	130.1	85.4	74.6
398	8.7	10.8	12.9	13.3	19.1	22.2	26	25.8	23.3	19.7	14.5	12.1	63.5	85.4	47.5	61.4	4.8	13.7	0	0.2	57	20.1	88.5	168.2
399	12.3	8.9	12.2	14.2	18.1	22.9	26.8	26.4	23.4	19.6	15.2	11.9	10.5	136	12.6	140.4	98.7	7.7	2.5	3.7	1.1	10.3	23.4	196.3
400	9.6	12.8	11.3	15.4	19.1	23.2	27.5	23.1	23.4	19.8	16	13.9	8.7	31.1	33.6	17.9	0.1	7.4	0.1	16.5	17.1	102.7	40.3	123.9
401	10.8	12.1	14.2	14	19.1	24.2	24.9	27.1	23.1	17.1	14.9	13.9	37.1	48.4	69.5	115.2	20.3	23.5	0.1	28.4	1.2	12.7	11.4	79.7
402	11.6	11.8	11.6	15.3	16.5	22.2	25.6	25.4	24.6	21.1	15.5	12.3	80.2	76.6	1.6	53.8	14.5	34.3	20.7	4.8	122.7	132.5	114.2	81.2
403	12.2	10.9	11.8	15.2	17.6	23.6	28.2	25.3	23.9	21.7	15.5	12.3	23.8	39.6	27.6	35.2	46.6	1.7	0	0	12.6	36.8	63.8	57.3
404	11.6	11.1	13.4	14.8	18.6	20.8	27.2	25.9	24.7	20.5	14.3	13.6	57.7	83.7	70	48	8.1	15	9.4	15.8	48	4.9	202.9	80
405	11.9	10.2	12.2	14.7	19.1	23.5	26.6	27.6	23.3	19.2	17.3	13.6	54.6	20.8	11.8	35.7	25.1	27.9	4.9	6.1	106.8	110.1	33.6	69.2
406	13.5	12.5	11.5	14.5	19.8	21.3	24.6	25.9	24.5	20	14.5	10.4	110.7	91.5	14.3	7.7	17.8	5.4	29.7	4.6	5.1	25.6	253	76.7
407	12.6	11.7	12.2	13.4	18.7	24.4	25.7	25.9	23.2	19.7	14.2	14.7	79.5	34.4	42.6	74.8	67.4	7.5	0.2	0.2	134.1	67	100.4	154.8
408	11.6	9.7	11.6	15.2	18.7	23.6	27.2	25.9	24.3	19.4	16.3	12.1	49.9	183.6	164.7	93	31.3	7	0	6.9	11.6	43.3	94.5	34.8
409	10.1	10	12.9	14.2	20.4	22.1	27.2	26.9	23.4	21.1	14.8	12.4	64.3	21.3	61.2	45.7	1.6	8.3	0.4	0.3	20.8	16.3	131.8	110
410	7.9	9.7	13.1	15.2	17.8	22.8	25.4	24.3	23.3	19.6	14.5	11.3	28	50.7	8.7	37.2	121.2	1.5	0.7	5.6	15.4	80.1	25.2	45
411	11.9	9.2	11.2	14.5	17.9	24.6	24.5	25.6	23.9	20.6	16.3	11.1	56.8	110.7	1.2	53.7	32	3	0.7	2.1	4.8	65	179.8	42.6
412	10.6	9.5	12.1	15.2	18.7	23	26.4	26.4	23.4	18.3	14.6	11.7	46.3	56	28.2	30.1	29.7	27.3	5	39.9	30.7	78.3	95.5	100.8
413	10.3	12.2	12.3	16.2	18.9	21.9	26.1	27.5	23.5	17.7	15	14.2	36.5	82.1	22	56.1	65.6	23.9	6.8	0.1	7.9	19	114.9	71
414	10	9.2	12.1	14.1	19.1	22.3	24.8	28.7	24.3	18.3	16.1	12.6	23.7	59.3	28.9	52.8	6	2	0.8	5.7	21.8	45.4	30.6	118.6
415	10	10.7	12.2	14.3	18.7	24.1	24	27	23.7	20.7	13.1	13.4	18.3	114.2	16	90.1	30.3	2.4	6	0	55.4	64.1	182.3	110.7
416	11.3	11	10.1	14.9	17.5	20.9	24.7	26.2	23.6	19.5	15	11.9	33	39.6	45.9	30.2	102	3.8	3.3	0.7	21.4	135.1	145.6	121.3
417	10.4	9.9	13	14.6	18.6	21.3	25.6	25.8	23.2	20.2	15.6	12.1	49.8	102.7	65.3	18	12.8	20.2	0	1.5	1.1	4	35.5	30.1
418	11.9	13.3	12.9	15.3	18.3	23.6	25.1	28.1	22.3	20.1	12.4	11.8	37.5	12.4	18.9	79.5	4.2	3.1	0.2	0	130.7	13.2	192.2	67.8
419	11.3	10.2	12.1	14.4	16	24.5	28.1	26.3	23	18.7	15.9	14.2	27.6	73.4	59.5	17.8	51.7	6.1	0	23.3	39.7	106.8	29.3	106.8
420	12	10.1	10.4	14.4	18.4	21.6	25.8	27.8	24.6	20.9	14.9	12	43.7	64.7	103	17	17.3	5.8	1.2	0.8	123.7	69	113.2	34.3
421	11.5	11.6	12.2	16.8	18.2	23	26.3	28.6	23.6	19.4	16.1	11.6	141.3	39.1	45.1	19.3	56.6	3	1.5	0.8	22.2	14.2	65.1	23.6
422	10.3	13.9	13.1	16.3	19.1	20.9	26.9	27.3	22.5	19.5	16.7	11.4	88.9	105.3	57.4	44.8	25.9	15.9	0	7.8	15.2	21	137.1	193.3
423	11.7	12	12	15.6	20.2	23.7	23.4	25	22.4	19.1	18	15	71.4	48.2	18.4	47.3	17.9	11.5	21.3	0.1	6.3	52.4	16.4	56.2
424	12.2	11.3	11.1	13.6	14.2	22.2	25.7	25.5	23.7	21.2	14.8	13.6	50.6	60.4	145.5	26.7	110.4	13.5	0	8.7	35.7	56.4	22.3	173.9
425	9.8	10.1	10.2	15.6	19.2	21	24.8	25.5	24	19.3	14.5	12.4	131.2	36.8	13.5	61.6	16.7	13.9	0.6	2.7	19.8	25.4	177.9	67.4
426	12.1	11.3	12.7	14.6	16.8	20.4	23.5	25.7	22.7	19.6	13.1	12.6	85.4	215.7	16.8	57.6	22.5	24.4	2.6	8.7	30	29.3	33.7	92
427	12.1	10.2	14	15	18	24.8	25.6	25.8	24.2	21.5	15.1	12.6	67.1	32.4	9.4	76.6	49.7	9.2	8.7	0.1	19.4	40.8	48.4	89.2
428	11.9	11.8	13.8	13.4	18.3	22.1	24.4	25.7	23.1	18.4	14.4	14.1	67.1	79.8	21	46.6	21.8	4.8	0.8	0.5	3	149	30.1	167.1
429	11.4	10.9	13.6	12.5	21	22.7	25	25.1	21.3	20.2	14.8	14.2	51.8	53.3	51.8	106.7	8.1	23.4	0.3	4.3	1.6	7	85.8	73.4
430	9.6	11.1	13.8	13.8	18.6	21.2	25.6	28.8	22.4	18.8	15.4	10.7	27.1	51.3	43.4	93.2	96.4	1.2	14.3	0	21.7	35	27.2	55.3
431	10.3	10.4	12.6	14.3	16.6	22.1	24.9	26	22.1	20.1	14.4	12.2	29.6	91.5	10.7	21.5	70.2	50.1	1.8	0	43.8	176.5	170	173.9
432	11.9	11.7	13.7	14	19.8	22.8	25.6	26.7	22.9	18	15.1	12.1	43.6	31.8	6.7	52.3	10.9	3.6	6.7	30.8	35.9	39.3	68	11.9
433	9.4	10.1	11.8	14.7	18.8	23.6	26.5	25	21.8	18	15.1	12.9	53	50.1	163.4	11.1	8.1	3.2	8.1	6.5	188.4	4.3	141.8	174.7
434	11.1	12.8	13	13.6	17.3	21.6	25.8	25	23.6	19.5	14.7	11.5	21	7.8	15.3	44.3	4.2	5	0.1	28.4	10.9	74.9	295.8	63.5
435	11.5	7.4	10.2	14.7	19.6	23.7	25.2	24.2	25.1	18.9	16.7	12	8.3	116.1	59.6	3.9	9.1	14.3	10.4	0.6	18	223.5	45.6	129
436	11.3	10.8	13.3	14.3	16.7	24	27.5	28.9	23.1	19.9	14.2	11.4	45	54.2	7.2	53	74	22.6	0	0.1	20.9	6.4	77.1	17.6
437	12.2	10.9	14.5	15.2	17.9	19.4	25.9	25.1	24.4	20.3	14.3	11.9	25.5	187.2	10	21.5	7.2	18.8	0	8.7	49	93.9	27	61.6
438	10.7	9.8	12.7	15.5	17.6	22.8	27.1	25.8	22.5	19.8	15.3	14.1	94.7	124.8	28.7	9.9	33.2	25.9	0	1.5	269.4	249.8	111.6	114.2
439	11.3	9.8	12.4	14.9	19.5	23.6	23.6	27.1	22.5	19	13.8	13.4	44	65.2	271.5	39.5	11.8	0.5	1.6	0.3	32.2	83.7	44.1	53.5
440	12.4	8.9	12.2	13.5	17.4	23.1	25	26.2	24.3	18.4	16.2	11.6	35.6	40.7	40.4	39.8	3	6.6	0	4.4	2.2	111.4	57.7	100.1
441	11.2	12.3	13.2	13.9	20.1	21.1	24.2	29.2	22.2	21.9	15.6	12.2	62.5	39.2	24.7	63.4	0.4	5	0.3	0.8	2.5	14.7	91	74.6
442	11.7	8.9	14.1	15.6	16.1	26.3	25	26	22.1	20.8	15	10.5	39.6	21.1	73.3	43	26.9	4.6	8.4	21	378.4	108.6	10.3	52.6
443	11.8	12.2	13.2	14.4	17.3	21.9	26.5	27.5	21.7	19	15.3	11.4	122	40.7	42.1	35.5	16.7	3.7	1.7	0.1	144.6	35	80	54.9
444	9.5	11.3	12.9	14.3	18.1	21	25.2	27.3	23.9	19.4	16.1	12.8	74	76	16	22.6	61.2	1.1	7.4	0.6	79.2	44.5	39.3	48.8
445	10.8	12.4	11.3	14.8	18.8	23.6	24	22.7	23.4	17.3	16.1	11.7	55.5	75.1	219.5	38.5	28.1	33.2	0.3	7.2	30.7	63.8	48.9	98.5
446	14.3	9.6	12.6	13.8	19.4	25.4	24.9	27.3	24.4	21.2	14.8	11.1	68.5	78	119.1	37.8	6.7	0	15	1.3	18.9	146	50.5	53.9
447	11.9	9.7	12.9	15.9	17.8	24	25.9	26.6	23.5	19.2	15.2	13.2	3.2	140.7	10.7	18	100.5	5.3	0.4	0.2	25.9	11.7	32.1	75.1
448	11.2	11.2	13.6	13.5	20.4	24.6	25.1	25.9	25.5	19.8	15.5	11.8	52.2	19.8	17.5	34.7	58.3	12.8	17	0.3	18.3	37.3	25	68
449	8.7	10.8	11.3	14.8	18.3	22.5	27.3	27.8	23.9	21.5	13.1	10.9	49	20.4	80.2	14.5	132.8	29.1	0	0.9	48.1	179.6	118.7	47.5
450	9	11.5	9.6	14.6	18.3	22.1	25.7	23.8	23.3	20	13.6	14.2	6.3	26.8	95.8	110.4	26	36.5	14.5	17.1	19.6	135.5	163.8	23.8
451	10	11.6	10.2	15	17.6	23.8	26	25.8	23	17.7	15.7	12.9	15.1	46.4	57.4	66.6	9.9	5.3	0.7	20.6	51.7	108.4	139.1	109.7
452	10.8	8.2	12.2	14.5	16.8	23.1	24.3	25.8	23.4	17.9	14.8	12.1	33.6	44.5	105.1	151.7	98.6	19.7	0.1	0	19.6	65.5	172.9	79.1
453	11.1	6.9	13.1	14.1	17.1	22.2	24	25.7	22.2	19.1	14.3	11.3	74.4	98.4	52.7	31.4	26.4	17.3	2.9	9.3	16.9	24.1	117.2	251.6
454	10.7	11.2	12.9	14.5	17.3	24.8	25.4	27.7	24.5	19.3	15.5	11.8	9.2	55.6	163.6	45.1	0.3	13.1	7.2	0.2	83.3	33.5	59.7	23.2
455	12.6	14	12.7	15	18.5	23.7	25.3	27.4	23.6	20	13.9	13.3	72.8	136.2	29	17	28.7	3	0.1	0.1	70.9	167.8	222.2	163.2
456	9.4	10.7	11.8	15.7	20.3	20.7	28.3	26.4	22.8	21.4	14.1	10.9	6.1	139.8	63.2	54.8	3.8	18.3	0.3	4.1	14.7	24.7	263.4	123.9
457	10.4	10.3	13.4	14.4	18.9	23.7	24.9	25.4	24.7	18.5	14.5	11.4	85.6	53.8	10.4	12.5	33.2	27.9	0.6	18.1	54.7	54.7	141	99.5
458	11	10.7	11.5	14.1	16.6	21.4	25.1	25.5	21.8	20	15	13.2	121.7	106.5	28.6	30.8	63.2	19.1	17.5	1.6	54.3	31.3	44.4	95.5
459	9.5	10.3	13.9	14.4	17.5	23.2	24.7	24.5	23.2	19.9	17.3	10.8	7.6	45	44.2	34.3	24.8	6.1	1	10.7	58	22.9	34.6	67
460	10.5	11.1	12.4	13.4	17.8	23	24.7	24.6	23.7	18.6	13.7	10.5	4.5	111.6	77.5	93.8	24.8	0.5	0	6.1	55.3	58.5	133.1	43.8
461	11.9	6.7	11.1	14.3	17.6	23.6	24.9	26	24.4	19.3	15.3	10.7	23.6	23.8	30.2	18.7	34.8	21.5	0.3	0.3	114.8	78.3	53.6	145.4
462	11.2	11.4	10.9	14.1	18.3	24.7	24.7	23.8	24.1	19.3	13.1	13.8	35.6	63.4	6	94.1	4.7	23.8	3.1	21.3	119.7	76	69.5	75.9
463	11.8	11	12.3	15.2	16.7	22	25.8	27.3	25.1	19.1	15.8	13.3	91.8	67.3	66	51	40	29	0.1	0	4.2	63.5	125	46.9
464	10.6	9.6	12	14.3	18	23.4	24.5	26.5	24	20.5	16.1	11.8	99.9	33.7	95.6	73.1	60	5.3	2.6	14.5	3.7	95.5	81.8	81.3
465	10.9	9.9	14.3	14.7	18.2	21.5	25.7	26.7	22.4	20.1	15.8	12	40.8	39.1	48.3	28.5	33.3	5.3	0.1	1.3	70.9	68.2	122.4	111.2
466	12.4	11.3	10.9	12.8	17	24.2	28.9	26.7	23.1	18.1	14.3	12.2	17.7	33.4	2.6	42.9	64.6	5.7	2	0	67.1	271.5	98.4	152.2
467	10.8	10.1	12.3	14.9	17.2	22.9	24.9	26.7	24.7	20.1	16.7	12.3	77.5	51.9	22.5	47.1	14.1	34.1	24	6.4	6.3	128.3	14.8	89.6
468	12.4	9.4	12.5	14.7	16.1	21.1	24.6	26.1	21.9	21.5	15.2	12.6	7.5	173.2	50.8	99.6	6.7	0.9	10.5	0	133.2	73	34.5	61.6
469	12.4	10	10.7	13.6	19.3	22.7	26	27	22.1	18.7	17.6	11.2	24.9	27.9	24.2	41.9	82.8	24.1	0.6	0.5	7.7	75.1	310.2	117.9
470	9.3	10	12.2	14.3	17.5	23.3	23.2	26.5	22.5	19	15	12.6	59.8	47.8	75.5	37.9	9.4	4.1	8.7	13.8	2.2	18.6	30.8	55.5
471	10.2	10.5	13.2	14	20.1	20.5	23.8	26	24.3	21.3	14.8	13	71.2	97	70	45	23.1	4	5.1	9.8	49	169.7	154.1	109.4
472	10.6	11.2	14	16.1	19	23.2	22.9	26.6	22	18.2	16.7	12.9	78.7	45.3	78.6	17.8	23.5	5	0	5.7	6.3	132.3	99.1	167.6
473	12	12.6	12.1	14	17.1	21.9	23.5	27.2	21.6	18.4	15.2	11.8	28.6	105.8	48	58.6	25.2	48.5	5.4	0.5	19.4	43	195.6	236.5
474	11.3	8.8	11.3	14.8	19.8	21.7	26.6	23.8	21.9	21.2	15	12.1	40.6	75.3	31	35.5	13.3	4.4	0.9	15.3	0.2	7.8	54.5	117.1
475	11.3	12.9	12.2	15.2	19.7	20.6	23.9	24.5	23.7	21	15.3	10	134.6	125	38.5	50	14.3	17.2	0.3	20.4	29.2	49.1	59.3	60.7
476	10.8	10.1	10.6	13.7	18.6	21	25.2	25.7	23.6	21	14.1	13	33.8	113.3	79	34.5	7.5	3.9	1.6	2	40.3	107.9	56.5	70.2
477	10.2	8.5	14.8	16.7	20.3	25.6	27.3	24.6	23.3	18.7	15.5	10.3	206.6	24.8	49.3	2.5	3.4	1.5	0.1	0.2	67.4	35.3	113.5	82.3
478	13.7	11.7	12	16	17.9	23.2	26.6	26.5	23.7	22.9	16.2	12.6	36.8	10.3	41.6	8.5	13.3	44	0	0.3	32.9	10.4	377.2	134.8
479	9.8	12.8	14.7	14.7	18.4	21.2	22.9	26.9	21.3	19.2	16.5	11.4	34	55.3	20.6	49.8	49.3	7.8	22.1	1	132.8	90.7	52.2	42.9
480	11	10.8	13.7	15.8	17.1	22.1	24.6	25.6	22.7	19.1	14.8	13.1	36.6	5.6	90.5	8.8	86.4	0.8	0	9.5	21.7	10.3	52.9	131.6
481	12.5	9.1	11.3	14.3	16.9	23.2	21.9	24.8	22	19.2	15.7	12.5	81.4	14.2	17.3	14.5	61	56.2	39.7	9.4	19.5	10.2	137.5	19.8
482	10.6	9.6	12.6	15.2	18.1	24	24.5	25.8	23.1	18.4	15.5	10.9	44.1	87.6	13.7	79.1	22.1	18.8	1.3	1.7	47.7	83.5	52.8	55.1
483	11.2	11.4	12.4	13.6	18.6	25.8	25.8	25.2	22.3	21.1	15.3	11	181.3	18.4	35.9	66.1	10.4	2.4	0.1	10.2	37	35.6	40.2	37.6
484	11.5	11.9	13.9	15.4	21.2	21.8	26.2	25.8	23.4	20.6	14.2	12.8	35.9	42.4	8.4	21.7	2.5	4.3	0	0.2	6.8	14.9	273.7	33.7
485	10.4	10.8	12.3	14.2	20.1	21.1	24.5	28.2	23.7	19.6	15.2	12.6	31.1	68.5	18.9	19.9	11.2	4.9	0.1	1.2	3.4	131.6	30.5	101.4
486	10.4	12.4	14.2	13.9	17.2	21.7	25.6	24	24.8	19.2	15.2	12.9	14.7	19	7.8	18.1	47.4	20.1	12.7	5.5	8.5	12.8	38.5	43.9
487	10	11.4	12.2	13.6	16.1	21.9	25.3	26.3	23.4	18.3	14.2	13.4	147.9	46.4	75.7	52.2	53	21.7	1.1	20.4	14.2	101.5	73.4	28.6
488	10.9	13.4	14.6	15.1	21.3	20.9	25.4	26.2	22.1	19.2	16.6	13.6	32.4	8.8	68.5	90.8	24.2	1.8	0.9	0.1	1.4	34.1	23.3	165.4
489	9.5	9.4	11.6	15.4	18.9	23.4	24.8	25.6	23.6	19.7	13	12.8	21.8	9.3	9.8	43	1.8	10	0.4	7.2	27.2	71.9	155.4	111
490	9.3	11.5	12.5	13.6	19.6	22.1	25.1	26.5	24.1	21.5	14.6	10.4	39.8	13.7	6.8	30.2	7.6	12.2	2.3	0.5	1.5	54.3	97	124.3
491	11.4	9.6	12.5	15	16.7	23.2	24.8	27.2	23.5	19.6	14.7	10.9	48.7	20.7	20.4	56.8	24	0.3	6.3	2	32.9	71.4	70.3	35.8
