#header info#
40.6	#latitude; used for cacluating drought index in model bugmann#
30	#meter a.s.l. of climate station#

#temperature lapse rate with increasing altitude: #
-0.48	-0.51	-0.46	-0.49	-0.46	-0.37	-0.31	-0.35	-0.42	-0.38	-0.47	-0.50

#precipitation lapse rate with increasing altitude: #
5.06	3.03	2.39	4.34	1.86	0.49	0.77	1.0	0.42	-0.61	1.07	6.30

100	#meter: corrections (see above) every x meter. #

#	mean monthly temperature (∞C) total monthly precipitation (mm) #
#year	jan.T	feb.T	mar.T	apr.T	may.T	jun.T	jul.T	aug.T	sep.T	oct.T	nov.T	dec.T	jan.P	feb.P	mar.P	apr.P	may.P	jun.P	jul.P	aug.P	sep.P	oct.P	nov.P	dec.P#
1	8.6	11.6	11.2	13.4	19.1	21.5	22.6	24.9	21.7	19	14.9	11.6	39.8	9.5	43.3	26.6	3.2	26.8	0.1	0	8.5	52	8.6	253.8
2	10.6	10.3	12	13.9	18	19.6	20.9	23.1	19.5	17.8	15.2	10.6	3.6	24.1	28.8	29.9	7.1	7.8	2.2	4.7	11.6	251.9	213.7	64.2
3	10	9.2	11.5	11.3	17.1	22.7	22	23.1	21	15.6	13.3	9.8	15.2	173.6	104	52.5	56.4	38	57.1	10.3	7.5	108.5	43.3	63.4
4	9.5	9.6	12.8	12.6	17.4	19.8	21.4	23.1	21.5	20.3	11.9	10	63.5	21.9	29.8	14.9	1.1	1.9	60.3	5	49	94.4	58	18.4
5	11.9	8.6	12.3	12.7	17.1	22.6	23	22.7	22.7	18.7	15.4	11.5	94.7	36.1	23.4	44.4	130.1	52	1	8.3	34.8	65.3	107.6	51.8
6	11.1	12.1	10.8	13.7	14.5	21.9	24.1	26	22.6	19.5	13.4	10.1	82.2	18.9	88.6	70.4	18.1	12.2	0	4.9	12.2	2.9	141.2	58
7	10.9	11	10.1	13.7	17.6	22.3	24.9	24.7	21.2	17.9	12.1	14.2	38.7	56.5	30.6	22.1	5.2	0.5	0.9	7	10.3	88.5	85.9	54.7
8	8.2	11.7	11.6	12.6	16.5	21.6	22	24.2	22.8	18.3	13.5	9.8	63.8	61.9	45.7	62	12	0.4	0.3	0.1	29.1	86.1	152.3	44
9	8.6	11.6	10.5	12.6	17.1	24.8	22.7	23.9	22.1	18.9	14.8	11.1	21.7	56.5	28.4	59.2	6.4	3.1	7.7	2	14.8	21.8	8.1	96.5
10	11.8	8.9	12.2	14.8	17.6	21.2	24.2	25.3	21.3	15.9	13.6	11.5	26.3	155.7	48.8	92.1	32.2	29.5	33.8	0	49.8	64.4	145.7	57.1
11	8.8	11.8	11.7	13.9	16.6	21.7	23.6	25.5	21.3	19.1	15.1	11.7	242.9	50.1	14.5	42.7	22.1	5	0.7	2.2	31.7	31.1	41.6	21
12	9.8	12.8	11.9	12.5	16.8	21.9	24.3	24	23.3	19.2	16	12.4	9.2	38.4	26.9	149.1	6.8	47	7.5	6.3	1.9	16.4	138.9	109.8
13	11.5	8.7	11.4	13.9	16.9	19.3	23.5	24.7	22.8	18.8	14.8	12	71.4	88.5	30.7	14	1.2	9.3	0.9	0	18.4	102.2	26.4	70.8
14	10.3	9.5	12.6	13.5	17.4	22.5	24.7	26.5	22.4	19.2	14.2	12.5	4.8	73.4	19	38.5	67.1	11.4	2.2	17	2	33.8	144.8	91
15	11	12.3	11.9	13.4	18.1	21.1	25.4	26.6	22.9	21.3	13.6	12	62.3	43.2	44.8	85.6	10.2	34.3	0.7	1.1	82.2	53.8	198.1	100.4
16	11.3	9.6	9.3	14.5	17.2	21.7	23.6	24.3	23.8	18.8	13.3	11.8	179.7	35.2	52	67.8	29.8	82.2	18.2	0.8	110.5	92.6	62.5	54
17	12.2	10.3	13.3	14.9	19.2	21.3	23.4	25.4	19.8	17	14.8	11.8	21.6	45.1	29.3	50	20.4	17.5	18.7	10.3	4.7	52.7	47.8	11.3
18	11.5	10.1	11.1	12.7	18.3	23.5	24.8	26.7	23.4	19.3	13.2	10.3	71.8	18.2	12.4	33.7	2.6	7.5	0	1.4	9.3	80.1	167	39
19	8.6	10.3	11.4	13.4	15.2	19.5	24.6	24.4	21.4	17.8	13.4	13.2	84.2	43.9	56.1	38	66.1	28.8	0.5	28.3	173.2	79.7	47.5	109.9
20	9	11.3	11.7	13.2	18.9	22	25.6	27.3	21.6	18.4	13.6	9.2	149.2	45.7	42.4	41.8	17.6	8.3	0	4.6	2.2	26.1	66.8	19.2
21	9.1	9.1	12.3	13.3	16.2	22.7	25.7	25.4	20.8	18.4	14.1	11	34.7	56.2	3.5	96.7	20.2	9	0	1.6	57.9	71.2	148.8	40.8
22	10.1	9.6	11.7	13.4	17	22.1	27.1	25.3	23	19	14.5	12.6	115.3	119.4	144.4	90.9	173.9	16.4	0.2	11.4	36.6	53.2	136.5	106.3
23	12.2	7.5	13.9	13.5	19.3	23.4	24.6	24.8	22.2	17.6	14.2	11.7	89.2	61.9	31.2	39.2	4.1	13.7	0.8	52.7	87.8	30.5	382.4	105.4
24	10.9	10.4	12.5	14.7	18.2	23.1	23.5	28.8	22.7	20.1	14.4	13.4	153.7	83.5	150.6	15.8	5.5	0.4	28.9	0.6	4.6	56.4	78.8	64
25	11.6	11.9	11.7	14.6	17.7	20.5	25.1	24.5	21.8	18.1	15	10.5	71.4	94.2	75.6	58.1	17	11.4	12.4	16	60.6	11.3	52.5	20
26	9.3	9.1	13.4	15.4	18.3	20.9	25.6	25.3	21.9	18.3	14.3	11.7	27.1	37.3	37.1	53.2	4.2	2.3	1.6	1.5	2.2	90.3	164.4	79.8
27	11.8	9	11.9	14.6	17.4	21.8	27.1	25.6	20.7	16.8	14.4	10.3	93.1	12.2	4.3	53.5	92.5	3.7	0	12.3	13.1	63.8	161.8	57.2
28	9.7	12.8	11.6	14.8	17	20.1	24.3	27	22.7	19.2	13.5	10	18.4	106.9	12.3	15.2	10.8	5.3	36.5	0	3	23.9	294.2	49.6
29	9	10.4	11.4	12.5	16.3	21.9	24.2	24.7	22.2	18.6	15.2	11.9	159.8	26	60.4	36.6	69.8	4.6	5.6	3.7	36.8	26.6	36.8	78.6
30	9.9	11.8	13.1	15.2	18.7	22.1	23.9	23.3	23.6	19.4	15	13.1	23.5	62.5	20.8	64.3	57.4	9.1	5.9	77	13.2	74.8	29.9	220.9
31	10.6	12.3	11.9	15.2	14.7	23.4	26.5	27.1	21.1	20.7	15.6	12.6	64.1	9.6	92	54.7	60.5	58.4	0.4	1.9	13.5	13.8	208	128
32	10.4	10.6	12.9	14	17.6	22	23.4	24.7	22.8	18.6	17.3	12.5	27.9	155.9	29.2	28.1	3.4	12.8	0.2	8.1	46.7	67.1	38.5	44.6
33	10.7	12.2	11.8	14.4	16.1	21.5	24.6	25.9	22.7	20.7	14.7	13.3	19.7	29	66.2	60	77.5	1	0	4.9	9.2	61.1	112.6	138.6
34	9.6	10.3	11.9	16.7	16.4	22.4	24.8	27.8	23.2	18	14	12	24.7	38.8	31.1	34.1	3.4	7.2	0.2	27.4	1.8	35.5	19.4	51
35	8.8	10.9	11.6	14.9	16.3	21.9	25.7	27	23	19.9	15.3	12.2	14.6	13.9	141.2	18.8	74.5	0.8	29	28.3	61.7	24	24.3	101.7
36	12.6	11.7	12.3	14.3	15.5	20.6	26	26.3	23.7	18	15.3	12.2	156.3	5	19.8	44	70.2	13.9	0	0.4	0.4	152	41	175.7
37	9.2	9.9	11.3	14.8	18.3	21.6	25.5	25.3	24.6	20	13.7	11.1	99.9	22.8	10.9	70.7	32.3	13.1	0.2	16.1	36.9	40.5	194.5	75.8
38	13.5	10.9	10.9	14.1	19	22.5	26	25.9	23.3	19.9	13.6	14.3	51.9	52.2	42.4	28	33.9	7.9	6.3	2.4	34.4	43.5	87.4	153.1
39	11.9	13	12.6	14.1	19.4	22.3	25.4	25.9	23.5	18.3	14.8	14.9	134.6	210.5	82.4	23.2	31.3	11	0	6	44.4	31.4	54.1	29.6
40	11.7	8	12.6	13.6	19.6	20.4	25.2	24.6	23.8	19.6	15.1	11.1	108.7	89	31.9	22.9	8.7	33.1	0.2	8.6	157.2	82.7	132.7	45.6
41	10.7	11.1	11	14.5	20.9	24.4	24.1	24.1	22.3	19.6	14.9	11.8	24.3	22.5	38.1	33.7	14.4	7.5	0.2	0.7	159	40.2	13.4	50.8
42	10.3	9.1	11.3	14.7	20.4	23	23.1	25.3	24.3	18.4	14.5	12.6	37.3	82.5	50.9	56.2	96.6	19.7	5.7	0.1	27.7	89.9	163	40.8
43	10.1	11.3	13.2	14.5	17.4	24.3	25.4	25.5	24.2	18.7	16.6	12	80.7	97.3	44.1	24.4	5.8	6.5	7.6	5.1	76.1	219.6	119.3	96.5
44	12.5	12.3	11.4	16.4	17.2	21.4	24.2	25.5	24.5	18.9	13.4	11.2	89.3	27.8	175.1	30.2	8.7	18	1.4	3.3	6.7	71.2	45	25.9
45	11.1	11.1	11	14.6	18.4	23.8	26	27.6	24.6	18.8	16.3	14.4	19.5	21.7	82.1	14.9	60.8	12.2	4.8	1	10.8	100.7	47.9	86.4
46	11.6	13.2	11.7	13.2	17.6	22.3	24.2	27.5	22.1	19.6	14.9	11.1	267.5	75.6	10.2	46.7	47.1	6	1.8	0	55.2	104.1	28.1	45.6
47	10	12.2	13.5	13.6	18	20.7	27.3	26.2	24.4	21.4	14.1	13.5	98	22.2	73.5	58.3	11.3	18	0.1	2.7	100.8	13.6	77.9	39.4
48	11.5	12.6	12.5	14.3	18.3	22.7	24.8	27.6	21.1	20.9	16	11	200.3	25.1	33.4	22.4	22.2	15.4	8.2	1.3	0	75.4	29.7	29.5
49	12.3	10.4	13.7	14.7	20.7	24	25.6	26.7	23	20.7	15.1	11.5	41	32.4	7.9	78.6	16.9	0.7	11.9	6.4	44.7	143	84.9	86.2
50	10.2	11.4	10.9	14.8	19.2	22.7	27.9	28	22.5	19.8	15.4	13	65.8	16	121.5	62.6	2.6	14.8	0.7	1.3	27.7	41.7	33.4	111.4
51	12.3	11.1	11.6	15	17.9	22.2	26	26.5	22.9	18.5	15.5	13.9	17.7	96.3	14.6	7.9	47.7	14.1	5.5	0.8	14.1	60.8	17.6	59.1
52	12.3	11.9	13.3	13.3	17.9	23.1	25.9	27	22.5	21.4	14.7	10.1	64.4	36.3	39	19.5	11.7	10	13.7	0	7.7	70.6	82	52
53	13.5	9.9	12.6	14.5	16.5	23.2	27	27	23.3	20.8	15.4	12.4	33.6	26.5	178.8	24.2	37	1.5	3.3	51.8	2	48.8	132.8	66.6
54	11.5	14.1	13.2	14.9	19.6	25.8	27.4	25.4	24	21.8	17.2	12.3	35.1	47.3	50.7	28	13	0.8	0.9	5.1	75.2	267	36.6	27.5
55	13.9	10.8	11.7	15.4	17.8	21.7	27.8	26.2	23.2	20.2	15.7	13.8	36.8	42.9	105.4	21.8	97	10.4	0.5	53.1	32.4	68.4	233.2	64.9
56	11.3	12.3	13.5	15.3	17.4	23.9	27.7	26.2	23.3	19.6	15.8	11.3	71.4	61.4	48.5	50	29.8	8.3	0.1	26.4	103.9	18.5	79.3	28.2
57	13	10.5	13.6	14.5	21.5	23.4	22.4	26.8	23.7	21.5	14.1	12.7	45.8	8.8	8.6	39.7	0	4.9	3	5.1	90.5	35.1	7.3	43.6
58	11.5	11.4	12.7	14.1	19.8	23	27.6	25.9	22	18.7	16.1	11.7	66.4	215	58.9	51.3	14.2	5.4	0	0	33.1	101.6	86.1	74.8
59	11.9	11.7	14.4	14.3	21.1	22.5	26.2	28.8	24.1	20.4	15.3	12.8	139.1	100.3	53.6	22.1	43	2.3	0	0	28.9	122.2	160.2	81.3
60	10.4	13.2	11.8	14.7	18.6	22.7	25.9	27.3	24.7	21.1	14.7	14.5	200	164.9	107.7	58.6	49.4	23.8	0.1	2.9	7.1	13.4	52.6	122.5
61	12.3	11.1	13.1	14.8	19.4	23.5	27.6	27.4	24.4	19	15.5	12.7	70.2	17.9	84.4	30	15.6	11	0	0.2	13	86.4	248	52.8
62	11.8	12.1	13.3	14	18.6	22.8	25.7	26	24.1	20.5	15.9	13.8	21.3	44.9	42.7	30.1	10.3	98.2	10.2	10	111.2	79.5	62.7	124.4
63	10.4	13.2	13.9	14.4	18.8	25.1	25.4	29.2	23.4	23	15.8	13	27.9	43.4	24	27.7	5.9	8.5	4	0.1	12.9	23	111.9	25.1
64	10.9	11.6	11.8	15.4	19.9	22.6	28.9	26.6	25	21.3	15.7	14.3	75.4	29.5	31.2	28.5	50.3	7	1	2.4	13.4	62	34.2	150.7
65	12.5	11.9	12.2	15	18.4	19.4	29	25.7	24.8	19.7	16.8	13.2	65.3	14.1	90.1	39	61.2	8.8	11.2	0.3	106.7	84.7	171.1	77.7
66	11	12.7	14.7	15.5	17.9	23.7	24.3	27.2	25.7	20.7	15.2	14	57.1	64.5	60.8	124.1	11.5	25.8	2	3.6	108.7	134	98.8	110.6
67	13.5	11	13.1	15.1	17.4	21.4	28.2	27.9	24.6	21.2	15.4	13.8	22.8	69.4	40.5	34	24.5	30	0	3	13.9	120.1	121.5	51.2
68	13.1	9.5	13.9	15.1	19.6	22.2	23.7	28.2	23.3	19.9	15.6	14.6	90.4	139.9	130.3	8.8	34.7	23.6	18.8	0.2	146.2	14.6	162.7	59.3
69	11.2	11.7	13.5	17.2	19.8	24.4	26.3	26.8	22.8	21.9	16.6	12.9	65.4	58.8	28.1	11.9	17.1	3.6	1.1	8.1	72.9	38.1	119.5	131.7
70	11.6	12	13.2	14.5	20.5	25.1	27.3	30.1	23	21.3	15.2	13.1	69.7	18	73.1	12.2	2.1	0.3	0	8.3	8.3	198.4	77.5	169.1
71	11.9	12	13.9	13.8	19.9	24	26.7	29.4	24.9	21.3	17.4	14	4.2	59.6	19.8	24.4	21.6	3.3	3	0.3	19.8	28.7	57.8	102
72	13.4	11.2	14.9	15.1	17.4	23.2	25.8	26.3	24.9	21.4	16.3	14.5	33.2	20.1	6.1	8.7	20.6	1.8	10.3	55.9	18.8	24.6	77.1	184.8
73	12.9	13.3	13.7	12.2	18.2	24.5	26.4	26.3	24.5	19.2	15.8	13.7	56.3	12.6	52.4	110.8	45.5	13.3	2.9	43.8	62.6	34.2	16.9	10.5
74	10.2	9.8	14.3	16.8	21.1	23.5	28	28.6	23.6	23.7	16.1	14.9	43.7	45.4	82.6	54.5	14.7	12.9	0	27.9	67.6	17.7	81.3	21.8
75	13.2	14	13.7	15.1	17.7	22.2	26.6	30.5	23.8	21.4	14.8	14.8	66.7	16.5	16.5	57.1	8.1	8.6	0.9	0	97.7	38.2	77.4	85.5
76	14.6	13.7	10.9	16.8	19.2	23.6	32	29.5	25.5	20.2	16.1	14.2	63.5	107	30.3	13.2	93.5	17.1	0	0	2.7	61.6	109.2	81.2
77	12.2	13	13.6	16	19.6	24.6	25	26.1	25.5	21.3	16.8	13.6	67.8	77.2	37	35.1	11.7	2.3	3	30	1.5	13.7	127.2	130.4
78	13.2	11.1	14	16.6	21.5	24.3	28	28.6	26.4	22.2	15.3	13.7	80	74.1	102.4	23.4	29.7	78.8	15.6	11.6	44.2	93.5	120.8	78.1
79	11.8	14.3	14.8	16.7	19.7	25.8	27.9	30.3	25.8	20.8	15.8	15.9	9.8	34.2	32.1	23.5	30.1	19.4	7.6	0	0.8	59.7	174	47.6
80	14.3	13.3	14.3	15.2	17.8	23.9	28.2	27.6	24.9	20.8	15.9	14	66.8	50.9	40.5	33.8	28.2	1	0.2	0.5	27.1	7.8	37.5	79.9
81	12.2	11.6	14.2	16.2	21.2	22.5	27.4	27.2	26.5	19.8	15.7	14.7	88.8	46.9	42.6	9.4	15.1	2.4	0	0.2	0.9	162.1	25.2	109.6
82	11.9	11.2	13.5	15.5	18.3	22.5	26.4	27.9	23.7	22.8	16.8	13.7	141.3	92.5	26.9	15.2	10.5	0.5	8.1	4	123.3	148.2	10.4	81.1
83	11.9	12.9	11.7	15.9	20.7	20.6	30.7	26.4	25.4	20.9	15.4	12.2	61.7	43.3	25.4	28.8	16.2	5	0	7.3	12.3	116.8	208	28.4
84	12.7	13.9	14.7	16.5	18.5	23.9	28.7	27.4	26.2	21.7	14.7	12.6	82.4	79.2	73.6	22	119.4	35.6	0	34	8.2	32.2	33.6	66.7
85	11.4	12.5	13.5	16.3	22.2	23	27.7	29.8	27.2	23.1	16.4	15.1	224.5	82.7	131.1	44.2	87.6	3.8	31.1	0.7	6	24.1	79.7	77.4
86	12.5	11.9	12.6	16.5	16.5	26.1	28.5	25.6	26.7	20.4	17	13.2	10.5	65.7	19.2	34	34.4	18.2	23.1	6.3	3.5	29.3	53	44.1
87	12.7	11.8	14.1	16.1	20.2	23.9	28.7	30.7	25.5	24.1	17.2	13.2	146.4	119.2	52.5	57.7	1	5.8	4.4	4.8	29.2	39.5	140.3	60.7
88	11.9	16.6	13.9	14.6	20.6	23.6	29	27.8	26.4	22.1	17.8	14.6	39.4	40.9	31.7	61	9.3	5.9	5.6	82	29.1	134.2	70.4	85.7
89	11.5	12.9	13.8	15.2	19.5	25.3	28.9	30	28.1	23.1	15.4	14	47.3	52.2	56.6	44.3	61.4	18.8	25.3	0.2	5.6	42	94	74.9
90	15.2	8.7	13.3	15.1	19.1	24.5	27.9	30	24.4	22.8	15.5	14.7	150	59.4	3.2	39.2	23.5	5.4	5.7	0	15.9	108.4	49.3	44.8
91	12.7	13.4	14	15.6	19.7	26.2	26.7	29.6	26	20.5	16.8	13.7	68.1	54.6	14.1	18.3	34.6	16.7	0.7	2.1	47.9	77.7	31.2	227
92	12.2	15.2	14.2	15	19.7	26.8	30.4	27.1	25.4	21.6	15.8	13.6	62.1	41.2	70.7	35.5	16.3	4.1	0.9	11	31.3	28.7	143.1	121.8
93	14.2	13.5	14.3	16	19.7	23.6	29.8	29.6	26.3	20.7	17.2	16	70.9	51.3	67.6	26.4	86.3	6.5	0	4.3	24.5	78.4	41.4	110.5
94	12.2	12.8	15.2	17.3	16.4	22.8	28.7	30	23.4	23.5	17.7	13.4	14	83.2	97.6	77.7	128.9	1.5	0.4	0.4	40.2	33	66.2	12.5
95	12.8	12	16	16.2	22.3	24.4	29.3	29.5	26.7	20.1	18.1	13.8	15.1	54.6	27.5	10.4	28.3	11.1	2.9	0.6	28.3	48.3	123.5	58.8
96	11.8	11	14.1	18.7	22.1	24.9	29.8	27.1	26.8	21	15.5	14.5	70	42.4	113.5	17.1	9.8	67.1	2	46.8	27.1	15.2	53	210.6
97	14.8	13.7	13.7	17.2	20.6	24	29.2	27.6	25.6	22.3	15.9	13.8	68.7	15.2	61.7	65.6	47.3	23.9	0.5	11.5	13.3	373.5	192.6	100.4
98	12.6	12.7	14.6	15.4	20.4	25.9	27.7	27.3	24	21.9	17.2	14.5	115.1	68.6	37.2	75.9	25.9	0.5	0	0.9	68.2	93.3	45.5	33.1
99	14.8	12.5	14.9	16.2	20.2	22.6	28.3	28.5	26.2	21.8	17.5	14.5	23.1	121.6	54.8	73.2	91.9	34.2	2	5.5	13.4	32.3	17.5	130
100	14.1	13.4	13.1	15.9	20.1	23.8	29	28.9	25.5	22.2	16.5	15.1	71.5	12.4	55.9	32.5	0.1	2.2	2.3	0.2	0.4	26.2	121	32.7
101	11.1	14.2	13	17	21.1	26	29.9	30.2	26	21.2	16.8	15.4	41.4	26.9	76.3	88.7	22.5	6.4	1	4.9	12.9	146.9	89.7	67.9
102	10.9	12	15.1	18.4	22.1	24.2	28.4	29	26.4	22.2	16.9	13.5	103.4	45	44.2	26	9.9	43.1	0.3	30.6	5.5	39.9	82.9	52.5
103	11	15.7	14	17.4	20.7	23.1	27.6	30.3	26.4	22.2	14.8	13.9	10.4	12.7	1.1	58.1	14.2	24.9	6.3	2.5	1.5	47	34	63.7
104	14.4	11.3	12.8	15.2	20.7	23.3	28.4	28.4	25.9	25.3	15.5	11.9	72	62.2	26	9.6	10.9	27.5	0	0.1	20.4	9	33.9	79.4
105	11.5	12.7	12.4	15.4	18.1	24.3	28.8	29.9	26.1	23.5	18.2	15.8	78.4	86.9	24.1	19.1	67.6	18.9	9.8	0.9	2.4	34.9	156.8	202.3
106	14.1	11.4	15.5	17	19.5	26.3	30.7	28.7	26.3	22.9	17.9	14.9	68.7	78.2	60.7	25.8	49.7	65.4	3.2	7.7	16.5	67.1	15	45.9
107	13.4	17.2	13.5	14.5	21.6	27.5	29	28.1	25.8	22.4	16.9	14	26.4	81.7	52.9	42.4	35.3	0.6	0	32.4	8.4	24.7	162.7	59.2
108	12.1	13.8	13.1	17	18.8	25.6	29.1	27.9	26.7	22.2	16.4	16	47.2	130.4	15.5	84.9	47.3	17.9	0.2	4.5	30.5	56.6	93.6	80.3
109	12.6	11.2	13.4	15.8	21	25	25.9	27.3	24.3	22	17.1	14.6	62.3	42	49.3	52.9	16.6	4	0.4	8.7	24	65.1	82.6	70.8
110	11.5	11.7	13	16.6	20.2	24.8	28.9	29	26.3	21.8	17.3	15.2	15.1	196.7	4.3	26.8	25	3.7	0	3.6	55.1	4.2	90.5	117.9
111	14	13.4	15.3	15.1	20.8	26.9	29.2	30.7	25.7	21.1	18.2	14.7	51.3	50.3	36.5	18.6	40.5	10.9	0	0.1	41.2	54.5	20.5	76.8
112	13.6	12.5	13.9	15.8	19.8	27.8	28.5	29.5	25.4	21.2	15.5	13.7	91.3	110.2	26.7	77.6	55.4	40.3	0.2	6.6	40.9	76.2	9.3	64.3
113	14.2	14.1	13.6	15.3	19.1	26.2	26.4	29.8	24.2	23.5	16.9	14.5	212.4	28.5	10.7	13.4	1.1	18.8	9.7	15.6	82.9	93	19.9	125.4
114	12.9	14.4	14.4	16.3	19	28	26.1	30.7	26.4	21	17.2	13.1	17.3	55.5	25.8	16.1	33.2	8.6	25.5	0	51.3	33.8	108.3	66.1
115	12.5	14.2	10.9	16.8	18.8	26.3	25.9	30.5	27.3	22	16.7	15.1	48.5	40	1.7	28.7	25.8	0.8	2.8	0.2	4.4	19.9	52.8	16.8
116	12	12.5	12.5	15.8	21.5	24.7	28.6	29.9	26.4	21.4	16.3	15.7	60	39.9	78	33.9	17.6	29.8	4.2	0	36.3	82.7	62.3	165.3
117	11.9	13.4	12.3	16.4	20	24.9	29.8	29.8	25	22.9	17.5	15	79.4	25.5	75.4	39.1	33.9	14.8	0.1	0	3.2	199	32	67.1
118	11.2	12.8	13.5	14.8	21	23.4	27.9	29.4	27.3	22.6	15.8	13.2	43.9	36.5	20.8	29.2	15.3	3.5	4.5	1.4	25	72.6	57.2	109.9
119	13.2	11.2	14.4	16.2	20.3	25.2	27	30.4	27	24.5	17.5	14.1	71.6	35.1	39.6	31.6	11.4	2.4	0.6	4.6	9	28	124.3	86.6
120	13.1	12.5	13.4	14.6	21.7	25.9	27.4	27.6	26.1	20	17.7	14.2	51.6	12.5	9.2	52.2	10.3	2.5	0	6.5	42.3	174.9	22.1	78.3
121	14.2	10.6	13.1	17.1	21.6	23.8	25.8	29.1	26.1	20.8	14.8	14.9	46.6	81.2	13.9	91.7	18.1	6.7	0.3	16.4	26.5	146.6	123.9	163.1
122	12.1	12.5	13.9	15.6	19.4	27.2	25.4	30	26.1	22.6	18.9	15	32.7	101.6	41.5	24.1	65.9	6.3	0.3	0.1	3.2	46.7	7.5	39.9
123	12.7	12.6	15.2	16.4	22	23.9	30	29.9	24.7	20.7	17.5	15	5.9	24	71.6	25.6	0.1	14.7	7.4	15.5	0.1	78	32.9	68.1
124	11.5	15.3	13.5	16.8	20.7	23.3	27.2	28.2	27	20.2	15.2	13.6	13.1	11.2	28.9	51.6	5.7	3.1	11.8	1.8	57.2	53.3	142.2	80.7
125	12.7	12.6	15.1	15.6	21.9	26.9	26.8	29.1	25.8	23.3	17.4	16.1	94.3	20	82.2	32.5	0.6	13	0	0	64.4	26.7	24.7	39
126	10.6	13.2	14.4	16.4	21.5	25.2	28.8	28.1	26.8	21.8	17.6	13.4	6.5	93.5	5.1	10.9	18.7	33.5	0	0.4	68.9	72.6	229.7	75.3
127	11.2	12.5	12.9	16.8	20.6	23.1	27.7	28.8	26.4	21.5	17.8	14.2	83.8	19.8	59.1	56.3	68.2	2.5	5.5	0.1	4.6	110.2	251.2	105.5
128	13.4	11.3	13.5	16.8	18.4	25.5	28.2	28.3	25.8	22.5	16.9	15.3	30.6	80.2	97.2	98.9	23.7	0.6	0.5	29.8	49.1	19.4	230.6	38.4
129	14.1	14.7	14.5	17.6	18.6	24.8	29.6	30.3	25.5	22.1	16.5	12.9	43	85	54	22.9	2	54.8	0.8	1.5	47.4	10	15.2	158.5
130	12	13.9	13.8	17.4	20	27	26.2	29.2	26.5	22.1	18	13.2	51	30.8	33.1	33.7	8.7	1.5	0.4	0.7	9.3	37.1	152.7	35.2
131	11.7	13.2	13.8	16.8	21.7	25.4	27	29.6	26.2	20.7	18.4	15	49.1	38.6	63.4	22	9.1	18.6	0.4	0	29.9	7	158.4	34.1
132	13.7	12.3	16.2	14.1	22.2	23.6	26.6	31.1	26	23.4	17.3	14.2	185.7	55.9	39.9	54.2	17.6	63	29.3	0.3	27.4	73.7	87.1	86.6
133	13.2	11.8	13.6	14.8	21.7	24.4	27.2	29.8	25.4	22.4	16.4	15.4	114.2	143.4	14.6	44.4	5.6	38.2	0.7	0.2	42.3	41.7	25.9	55.7
134	13.6	13.6	13.8	17.3	21.3	25.6	28.8	29.4	25.6	21.8	17.7	15.5	81.9	98.4	46.2	49.3	59.9	3.1	1.2	2.4	12.9	40.7	36.1	106
135	12.4	14	15.2	15.5	21	25	27	26.9	25.2	22.5	16.3	14.2	43.5	40.9	8.6	25.2	26.2	1.1	4.4	0	16.3	18.5	79.5	273.8
136	12.4	13.5	14.8	16.3	20.2	24	28.8	28.6	25	21.9	15.5	14.4	60.3	28.4	4.4	59.3	8	17.8	3.8	41.7	6.6	14.2	36.3	28.8
137	13.1	13.4	12.5	16.5	18.3	25.1	28	30.3	26.7	23.8	18.7	12.9	12.6	30.4	75.8	59.8	90	0.2	0	10.7	8.1	115.1	18	48.2
138	12.7	12.3	12	15.7	22	26.1	25.3	28.7	26.2	21	15.8	12.8	18.1	66.9	24.5	15	39.3	6.9	1.7	17.6	22	16.1	124.4	14.9
139	10.6	10.7	15.2	16.4	20.4	27.4	27.7	31.4	26.3	22.2	16	13	28.3	42.7	10.1	74.8	64.7	2.8	8.1	0	39.7	198.5	47.2	26.3
140	10.7	13.4	14.7	16.4	19.6	24.8	29.5	27.8	26.7	21.1	17.9	14.1	38	26.5	92.2	20.3	118.2	15.2	2.6	3.6	32.6	111.4	29.9	99.8
141	9.7	13	13.5	15.3	20.7	23.2	28.9	28.7	25.3	21.7	16.7	16.3	21.8	60.7	16.1	35.2	21.8	6.6	0.3	0	58.9	105.5	288.1	89.9
142	13.6	11.7	12	17	19	25.2	28.3	31.1	25.5	20.4	17.3	13.6	12.9	22.6	23.3	34.3	17.7	14.6	0.7	0.2	82.4	50.4	111.1	53.9
143	12.3	14.8	13.8	17.3	17.4	23.1	30.8	28.4	25.7	22.3	16	13.8	114.4	7.9	28.8	61.3	41.1	11.4	0	6.3	15.3	15.5	46.1	233.9
144	11.7	16	14.7	16	19	24	31.1	27.7	26.5	23.4	17.1	12.5	12.5	89.5	20.8	38.8	24.3	1.4	0	4	32	43.1	229.7	34.2
145	14.2	11.9	15.5	16.9	20.4	23.1	28.3	29.3	27.9	20.2	16.3	15.9	53.4	18.3	237.8	35.7	32	1.4	1.1	1.9	0.1	136	141.3	128.4
146	14.6	13.9	13.1	15	21.1	26.1	29.3	30.3	26.2	21.6	16.7	14.5	17.4	27.1	46.7	65.6	39.1	0.2	4.9	0	17.6	132.1	88.9	76.4
147	11.4	14.3	14.9	17	20.4	24.5	32	31	26	21.1	16.7	14.5	15.9	118.7	16.7	63.5	31.6	14.6	0	1.5	34.3	106.2	98.5	84.8
148	12.3	13.4	12.1	16.2	20	23.7	29	29.3	25.7	22.9	16.4	13.8	4	36.1	34.9	30.2	39.9	10.7	0	15.6	11.4	68.2	12.3	73.5
149	13	11.2	13.6	16.6	19.2	26.1	28.4	27.5	26.3	21	17.7	14.8	8.4	60.1	19.1	22	18.6	3.8	0.4	12.7	3.1	58.8	123.2	148.6
150	11	12.5	12.6	14.7	20.2	25.5	27.7	31	24.2	21.2	16.9	13.7	137.4	21.5	4.3	20.5	13.6	73.8	1.6	0.1	16.1	104.5	61.7	167.2
151	12.1	14	12.7	16.2	21.8	22.1	26.1	29.1	27	22.4	17	14.3	25.6	41.2	70.7	70	16.5	3.3	20.8	2.4	61	86	124.6	215.5
152	12.9	11.6	14.2	17	18.4	22.4	27.7	28.8	26	21.4	17.6	13.9	15.4	8.3	309.2	8	51.9	14.6	0	0	60.6	15.6	54.6	35.4
153	13.4	12.8	13.1	16.1	21.5	24.6	27.2	27.9	26.5	21.1	18.4	13.9	34.5	44.4	101.5	100.8	0.5	16.7	0	18.2	9.6	180.5	146.3	74
154	12.8	11.7	14.3	17.4	20.2	27.3	30.1	31.6	25	21.6	16.5	14.8	31	168.3	31.4	39.9	9.7	0.7	0	0	0	10.3	71.8	109.5
155	12.5	12.1	15.2	16.8	20.8	24.4	29.1	27.8	25	21.8	16.4	11.8	15.6	67.3	43.3	29.1	15	2.7	4.2	37.6	52	33.6	165.2	74.1
156	14	12.9	15.3	17	22.1	24.8	27.7	28.1	24.4	22.4	16.7	12.7	144.8	45.8	65.4	21.7	13.9	13.4	4.4	3.3	59.8	23.3	53.3	59.1
157	14.8	12	15.6	16.8	19.8	26.4	28.9	28.7	27.6	22.4	16.6	12	55.1	100.2	30.3	119.2	9.2	1.3	1.5	3.6	1.1	13.4	165.2	50.1
158	11.9	11	14.4	15.8	21.1	24.8	29.7	29.5	25.6	20	16.8	16.2	14.3	22.4	25.7	10.8	73.4	7.2	0	10.3	47.2	15.4	12.4	32
159	14.9	13.6	12.4	16.3	20.5	25.7	27.5	29.5	25.1	21.7	16.3	14.6	169.6	30.7	21.2	25.4	10.2	36.4	7.6	0.2	92.1	146.1	18.5	21
160	11.8	14.4	14.4	16.6	19.8	25.3	27	28.8	25.1	23.5	17.8	14.5	67.1	31.5	21.4	36.4	36.4	4.6	4.9	20	57.6	100	59.3	85.9
161	11.6	11.9	13.5	18	21	24.7	26.3	28.8	24	21	18.2	13.8	44.6	174.8	29.8	32.8	19	17.2	3.6	3.7	10.3	125.4	116.3	44.7
162	13.1	11.8	14.2	16.5	18.9	24.7	28.7	27.7	24.6	21.3	17.1	12.6	40.5	92.9	59.9	22.5	10.1	6.3	0	0.2	64.7	44.9	38.5	36.7
163	14	14.6	13	15.6	18.9	25	29.5	29.2	24.7	22.6	16.6	12.1	12.2	93.9	30.4	25	20.1	1.8	0	12	16.7	27.8	198.8	26.8
164	12.4	11.6	12	16.3	19.1	22.8	30.8	28.9	26.4	20.6	16.7	15.9	31.5	77.6	70.4	38.4	16	9.5	0	11.5	29.7	220.2	29.8	68.4
165	11.4	14.3	13.7	16.3	20	25.9	28	29.1	24.6	21.5	17.3	13.7	54.8	9.4	66.1	34.4	19.3	10.6	1.5	8.2	131	24.9	190.7	78.7
166	10.8	13	13.4	15.7	19.9	25	28.4	30.2	27	20.9	19.1	12.8	11.6	36.3	86.3	24.7	144.6	18.1	8.4	4.4	46.1	100.7	145.6	54
167	12.3	14.9	13.2	16.3	21.8	25.6	28.5	28.6	24.9	20.2	16.5	12.6	47.4	97.3	45.9	29.2	17.7	5.1	3	31.6	2.6	20.4	28.3	55.2
168	10.8	13	12.2	17.2	19.7	24.3	31	29.9	23.9	22.8	17.7	15.4	16.5	13.4	61.2	29.3	66.6	20.8	0.3	0.2	130.7	58.8	93.2	21
169	12.7	11	12.4	14.7	19.2	26.3	27.8	29.2	27.3	21.9	16.7	10.8	73.8	99.8	19.9	32.1	38.3	15.5	5.4	1	2.8	89.4	115.6	59.1
170	12.4	13	15.2	15.2	21.7	24.8	27.7	28.9	25.9	20.5	16.8	15.5	65.9	24.1	31.4	43.8	4.3	8.5	27.4	0.2	21.2	71.4	187.7	143.7
171	12.7	12.6	14.3	14.9	21	25.5	26.3	30.8	26.5	21	17.4	15.5	159.5	40.2	163.6	25.8	69.2	13.5	16.1	0	130.7	101.6	13.9	79.8
172	13.1	13.6	14	15.7	19.7	26.8	28.2	28.5	26.3	21.4	17.7	13.3	89.1	137.3	26.3	54.5	34.6	4.6	0.7	5.3	9.3	9	60.7	189.6
173	13.7	12	13.3	15.9	21	27.1	28.2	28.3	26.5	20.9	16.1	12.2	34	132.1	2.3	26.6	1.7	20.1	0.1	0.1	14.9	121	166.6	31.1
174	12.5	13	15.2	17.1	20.9	24.5	26.9	30.5	25.1	22.1	17.2	13.6	193.2	6.8	3.7	43.1	49.4	40.3	0.2	5.8	13.3	107.8	131.9	29
175	13.2	13.3	14.9	15.3	18.6	26.3	25.8	26	26.2	20.9	15.6	12.8	24.3	7.3	50.8	11.6	14.9	45.4	0.1	6.7	6.1	82.1	97.6	76.1
176	14.6	13.4	13.3	17.1	20.1	23.4	31.4	27.5	27.4	21.9	15	15.4	28.7	47.9	2.4	133.1	11.3	1.5	0	19.7	1	30.1	54.9	125.1
177	12.7	11.2	13.6	15.9	20.1	25	26.6	28.4	26.8	21.8	17.2	14.3	33.4	53.6	139.9	14	52.8	13.9	1.4	6.1	0	29.4	100.7	69.6
178	14	15.1	14	17.3	21	26	29.3	29	26.4	22.2	15.4	15.1	23.3	30.7	7.5	65.3	27.1	10.1	0.2	6.1	29.5	57.7	99.9	45.8
179	12.1	11.2	13.9	17.5	20.8	26.4	29.1	30.1	25.5	21.2	17.6	11.9	10.8	22.4	28.7	12.7	19.4	0.7	0	0.7	9.7	45.5	133.7	96.3
180	12.2	13	13.8	17.5	19.9	24.6	25.4	29.3	24.5	22.3	16.8	13.7	64.8	76.4	42.5	60.1	20.3	15	14.9	32.3	116.8	64.3	85	78.6
181	12.9	9.8	14.7	17.7	20.1	25.3	27	31.1	24.8	20.7	17.4	14.3	96.4	60.9	37.2	9.1	22.8	5.7	4.5	0	12.5	66.7	44.4	107.8
182	11.1	11.7	12.9	17.3	18.1	26.1	26.7	30.7	25.2	20.7	19.4	14.3	25.5	43.1	31.1	74.7	62.5	1.8	72.9	4.1	121.3	70.4	81.9	41.7
183	12.9	11.1	13.4	16.9	18.7	26.1	29.9	28	26	21.8	18.4	14.1	55.4	53.1	67.6	9.2	44.7	4	1	2.1	6.1	93.3	6.8	136.7
184	13.4	13.6	15.2	16.9	19.6	22.6	26.7	28.1	26.1	22	16.7	15	54.6	57.4	15.4	31.7	46.4	56.5	0.2	4.4	35.3	47.3	108.8	54.4
185	13.3	13.3	13.6	17.4	20.8	25.5	30.7	27.9	25.6	22.4	16.8	13	22.5	54.3	76.3	84.9	37.8	19.9	0.1	2.3	18.1	92.8	108.4	169.6
186	12.4	16.4	11.5	15.9	19.3	25.7	30.2	29.1	24.5	22.1	18.5	14.5	82.8	36	208	24.4	13	1.2	0	1.1	105.1	9.5	55.5	62.8
187	13.2	13.2	13.4	15.9	21.2	23.8	26.9	27.8	26.7	21.9	17.1	13.7	31.5	67.2	55.7	17.4	14.5	2.6	6.8	2.7	17.7	63.8	119.4	62.8
188	14.7	12.9	14.3	15.5	21.2	24	28	31.7	26.9	24.1	18.1	15.2	74.1	97.7	36.7	46.6	30.1	7.3	1.5	0.5	13.8	31	94.4	68.2
189	11.2	14.1	14.3	16.7	21.3	26.1	26.6	30.3	26.9	22.9	16.9	14.5	88.3	121.4	214.3	42.9	23	16.5	8.1	0.2	72	47.8	104.2	95.7
190	12.8	12	15.7	16.6	18.7	27.7	27.8	29.9	26.7	22.4	16	14.8	94.6	85.6	3.4	78.2	29.7	0.1	0.1	2.8	30.8	10.5	166.7	35.8
191	12.5	10.9	15	15.6	19.9	22.4	29.4	29	27.1	21.5	16.4	14.9	260.7	47.8	111.3	47	26.1	31.2	0	0.3	69.1	10.4	117.9	103.8
192	14.6	13.4	14.4	15.9	20	25.1	28	28.5	24.9	21.5	17.4	12.6	59.3	41.6	6.9	48.7	11.3	10	1.1	0.5	27.1	42.1	61.4	157.9
193	12.2	11.3	13.6	17.2	19.2	23.9	30.5	26.9	25.3	21.9	16	15	28.3	70	97.3	39.1	33.1	37.9	0.1	41.1	7	88.1	90.9	120.6
194	12.4	12.1	13.3	17.3	21.3	25.4	27.6	29.3	25.6	20.4	16.6	13.7	56.5	83.9	84.2	32	8.2	0.1	0	21.8	28.5	79.4	159.8	67.5
195	12.1	14.6	12.8	16.8	20.5	25.4	29.8	29.4	28.1	21.6	18	13.6	47.9	89.1	23.1	33.8	6.4	0.6	0.8	60.3	59.3	56.9	91.1	37.7
196	12.4	13.8	15.4	16	22.3	24.4	30.1	27.5	25	21.2	16	11.9	94.1	40.5	3.9	23.9	24.6	13.2	0	2.6	22.2	152.7	20.4	74.4
197	12.6	13.9	15.1	16.7	20.1	24	28.5	29.2	24.9	21.6	17.9	15.8	76.4	81.7	51.6	40.7	67.4	6.1	0	0.6	250.1	110.4	105.9	111.2
198	11.1	13.6	14.6	17.3	19.6	25.9	27.6	29.1	26.8	20.1	15.3	13.3	64	37.6	9.5	27.4	16.4	0.9	0.2	9.8	6.1	268	40.8	143.6
199	13.9	13.6	14.8	15.4	19.8	25.2	29	30.3	24.2	22.2	14.2	14.8	61.6	52.3	12.5	13.6	94.7	8.5	20.9	1	27.1	30.9	122.7	167.9
200	11.2	12.1	14	15.6	20.4	23.7	26.9	28.9	25.2	22.2	16.8	13.6	39.1	70.4	35.3	7.1	30.3	7.9	9.3	1.7	2.6	13.4	50.5	105.5
201	13	11.9	13.5	17	20.2	25.4	28.4	30	25.2	21.5	15.8	14.4	96.8	27.2	11.2	55.9	3.6	20.2	0	0	75.4	2.8	77.1	39.5
202	13	10.3	14.4	16.1	21.8	23.8	28.4	28.3	25.1	21.2	14.9	15.5	53.6	60.5	134.3	21.3	6.4	20.3	0	1.3	20.8	63.2	57.2	76.6
203	12.4	12	13.4	15.3	21	24.2	25.9	30.3	25.7	21.9	16.3	15	119	126.1	26.6	32.5	32.5	2.7	2.2	2.5	45.9	11.7	74.4	102.1
204	12.8	15.5	15.9	15.3	17.7	25.4	29.8	30.2	26.6	20.8	15.3	14.8	28.5	24.2	8.1	60.8	27.9	9.2	0	1.3	8.4	75.5	63.2	9.3
205	13.1	13.2	12.7	16.1	20.2	22.1	28.7	28.7	26.9	22.2	16.8	14.7	24.9	21	24.7	22.7	6.5	2	19.3	1	4.3	106.5	43.4	70.9
206	13	12.7	15.7	16.1	20.4	25.3	31	27.3	25.3	22.8	17.3	13.4	34.1	21.2	24.5	76.4	28	14.3	0	30.3	106.9	95.3	138.3	56.1
207	12.3	12.4	12.8	16.3	20	27.1	27.2	28.5	24.8	21.6	16.2	13.8	56.2	32	126.6	13.8	5.4	0.8	15.3	8.6	0.2	69.7	86.9	74.2
208	12.2	11.8	14.2	14.3	18.3	23.3	26.9	29.7	25.2	21.8	16.9	13.7	57.8	43.9	24.3	19.3	18.6	2.6	0	0	25.9	72.4	31.7	49.6
209	12.1	12.1	13.3	16.7	18.2	24.5	27	28.7	26.9	22	20	11.3	4.7	53.7	25.2	17.5	42	16.9	0.1	15.1	1.6	33.2	33.6	51.7
210	13.4	11.6	14.3	16.4	19.7	26.7	29.5	30.9	26.7	19.6	16.9	14.4	6.5	56.3	61	39.5	25.6	12.5	0.9	0.2	42.9	61.9	58.6	104.4
211	12.6	13.5	14.5	16.6	22.5	25.4	30.3	29.5	26.1	21.6	15.8	13.8	34	43.5	21.6	42.4	26.7	3.9	3.8	7.5	52.1	42.2	18.6	63
212	11.1	14.9	14.5	15.4	19.7	25.2	27.1	29	26.1	22.1	17.4	15.1	33.9	43	10.2	19	1.7	31.1	1	13.8	11.5	150	68	129.5
213	11.9	15.6	14.1	16.9	19	25.3	28.6	28	24.9	22.2	17.1	14.6	49.8	23.3	65.1	70	11.6	21.2	0.1	5.2	3	103.5	92.1	113.4
214	13	11.1	13.3	16.8	19.2	25.8	24.6	30.6	25.8	22.2	17	12.8	63.4	62.5	76.8	26.8	2.8	16.1	7.9	0	3.5	36.6	46.4	98
215	11.7	11.9	15.6	16	18.6	24.6	27.5	30	25.7	21.2	17.4	14.8	48.6	33	25.1	22.3	43.8	10.3	8.5	0.2	3.1	64	117.4	59.5
216	13.8	11.9	13.3	17.5	20.6	25.8	27.4	29.5	27.2	22.4	18.2	15.6	31.6	60	24.2	21.1	2.1	2	0.3	10.3	41.5	58	18.5	42.8
217	12.2	10.2	12.3	14.6	20.1	24.9	28.3	29.1	25.1	22.4	16	13.7	99	15.4	71.9	33.2	9.4	0.2	6.7	5.7	12.5	106.3	97.4	97.5
218	13.1	12.2	14.4	16	21.1	22.8	24.9	28.8	27.3	22.1	15.8	12.7	15.6	43.2	41.2	25.3	0.9	13.1	1.5	0.4	27.4	102.2	294.2	30.8
219	15.2	13.9	14.7	16.9	20.7	25.8	29.6	28	26.3	20.1	16.3	14.5	95.7	35.5	9.3	11.8	18.9	11.8	1	5.2	96.8	33.3	12.5	71.4
220	13.4	10.6	14.1	16.7	18.7	25.8	26	28.3	24.9	19.5	17.3	14.2	82.4	132.7	36.4	72.9	62.6	61.5	59.9	23.2	53.3	84.9	53.7	82.3
221	10.8	13.4	14.5	15.1	20	25	25.4	30.2	25.6	21.7	15.7	13.5	31.4	48.2	94.1	25.2	52.7	16.6	3.6	2.2	31	98.7	119.2	133.8
222	14.2	14.6	13.6	16.3	20.4	25	29	28.2	25.1	21.9	14.7	13.3	16	73.2	29.2	42.4	19.6	0.5	7.6	39.9	105	70	277.8	46.5
223	14.5	10.7	13.9	18.5	19.9	23.4	30.2	30	24	22.4	17.8	13.9	71.7	223	14.4	36.6	25.4	55.3	0.1	3.9	9.3	55.4	45.4	64.2
224	12.1	12.7	13.3	17.2	20.4	26.3	27.8	29.4	26.6	23.7	16.3	14.9	28.1	54.5	39.3	14.1	24.8	6.7	2	10.8	25.2	51	144.4	44.9
225	13.3	13.7	13.9	17.3	21	24	28.2	30.8	24.9	20.9	17.6	14.6	10.8	52.8	17.6	11.4	23.1	11.7	0	32.4	34.7	14.9	108	37.4
226	13	12.3	12.7	16.3	20.4	23.7	30.1	28	25.8	21.3	17.9	12.9	9.3	30.3	86.7	15.1	90.1	2.4	0	2.4	15.5	76.7	67.8	134.2
227	13.7	10.9	13.3	18.1	19.3	25.8	26.9	29.3	25.1	21.2	16	12.2	81.8	6.6	11.6	6.5	8.5	53.3	1.1	1.7	24.3	29.9	156.8	162.1
228	12.1	15.9	13	16	19	24.8	26.6	29.2	25.7	21.6	18.2	12.2	98.2	9.5	44.5	103.2	6.1	3.8	1	0	31	60.7	200.4	66.4
229	13.5	12	12.4	17.1	22.2	23.9	27.6	29.5	25.8	21.2	16.3	14.2	65.3	44	5.5	34.3	51.6	6.8	2.4	9.1	15.6	2.9	79.5	37.7
230	14.3	14.9	16.1	15.7	20.2	23.7	29.2	30.1	26.2	22.5	18	14.1	25.9	22.1	47	48.8	10.8	1.5	0	0	4.2	96.1	131.6	36.5
231	14	13.5	14.3	16.8	19.3	24.9	27.3	29	26.1	22.1	16.6	13	16.3	13.3	39.2	24.7	41.5	0.5	1.2	2.4	37.4	23.9	61.6	28.5
232	12	11.3	14.1	16.4	22.4	24.9	26.4	28.7	25.6	22.3	16.1	13.9	19.4	18.6	183	9.1	58	15.1	1.9	0.1	15.3	26.9	25.7	78.9
233	12.6	13.7	11.9	16.7	18.6	24.7	27.2	28.6	24.9	22.9	18.5	14.7	43	31.8	71.3	44.9	95.5	5.3	1.6	5.8	17.3	216.6	143.8	40.7
234	13.1	13.7	12.2	16.9	21	24.6	27.2	28.1	27.9	22.3	16.4	12.3	156.5	15.3	10.2	27.6	32.1	11.9	0.4	0.3	8	12.6	85.3	21.6
235	10	12.4	14.1	16.2	20.6	25.7	28.3	28.7	24.4	20.3	18.2	15.5	59.8	56.2	35.5	41.6	18.5	7.1	0.3	0.4	23.4	28.1	20.1	54.1
236	12.9	11.8	13.8	15.4	21.8	24	28.7	29.7	24.7	20.7	18.3	13.4	78.3	11.3	29.2	10.6	4.3	1.7	0.3	0.3	5.7	13.2	73.7	62
237	11.2	13.4	13.1	15.6	19	24.6	27.4	29.3	25.2	19.5	17	14.4	24.1	11.5	69.2	36.7	40.2	48.8	0	27.5	57.7	23.5	102.7	63.7
238	13.4	12.9	12.7	16.1	20.1	27.4	29.4	29.3	27.2	22	17.2	13.9	50.5	22.6	26.6	19.8	10.9	4.1	0.3	0.6	74.6	209.7	146.4	66.8
239	14	12.5	13.4	17.9	20.2	25.6	27.4	26.8	25.5	21.6	16.9	14.8	64.5	130.6	4.2	48	3.8	19.9	5.5	11.6	42.2	31.7	249.6	64.5
240	13.2	12.4	14.1	15.6	20	24.6	28.2	32	25.3	24	16.7	14.9	65.9	33	74.4	40.4	18.4	2.3	7.3	0.2	58.4	44.4	96.6	94.9
241	11.3	13.9	14.1	15.6	20	24.3	27.3	28	27.7	20.9	16.3	14.4	52.1	26.8	6.5	86.5	38	21.8	18.4	3.1	14.1	8.1	42.2	65.5
242	11.5	13	15.4	16.9	17.3	24.7	29.7	30.5	25	21.2	17.3	13	64	23.9	18.8	60.9	19	3.8	28.3	0.5	2	111.8	16.5	29.6
243	11.2	15.9	14.4	17	20.7	23.6	27.8	28.1	23.7	22.2	17.2	12.9	77	62	113	37.9	8.1	2	0.2	0.6	6.6	60.9	150.2	90.2
244	10.7	14.9	13.7	17	19.8	27.9	28.4	29.3	26	22.1	18.6	13.4	16.9	20.2	127.1	49.7	33.4	6.5	0	0.5	16.3	20.9	71.2	157.2
245	12.7	14.3	12.8	16.6	23.3	24.6	29.9	29.7	26.3	21.6	17.3	14.7	31.8	8.2	7.9	31.9	0.6	7.3	11	2.4	1.9	112	17.3	104.3
246	12.8	12.8	14.9	16.3	19.3	25.6	26.7	28.1	23.4	21.3	14.4	14.1	85.2	94	53.6	29.1	20.1	13.6	0.5	8.5	41.2	220.5	53.7	79.2
247	15	12.4	15	17.7	19.1	25	28.4	29.4	27.5	20.9	16.2	14.6	108.6	220.9	40.6	13.5	36.5	6.4	0	0	7.3	63.9	30.7	17.6
248	11.4	13.3	15.5	17.3	19.3	24.1	30.3	29.2	24.8	21.8	17.3	15	14.1	15.2	12.2	41.6	76.8	3	0	0.9	92.3	180.2	132.7	95
249	12.2	13.8	14.4	15.9	18.5	24.1	28	27.6	28	22.3	16.5	13	59.2	23	62.7	62.4	13.6	10.1	0	5	22.8	53	35.6	35.4
250	12.4	11.5	12.9	16.8	23	23.6	27.7	28.1	26.5	21.4	17.9	12.6	44.6	42.6	36.5	33.6	4.1	25.4	3.6	18.7	34.3	305.9	74.6	19.6
251	11.2	12.7	12.2	15	19.7	25.8	26.2	27.8	25.9	20.6	16.4	13.9	54.1	32.2	32.4	31.4	61.1	0	9	2	3.9	72.5	33	20.3
252	13	12.8	13.7	16.9	19.6	25.5	26.5	29.1	26.3	21.7	17.9	14	30.6	42.1	58	26.5	2.5	8.3	12.8	0.1	9.9	30	44.8	71
253	11.7	9.4	13.6	16.4	19.9	25.2	26.1	27.8	26.1	22	17.5	12.9	9.6	41.9	123	21.9	34	1.1	13.4	0.7	173.3	67.9	165.5	60.5
254	14.2	12.1	12.9	16.5	21.1	22.6	29.5	30.9	25.9	21.6	16.1	14	80	31.2	86.7	22.5	130.9	42.8	0	5.6	2.5	49.4	90.4	131.3
255	11.1	13.4	13.2	15.4	19.8	21.9	27.6	29.4	25.5	21.8	16.3	11	21.1	14.1	10	25.7	20.6	3.3	11.9	8.5	136.4	134	28.9	51.5
256	11.8	10.8	13.5	17.5	19.9	25.1	27	28.8	23.8	21.1	18	14	60.3	51.8	135	43.7	34.8	25.3	5.4	0	45.6	46.6	237.5	125.7
257	12.4	9.9	13.7	18.3	20.8	23.3	29	28.3	26.3	19.6	14.1	13.2	84.2	207	44.2	32.9	135	13.4	2.7	0.1	32.6	94.7	95.9	60.6
258	12	13.9	14.6	14.5	19.4	23.9	28.2	30.4	25.8	21.9	15.1	13.6	45.6	64.6	70.8	26	13.7	3.1	38.7	1.5	13.5	117.4	185.5	50.8
259	12.1	11.3	14.1	16.5	20.4	25.5	28.2	28.9	25.8	20.2	17.9	14.2	4.2	4.9	10	81.1	4	28	1.8	1.4	8.6	49.2	19.5	32.1
260	12.2	14.4	13	14.8	19.5	26.3	24.4	27.6	25.5	21.9	16.1	10.9	15.5	42.2	38.3	45.7	33.3	32.2	4.6	0.7	4.7	44.1	102.3	34.8
261	13	14	15.1	15.3	19.4	26.4	29.3	28	25.3	21.5	16.3	15.6	30.2	61	11.6	13.4	52	0.2	0	103.5	163.3	152	29.2	107.4
262	14.9	10.8	16.1	16.6	20.5	24.8	28.7	27	26	23	19.1	12.2	115.7	80.6	18.8	73.5	39.7	1	5.2	23.9	35.4	91.7	35.6	40.5
263	12.4	13.3	13.1	15.1	18.7	22.4	27.7	28.3	25.7	22.9	15.8	13.5	7.2	19.8	2.9	56.7	46	17.5	6.5	0	103.4	10.5	11.5	90.8
264	13	16.2	15.7	18	20.8	27.3	26.2	28	24.8	22.8	18.1	14.1	101.4	20.6	25.3	18.8	23.7	0.6	0	10	61.3	8.6	94.5	30.3
265	14.2	12.1	13.2	15.8	19.6	26.7	29.2	30.4	26.5	21.8	17	14.1	69.1	44.6	77.1	46.4	58.5	10.4	0.1	62.9	54.6	39.2	7.9	92.9
266	12.3	10.7	13.3	16.3	19	24.4	29.6	29.3	24.3	23	17.9	13.8	41.6	44.4	96.9	117.2	15.5	9.6	1.2	3	68.2	51.9	48.9	128.4
267	12.7	11.9	14.1	15.9	18.4	23.5	27.1	28.3	24.7	21.4	17.5	11.4	99.4	21.9	78.8	55.7	40.4	12.1	3.1	37.6	6.2	23.7	175.3	19.1
268	14.7	12.3	14.9	17	20.2	22.8	25.6	25.8	25.7	23	18.6	13.2	53.5	120.9	9.8	27.2	57	24.9	14	30.5	61.7	47.7	111.9	76.4
269	13.3	10.9	15.1	15.9	19.4	23.9	27.7	29	25.5	22.7	16.2	14.1	42.6	7	34.6	54.3	7	55.1	0.7	2.6	191.1	33.8	9.1	47.8
270	13.7	11.9	11.5	15.6	19	21.8	29.2	28.9	26.8	21	16.7	13.8	17.4	82.8	78.7	15.1	21.9	14.5	1.8	0	22.7	83	202.4	81.3
271	15.4	12.4	13.6	15.3	20.5	23.8	26.1	29.2	25.8	23.2	16.8	13.7	18	41.8	24.4	20	15.4	4.6	0.1	9.6	17.9	53.2	52.2	36.5
272	9.7	14.1	14.8	17.6	18.6	25	29.5	26.6	24.4	20.3	17	15.8	12.1	113.3	30.6	7.4	14.1	19.6	0	34	68.8	14.2	50.9	21.9
273	13	10.9	16.7	16.4	19.1	26.3	31.9	29.7	26.2	19.5	16.6	13.3	42.7	50.5	21.8	47.9	67.3	2.3	0	0.8	52.5	147.9	61.5	91
274	13.8	16	11.8	15.9	20.2	25.8	28	30.2	26.4	19.8	17.6	14.7	126.8	6	7.3	11.2	48.4	7.5	0.1	3.9	105.3	64.7	80.4	42
275	13.2	11.7	15.3	17.5	21.8	24.8	28	28.6	25	22.7	14.7	11.2	29.3	76.9	0.9	28.1	7.3	17.9	4.6	6.5	120	72.4	118.6	82.7
276	12.7	11.4	14.4	16.2	22.9	26	29.4	29.2	25.8	21.8	15.6	13.7	36.5	64.5	108.1	24.6	0.6	27.9	0.2	4.6	14.2	20.2	57.5	114.8
277	11.7	12.1	11.3	15.4	21.1	22.3	26.5	26.6	26.3	20.2	16.4	12.5	6.8	57	144.6	35.4	70.6	39.1	0.2	10.4	0.3	70.4	145.5	81.2
278	12.1	14.3	13.6	16.9	19	24.9	29.4	29.4	25.5	21.6	18.1	13.3	7	15.7	24.3	35.9	49.4	9.1	1.7	6.3	50.8	214	82.8	72.8
279	14.4	12.2	13.4	16.4	20.3	24.7	27.2	28.5	27.1	23.3	17	13	52	111.4	16.9	49.5	23	13.7	3.6	62.3	10	84	32.7	156.1
280	10.7	12.4	14.3	16.8	21.7	23.5	28.7	29	25.3	20.9	17.3	14	64	10.7	64.8	35.1	18.7	48.5	2.9	1.4	2.3	97.9	162.3	25.6
281	13.1	11.6	13.5	15.2	22	25.5	29.9	29.5	26.2	20.2	16	15.9	79.6	103.6	26.2	16.5	26.6	23.7	4.7	0	0.5	44.8	22.3	48.4
282	12.6	14.4	14.9	17.1	21.8	25.5	29.9	29.4	24.7	21.4	17.6	14.2	64.4	69.7	44.2	34.5	22.5	16.7	0.2	16.1	117.9	90	141.1	96.8
283	11.3	14.5	15.1	16.9	20.1	25.7	27.4	28.3	24.7	24	17.3	11.9	57.7	102.2	146.4	106.4	14	20.5	0.2	22.2	10.1	37.2	62.9	30.2
284	12.1	14.9	14.8	16.3	21.4	25.6	29.3	28.3	25.1	23.6	14.6	13.6	38.7	31.6	92.5	25.8	32.1	1.7	0	0	74	83.4	74.5	59.6
285	13.1	7.8	14.1	17.4	17.8	24.4	26.5	27.8	25.5	19.6	15.5	14.1	40	26	63.1	86.1	47.1	11.9	0.4	0	70.6	67.7	25.3	59.4
286	11.7	10.3	13.9	15.6	22	26.4	27	28.7	24.7	19.6	16.8	14.9	20.3	54.8	46.4	131.3	22.2	8	0.3	10.1	46.3	331.4	126.3	159.4
287	12.6	13.4	13.4	17.2	19.8	24.7	25.8	29.6	25.5	21.1	18.4	12.7	29.1	19.9	156.7	32.9	85.4	1	15.8	0.4	2.4	203.5	49.2	61.9
288	12.9	11.4	13	15.8	21.6	24.6	28.4	28.5	24.2	20.3	19.8	14.6	40.9	83.3	17.6	26.4	17.2	10.3	1.6	1.8	107.3	42.9	14.3	34.6
289	11.4	13.4	15.8	16.1	18.7	25.6	30.4	26.4	24.7	21.5	16.4	13.3	18.3	63.2	89.7	45	2.6	7.5	0	60.4	5.2	7.2	132.1	51.7
290	12	14	14.1	15.2	19.3	26.5	28.3	26.6	26	23.1	17.7	14.7	29.8	26.7	9.1	31.4	47.4	49.9	2.8	30.7	12.4	65.9	23.4	152.6
291	12.9	11.5	14.1	15.1	19.8	24.3	26.9	28.6	24.9	21.7	17.4	15.5	38.5	32.3	92.5	26.5	10.6	5.1	4.9	14.1	84.2	29.1	59.4	30.6
292	13.5	14.9	15	17.6	19.7	24.6	27.4	31.1	26.3	21.1	17.5	13.9	138.9	68.6	47.3	31.2	19.9	2.4	0.2	0	5.9	192.3	58.6	61.7
293	12.6	13.7	15.7	15.6	20.5	24.4	31.2	30.1	26.8	21.9	18.5	12.4	33.3	85.6	89.7	48.3	42.4	45	0	0	41.2	47.3	36.3	44.2
294	14	12.9	13.6	16.5	21	25.2	27.8	27.6	25.6	20.3	18.3	14	107.5	68.2	40.5	12.7	3.4	11.2	0	1.9	0.7	49.6	79.7	154.6
295	12.9	11.9	15.1	17.5	17.8	25.4	22.8	29.4	25.3	21.9	16.7	13.3	329.6	39.3	40.3	20.1	63.1	3.2	33	2.7	27.9	59.5	371.9	87.1
296	12	13.7	15	16.8	21.3	24.2	29.4	29.5	24.7	21.1	16.9	14.8	70.3	65.6	66.3	31.6	24	2.5	6.3	0.1	62.9	81.2	37.7	17.9
297	13.7	14.5	14	15.5	23.2	24.6	28	30.8	25.2	22	15.4	13.9	52.6	59.3	65.7	37.6	0.4	2.4	8.3	0.1	20.7	112.1	16.8	120.7
298	12.3	13.5	14	16.6	19.4	24.5	25.2	28.5	26.2	22.4	17.9	14.3	19.1	143.6	7.9	39.9	4.8	18.6	0.9	9.2	24.6	6.8	118.9	34.6
299	12.8	11.9	12.6	16	21.6	24.3	28.8	28.3	27	22.1	15.4	13.1	17.1	104.1	32.5	61.4	19.4	12	0.1	8.5	6.7	56.3	142	76.4
300	11.7	12.1	13	15.9	20.2	25.1	28.2	28.2	27.2	23.3	15.4	12.8	103	32.6	130.2	22.3	4	2	0	15.8	32.4	64.5	56.3	131.7
301	12.5	10	14.4	16.3	20.2	26.6	29.9	29.6	25	22.6	16.3	12.7	57.7	86	28.4	37.4	6.6	52.8	1.8	2.4	113.6	94.7	73.8	43.4
302	13	13.6	14.2	16.5	21.4	25.1	29.2	29.6	26.4	22.5	18.3	14.7	16.5	44	3.2	37.7	23.7	34.4	3.2	9	9.8	92.6	99.2	111.5
303	11.8	15	14.8	16.9	20.5	22.5	27.4	28.5	26.2	23.4	16.5	15.1	13	86.4	40.5	1.9	5.7	6	3	1	20.1	72.5	91.9	88.9
304	15.3	13.4	13.7	16.5	21	25.7	26.4	28.7	26	21.9	17.4	14.4	35.9	67.5	94.7	43.1	5.4	9.6	33.7	2.2	127	117.3	98.5	81.8
305	12.7	12.7	12.8	16.5	20.6	26.2	26.8	26.3	25.8	20.5	16.7	15.4	9.4	32	35.3	64.4	65.3	44.4	0.2	9.9	33.5	13.3	158.1	21.6
306	12.9	14.4	13.8	17.6	21.5	23.7	28.4	28.6	25.4	22.1	15.6	14.2	80.9	47.9	9.9	10.4	42.1	22.5	1.9	14.2	2.9	101.6	115.7	90.4
307	12	12.7	14	17.7	20.2	27	27.1	27.5	24.5	20.6	19.3	11.9	11.3	125.3	10.9	42.1	56.9	21.2	1.9	2	2.6	14.4	215.2	76.8
308	11.8	12.1	13.3	16.1	21.4	26.1	29.2	29.1	26.6	21.7	16.9	12.6	148.9	24.1	12.3	61	26.1	10.1	9.8	17.3	37.9	41	61.2	78
309	12.4	12.1	14	16	20.7	24	29.8	28.7	26.7	22.4	15.5	12.6	15.4	14.8	26.4	44.4	14.7	10.4	0.1	1.8	102.1	84.7	28.4	143.7
310	12.2	12.6	15	16	21.2	26.1	30.2	29.4	24.4	21.8	17.8	12.9	47.9	42.1	66.2	155.8	20.8	1.5	0	0.3	38.9	26	32.9	49.4
311	11.7	12.7	12.9	16	21.2	23.5	26.7	28	24.8	21.8	18.7	13.9	28.8	80.4	28.9	101	36.1	20.9	9	4.2	126.3	107	162.1	23.9
312	12.1	12.7	12.9	16.7	19.2	25	27.2	29.4	24.6	23.4	18	13.6	57.5	179.8	34.1	47.5	6.1	4.2	9.1	2.4	10.8	29.2	76.3	80
313	11.4	10.6	12.4	16.7	19.7	26.6	27.9	29.2	23.7	23.3	18.3	14.3	1.8	35.2	15.8	95.2	91.5	14.8	0.1	2.4	40.5	15.5	75.4	44.3
314	13.3	15.5	13.4	16.3	20.8	23.5	27.8	28.3	25.8	20.4	16	13	124.8	6.6	54.1	9.2	17.7	6.9	4.5	30.9	44.3	39.8	65.2	37.3
315	12	13	13.8	16.3	19.2	24.8	30.7	29	27	21.6	17.1	11.9	5.3	135.6	3	10.5	43.6	0.8	0	0.5	37.5	26.5	38.7	67.9
316	12	13.1	14.6	15.4	21.5	24.6	28.8	30.8	28.2	21.9	16.8	12.2	41.7	31.6	12.2	31.7	66.7	2.9	8.7	0.1	2.1	186.2	30.2	51.6
317	12.3	10	15	16.1	20	25.9	26.4	28.9	24.2	21.7	14.9	14.5	146.6	42.2	45.8	27.6	2	2.5	17.5	2.6	18.7	20	144.3	158.1
318	11.9	12.1	12.7	16.2	20.4	24.3	28.9	29.9	23.9	20.4	15.7	14.1	16.4	77	94.3	17.7	20.5	3.5	0	1.5	9.1	21.3	115.6	104.2
319	11.6	12.9	13.7	17.5	20.9	23	26.1	28.1	27.3	20.3	18.1	13.9	26.9	68.3	70.1	16.4	32.4	18.5	20.8	10.9	36.9	172	50.4	34
320	14.7	14.9	14.7	15.4	22.1	24.3	29.1	30	25.7	23	16.2	14.7	44.2	248.6	47.3	17.3	8.9	0.3	0.1	2.6	3.4	8.5	28.1	42
321	14.2	12.4	14.1	15.9	21.9	24.6	26.8	27.2	24.1	22.7	15.4	13.9	133.5	26.7	42.5	34.1	0.4	12.3	2.8	0.2	19.3	78.7	50.5	159.1
322	13.7	13.8	13.1	16.5	19.7	24.7	30.9	27.9	26.2	23	18.5	14	74.2	70.6	41.6	14.4	94.3	12.5	0	19.9	10.7	91.2	39.2	49.8
323	12.4	12.8	12.9	16	20.4	25.9	28.6	30.1	26.7	21.5	17.1	14.4	32.9	28.6	51.3	24.6	41.3	3.6	0.2	2	18.8	19.3	120.3	117.4
324	13.1	13.2	14.2	16.8	19.3	25.3	28.5	27.7	25.1	19.8	15.4	12.7	70.6	92.5	8.3	64.2	49.2	10.4	0.4	12.2	8.1	68.5	82.2	26.4
325	13.2	12.6	15.1	15.9	18.2	24.6	29.8	31.9	25.5	22.9	17.4	13.9	78.1	74.4	68.6	18.8	36.4	93.6	0	1.1	0.1	31.8	72.4	201.1
326	13	15.4	14.5	14.7	18.5	25.2	28.7	28.5	25.9	21.4	17.1	11.8	78.9	72.8	16.2	31.3	85.4	32.9	0	0.3	23	98.4	42.1	19.6
327	12.2	12.6	13.9	16.1	20.7	24.9	29	27.8	24.4	22.9	18.1	15.8	80.4	77.6	9.6	56.3	0.7	33.6	14.5	21.1	20.2	87.3	138.6	62.4
328	10.9	14.2	14.8	14.9	22	25.7	28	30.6	25.8	22.1	16.2	12.1	42	55.3	30.5	45.2	2.8	10.4	0	0	77.1	70.5	113	48.7
329	12.8	11.9	13.9	17.3	21.7	22.8	28.5	28.8	25.7	21	16.4	14.3	24.9	50.3	97.8	14.7	19.9	30.9	0	2.3	5.4	100.2	240.7	63.9
330	13.9	11	14.4	18.5	20.9	23.2	28.8	30.1	24.4	21.6	18.2	14.7	26	100.3	29.4	21.8	103	27.4	1.1	2.4	8.8	53	17.4	174.9
331	13.7	13	12.5	16.3	21	22.9	27.4	28.3	27	19	16.6	12.5	10.6	40.3	119.1	29.3	8.9	12.2	7.5	8.4	106.7	23.3	71.3	147.2
332	13.5	12.9	15.1	17.2	19.2	26	28.1	30.2	26.1	21.6	17.5	12.5	7.7	55.4	47.7	27.7	32.2	2.6	12.7	0.2	55.5	216.9	34.8	47.1
333	13.7	14.2	14.3	15.5	20.3	23.8	29.9	28.6	24.6	21.7	17.9	13	24	69.4	49.6	19.1	17.5	14.5	0.8	0.2	47.6	25	84.7	94.8
334	12.6	12.8	12.6	15.2	20.7	23.9	27.3	27.8	26.9	20.9	17.8	14.4	13.5	43.8	11.4	50.9	43.1	10	2.9	0.7	11.6	21.4	23.3	97.2
335	11.1	12.4	11	15.2	20.4	23.9	26	29	25.1	21.5	16.9	14.2	35.2	84.2	78	61.2	3.1	11.9	6	0.5	18.9	62.8	53.3	112
336	11.5	11.4	14.2	16.4	20	21.8	29.6	28.3	25.1	20.6	16.5	12.7	26.4	29	1.1	32.4	70.2	58.2	5.9	5.4	8.9	178.5	128.2	50.3
337	12.4	14.9	13	14.9	18.1	24.2	27.9	30.3	26.1	22.2	18.4	14.6	11.6	9.2	64.3	27	47.4	3.9	0.2	3.1	12.5	145.9	105.7	145.6
338	11.3	14.3	13	15	18.6	24.4	26.2	26.8	23.8	21.3	18.5	13.8	51.9	31	64.7	27.6	3.9	40.9	1.6	0.1	18.6	113.9	88.5	46.3
339	15.2	12.9	15	17.8	20.5	25.8	27.5	29.9	25.3	20.6	14.9	15.4	16.5	42.9	53.4	33.9	62.5	0.4	14.4	1.5	34.5	1.4	280.8	110.1
340	13.9	12.6	13	15.5	19.3	24.4	28.1	28.6	25.3	21.7	16.6	11.8	14.1	41.5	1.6	18.5	14.6	30.5	0.2	16.8	9.8	107.6	117.1	34.9
341	12.5	11.1	15	15.9	20.2	26.7	27.7	29.3	26.9	19.4	15.9	14.6	56.5	25.1	8.8	28.9	32.4	2.9	24.4	4.6	0.2	61.1	11.6	43.1
342	11.1	13.2	14.6	18	20.3	23.8	28.1	29.2	28.2	22.1	16.8	14.5	9.4	120.8	47.1	16.9	27.6	11.3	4.3	30.9	25.1	105.2	100.7	107.3
343	13.7	10.8	12	15.4	20.1	24.4	26.7	29.8	28.1	21.8	16.4	12.7	26.2	35.5	27.1	62.1	6.5	3.5	2.4	12.1	0.5	30.5	106.9	9.4
344	12.3	14.5	13.6	15.9	18.1	25.4	24.9	29.3	24.6	22	18.5	14.1	36	5.4	14.5	10.6	7.9	20.2	39.3	3.6	185.8	141.4	38.7	89.7
345	13.2	11.8	13.4	17.2	19.4	24.7	27.5	29.1	25.9	21.4	17.4	13.8	5.4	17.4	30.6	36.1	0.1	10.8	2.4	39.4	25	33.4	214.3	30.5
346	12.6	13.1	13.6	16.3	20.1	25.1	26.7	29.8	25.9	19.3	17.3	12.1	152.6	41.7	120.2	27.7	6.7	133.7	12.8	0	5.8	88.6	3.8	6.8
347	13.1	13.3	14.3	15.3	19.8	23.5	29	29.5	25.5	21.7	16.1	15.7	43.3	135.2	54.3	45	53	18	0	0.5	56.4	38.5	29.3	57.5
348	14.9	11.5	13.8	16.9	21.1	27.1	29.7	28	25.3	22.3	16.7	16.4	52.4	54.8	46.8	23.1	7.8	23.5	0	1.4	15.4	14.2	14.1	49.2
349	12.3	9.6	13.3	16.4	21.5	26	29.6	30.1	26.1	19.8	17.3	14.7	28.8	165.8	52.6	25.5	23.6	2.1	6.7	0	46.8	85.9	38.8	55
350	12.7	12.7	13.5	16.6	22.1	26.1	28.5	29.1	26.4	21.2	15.9	14.3	71.4	5.6	39.7	66.8	30.7	3.8	0.3	0.1	35.8	66.2	93.6	115.7
351	15.7	14.1	15.4	16.7	19.4	23.8	28.7	28.4	25.2	23.7	15.7	15.1	20.7	26.6	58	45.2	24.5	4	0.4	0.5	17.4	115	6.1	170.1
352	11.8	13.2	14.3	15.3	19.5	23.6	27.8	28.6	26	19.7	17.6	14.3	44	59.5	39.9	13.9	10.4	0.1	7.3	3.4	11.6	95.3	28.7	138.8
353	12.8	11.1	12.7	16.5	19.8	24	26.4	29.2	24.6	23.4	18.1	15.3	31.1	18.6	34.1	40.6	19.6	4.4	4	6.4	91.6	18.7	48.4	134.9
354	13.8	13.2	15.7	15	21.3	24.6	29.9	27.9	25.5	20.1	16.1	14.5	16.7	39.1	20.7	51.1	4.4	8.1	0.1	2	45.6	136.8	66.6	218.1
355	12.9	14.3	14.4	15.4	20.6	24.8	28	29.7	24.8	21.6	15.6	10.6	82.1	52	5.7	75.3	47.2	36.6	1.2	72.4	11.9	19.4	84.7	29.4
356	13.6	13.4	14.7	15.3	21	26.6	28.9	29.1	23.6	20.7	18.3	13.6	90.9	9.5	24.7	16.7	9.3	6.2	0.3	0	59.7	53.1	70.8	138.3
357	13.6	14.4	14.5	16.1	22.8	28.9	28.9	27.7	24.8	23.7	16.1	12.8	72.6	16.9	66.1	20	5.7	0.3	3	48.5	53.4	23.2	58.3	8.2
358	14.8	10.6	14	15.2	21.1	26.5	27.2	27.6	25.7	24.5	17	15.2	153.1	19.7	58.2	37.1	21.1	1.3	3.5	8.6	18.2	11.4	113.9	106.1
359	12.4	11.7	12.5	16.2	19.8	23.6	28.6	28.1	25	20.6	17.3	14.3	60.8	75.8	37.3	22.3	14.4	0	0.1	2.4	3.3	48.4	40.6	29.3
360	11.8	13.6	14.8	15.3	19.3	21.9	30.1	27.8	25.2	20.6	16.9	15.5	105.4	65.9	21.2	30.5	9	3.8	0.3	18.1	38	107.2	18.8	168.7
361	12.5	11.2	13.7	14.5	19.6	22.5	25.8	28.7	25.7	20.6	16.7	15.9	25	40	119.2	14.8	1.9	6.3	27.9	1.3	54.3	29.5	41.3	186.2
362	12	13.5	15.7	15.6	19.8	24.3	30.1	28.6	28	23	16.6	14.6	19.3	11.8	82	61.8	13.4	33.4	0.7	17.5	4.6	15.9	76.3	59.9
363	11.1	12.9	15.4	15.2	19.5	21.6	26.2	29.4	26.3	21.4	15.5	13.6	6.2	91.3	41.9	48.7	4.4	54.7	1.6	0	60	82.4	73.1	33.5
364	14.9	12	14.9	15.9	19.6	24	28.1	28.3	25	23.6	15.9	16.8	75.7	13.2	42.5	32.5	3.5	23.7	15.7	50.3	13.9	18.5	150.1	61.7
365	13.2	14	15.7	16.7	22.5	26.3	28	31	24.4	20.5	16	12.8	68	28.5	39.8	78.6	54.8	11.5	0	1.9	2.7	133	56.1	37.8
366	11.5	12.7	14.3	17.1	21.6	21.4	29.3	30.5	25.1	20.7	17.9	14.4	5.7	12.4	3.7	34.9	15.4	24.4	0.4	21.1	1.2	11.9	288.3	28.1
367	14.4	10.8	14.2	15.4	18.3	25.9	29.6	28.9	26.4	21.1	15.3	13.1	17.3	73.1	57	52.9	25	12.8	0.1	8.8	7	82.2	81.6	62.8
368	11.9	13.8	14	16.5	20.3	26	27.6	31	26.2	22.1	15.8	13.5	2.7	4.7	85.7	7.8	17.1	1.2	20.5	1.5	95	32.8	117	72.7
369	11.1	11.6	13.3	16	18.3	22.4	27.6	28.5	24.8	21.7	16.8	12.9	20.1	43.8	31.1	61.6	31	21.6	4.7	2.4	3.2	82.6	197.8	120.8
370	14.1	11.7	12.9	17	18.3	25.9	25.4	31.6	25.7	23	18.4	12.8	29.7	40.3	6.6	16	21.5	44.8	1.6	0.1	58.6	30.4	33.3	148.1
371	11.5	9.7	12.2	15.9	23.4	25.7	27.2	29.6	26.4	22.4	16.7	13.4	141.1	30.5	75.4	65.2	1.5	3.6	24	21.9	5.6	13.4	67.5	53.6
372	11.7	14.6	14.2	16.5	20.5	25.2	30	27.9	26.4	22	16.8	14.6	69.9	69.9	82.6	56.2	34.1	20	0.4	1.9	33.9	100.4	58.3	35.5
373	11.2	10.5	14.5	17	20	24.7	28.7	29.4	25.6	22.5	17.1	14.4	45.9	80.5	35.5	11.9	16.3	17.6	0.5	0	21.9	212	32.7	58.8
374	11.7	13.6	12.6	17.3	19.9	24.5	28.2	26.8	27.2	21.4	14.8	14.4	58.3	34.1	40.8	4.9	8.9	0.2	0	34	7.8	54.6	138.5	52.4
375	14.5	10.6	14.4	16.9	21.5	25.3	29.1	28.6	25.9	20.3	17.3	15.4	20.8	43.6	51	39.5	0.1	1.2	0.8	4.6	22.5	31	96.3	91.7
376	13.7	10.8	15.2	16.4	21.7	26.2	28	29.7	25.7	22.9	17.9	15.8	33.1	48.2	63.4	24.6	32	16.8	0	16.6	11.4	8.8	57.4	73.7
377	12.7	16.6	13.3	15.8	22.1	24	29.5	29.8	27	22.1	15.7	15.3	5	64.7	82.5	29.1	18.8	36.2	0	5.7	4.6	41.5	41.6	96.7
378	14.4	13.6	12.5	18.4	19.2	25.4	26	29.4	27.4	23.1	18.7	14.4	24.1	70.9	46.2	35.2	17.6	3.5	3	5.1	7.5	57.5	91	40.4
379	12.2	12.7	14.6	15.9	22.6	23.6	26.3	29.3	24.2	19.9	17	13.5	96.1	49.1	65.9	9.8	27.1	11.1	0.7	2.3	52	11.5	59.2	22.6
380	12.8	11.6	13.8	15.1	19.8	26.7	24.8	27.9	25.5	19	17.2	14.5	27	49.6	22.9	62	42.2	0.4	4.8	5.6	38.5	209.3	75.7	45.9
381	12.6	11.5	14.4	16.7	19.8	24.8	30.3	30.7	26.3	21.5	17.1	13.4	236.5	14.9	175.6	79	0.9	0.1	0	0	2.8	53.1	47.2	95.3
382	13.2	10.7	12.6	16.4	22.3	23.8	28.7	29.2	24.7	20.5	16.3	13.5	49.5	38	35.2	14.7	35.3	4.4	0.6	2.7	1	50.1	130.1	98.8
383	12.4	11.7	12.8	16.6	19.3	25.5	28.4	28.3	27	20.6	18.8	16.1	70.3	210.9	71	47.9	2	3.8	0.3	37.6	22.6	4.2	25.4	146.9
384	13	14.7	14.5	16.6	19.9	24.6	29	29.2	26.5	22.7	13.3	13.2	60.3	56.6	58.2	8.7	29.1	24.1	0.2	3.6	43.6	81	130.1	60
385	10.1	12.9	14.4	15.4	18.8	23.9	28.9	30.2	24.4	19.8	17.7	15.5	72	72.4	3.6	17	50.1	18.7	3.7	2.1	45	8.3	33.9	118.5
386	12.3	11.9	13.4	16.5	19.7	24.8	28.2	28.6	25.8	19.1	16.9	13.9	10.1	139.8	15	57.3	11.9	2.3	2.2	0	201.8	45.1	47.5	69
387	11.1	15	13.9	16.7	20.8	25.8	26.1	28.5	25.8	22.4	16.4	16.7	12.4	35.6	16.9	60.3	12.9	0.8	2.9	0.4	31.2	45.8	93.1	51.3
388	12.3	11.6	13.2	14.6	19.9	24.2	28.2	28.4	27.3	23	18.6	14.6	27.4	20.9	46.2	32.7	22.8	6	3.3	0.1	24.7	44	76.9	31.6
389	13.2	10.1	14.4	16	19.2	27.4	27.2	27.5	24.8	21.9	17.4	12.7	110.5	158.8	151.9	11	33.3	2.1	1.6	0.8	3.1	119.5	20.5	51.2
390	13.6	12.4	13.4	15.7	18.8	26.1	25.1	29.5	25.9	20.7	17.7	16.6	63.5	23	23.1	12.9	23.3	1.6	15.5	21.8	44.8	53.4	80.9	185.8
391	12.4	12.5	16	16.9	19.5	25.4	26	30.3	26.3	22.1	16.3	12.5	71.4	50.1	73.7	36.2	46.9	30.1	1.1	5.5	119.9	66.2	231.4	39.7
392	10.8	12.6	12.9	15.7	19.5	23.7	29.9	29.6	25.3	20.9	17.5	15.1	125.2	60.4	41.9	62.4	16.4	118	8.7	0.1	38.5	122.9	41.5	57.2
393	13.3	12.5	13.7	15.3	21.6	26.6	29.1	29.6	26.5	21.4	16.3	12.1	104.5	56.2	20.2	15.6	1.3	25.3	1.5	0.6	37.3	46.5	40.7	47.2
394	12.6	12.9	14.3	16.9	19.1	24.4	26.6	29.3	26.7	22.4	17.2	13.2	77.3	43.7	34.8	10.2	18.2	3.9	2	0.2	13.5	18.9	111.8	29.5
395	12.6	14.9	13.6	15.4	18.5	24	30	29.1	25.9	20.3	16.9	13.4	124	2	10.5	14.9	7.4	9.8	1	29.6	12.4	138.3	97.6	77.6
396	12.5	13.7	13.3	16.8	20.5	25.5	28.8	27.3	27.2	21.7	17.6	15.1	104.9	115	38.6	44.5	1.3	3.3	0	0.2	32.9	50.4	225.2	116.7
397	12.3	10.7	14.5	15.4	17.6	23.8	28.2	27.6	25.2	20.3	18.2	14.4	62.8	47.1	44	41.2	44.1	7.5	4.6	2.3	9.4	117.2	74.3	65.2
398	10.3	12.5	14.5	15	21	24.5	28.8	28.8	25.7	22.1	16.5	13.9	62.9	84.2	46.7	52.3	4.3	13	0	0.1	54.7	18.1	77	147
399	14	10.7	13.8	15.9	20	25.3	29.5	29.4	25.8	21.9	17.2	13.6	10.4	134.1	12.4	119.8	87.6	7.3	2.3	3.4	1.1	9.2	20.4	171.6
400	11.3	14.5	12.9	17.1	21	25.6	30.3	26	25.9	22.2	18	15.7	8.6	30.6	33	15.2	0.1	7	0.1	15.3	16.4	92.5	35.1	108.3
401	12.5	13.9	15.8	15.7	21.1	26.5	27.7	30.1	25.6	19.4	16.9	15.7	36.7	47.7	68.3	98.3	18	22.3	0.1	26.3	1.2	11.5	9.9	69.6
402	13.2	13.5	13.2	17	18.4	24.5	28.3	28.3	27.1	23.4	17.4	14	79.4	75.5	1.6	45.9	12.9	32.5	19.4	4.4	117.7	119.3	99.4	71
403	13.9	12.6	13.4	16.9	19.5	25.9	31	28.3	26.4	24	17.4	14.1	23.5	39	27.1	30.1	41.3	1.6	0	0	12.1	33.1	55.6	50.1
404	13.2	12.9	15	16.5	20.5	23.2	30	28.9	27.2	22.9	16.3	15.4	57.2	82.5	68.8	41	7.2	14.2	8.8	14.6	46.1	4.4	176.7	69.9
405	13.5	11.9	13.8	16.4	21	25.9	29.4	30.5	25.8	21.6	19.3	15.4	54.1	20.5	11.6	30.5	22.3	26.4	4.6	5.7	102.4	99.2	29.3	60.4
406	15.2	14.3	13.1	16.2	21.7	23.6	27.3	28.9	26.9	22.3	16.5	12.2	109.6	90.2	14	6.6	15.8	5.1	27.9	4.3	4.9	23.1	220.3	67
407	14.2	13.5	13.8	15.1	20.6	26.8	28.4	28.8	25.7	22.1	16.1	16.4	78.8	33.9	41.9	63.8	59.8	7.1	0.2	0.1	128.7	60.3	87.4	135.3
408	13.3	11.4	13.2	16.9	20.7	26	30	28.8	26.7	21.7	18.2	13.9	49.5	181	161.9	79.3	27.8	6.7	0	6.4	11.1	39	82.3	30.4
409	11.8	11.8	14.5	15.9	22.3	24.4	29.9	29.8	25.9	23.5	16.8	14.2	63.7	21	60.2	39	1.5	7.9	0.4	0.3	20	14.7	114.8	96.1
410	9.6	11.5	14.7	16.9	19.7	25.2	28.1	27.2	25.8	21.9	16.5	13.1	27.7	50	8.5	31.7	107.5	1.4	0.6	5.2	14.8	72.1	21.9	39.4
411	13.5	10.9	12.8	16.2	19.8	27	27.2	28.5	26.3	22.9	18.3	12.9	56.2	109.2	1.2	45.8	28.4	2.9	0.6	1.9	4.6	58.6	156.6	37.2
412	12.3	11.3	13.7	16.9	20.6	25.3	29.1	29.3	25.8	20.7	16.6	13.5	45.9	55.2	27.7	25.7	26.3	25.8	4.7	36.9	29.4	70.6	83.2	88.1
413	11.9	14	13.9	17.9	20.8	24.2	28.8	30.5	25.9	20.1	16.9	15.9	36.1	80.9	21.6	47.8	58.1	22.6	6.4	0.1	7.5	17.1	100	62
414	11.7	11	13.7	15.8	21	24.6	27.5	31.7	26.8	20.7	18.1	14.4	23.5	58.5	28.4	45	5.4	1.9	0.8	5.3	20.9	40.9	26.7	103.6
415	11.7	12.4	13.8	16	20.6	26.5	26.8	29.9	26.2	23	15	15.2	18.1	112.6	15.7	76.8	26.9	2.2	5.7	0	53.1	57.7	158.7	96.7
416	13	12.7	11.7	16.6	19.4	23.2	27.5	29.2	26	21.8	17	13.7	32.7	39.1	45.2	25.8	90.5	3.6	3.1	0.6	20.5	121.7	126.8	106
417	12.1	11.6	14.6	16.3	20.5	23.6	28.3	28.7	25.6	22.6	17.6	13.9	49.3	101.2	64.2	15.3	11.4	19.1	0	1.4	1	3.6	30.9	26.3
418	13.6	15.1	14.5	17	20.2	25.9	27.8	31.1	24.7	22.4	14.4	13.6	37.1	12.3	18.5	67.8	3.7	2.9	0.1	0	125.4	11.9	167.3	59.3
419	13	12	13.7	16.1	17.9	26.8	30.9	29.3	25.4	21.1	17.9	16	27.3	72.4	58.5	15.2	45.8	5.8	0	21.6	38.1	96.2	25.6	93.4
420	13.6	11.9	12	16.1	20.3	23.9	28.6	30.7	27	23.3	16.9	13.8	43.3	63.8	101.3	14.5	15.3	5.5	1.1	0.7	118.7	62.1	98.6	30
421	13.2	13.4	13.8	18.5	20.1	25.4	29	31.6	26	21.8	18.1	13.4	139.9	38.6	44.3	16.4	50.2	2.8	1.4	0.8	21.3	12.8	56.7	20.6
422	12	15.7	14.7	18	21	23.2	29.7	30.3	24.9	21.9	18.7	13.2	88.1	103.8	56.5	38.3	23	15.1	0	7.3	14.6	18.9	119.3	169
423	13.3	13.8	13.6	17.3	22.1	26	26.2	27.9	24.8	21.4	20	16.7	70.7	47.5	18.1	40.4	15.9	10.9	20	0	6.1	47.2	14.2	49.1
424	13.9	13	12.7	15.3	16.1	24.6	28.4	28.5	26.2	23.5	16.7	15.4	50.1	59.5	143.1	22.7	97.9	12.8	0	8	34.2	50.8	19.4	152
425	11.5	11.8	11.8	17.3	21.1	23.4	27.5	28.4	26.5	21.6	16.5	14.2	130	36.3	13.2	52.5	14.8	13.1	0.6	2.5	19	22.9	154.9	58.9
426	13.7	13	14.3	16.3	18.7	22.7	26.2	28.6	25.2	22	15.1	14.4	84.5	212.7	16.5	49.1	20	23.1	2.4	8	28.8	26.4	29.3	80.4
427	13.7	12	15.6	16.7	19.9	27.2	28.3	28.8	26.7	23.8	17.1	14.4	66.5	31.9	9.3	65.3	44	8.7	8.1	0.1	18.7	36.8	42.2	77.9
428	13.5	13.5	15.4	15.1	20.3	24.4	27.2	28.7	25.5	20.8	16.4	15.9	66.4	78.6	20.6	39.7	19.3	4.6	0.7	0.4	2.8	134.2	26.2	146
429	13	12.7	15.2	14.2	22.9	25.1	27.7	28.1	23.7	22.5	16.8	16	51.3	52.5	50.9	91	7.2	22.2	0.3	4	1.6	6.3	74.7	64.1
430	11.3	12.8	15.4	15.5	20.5	23.6	28.3	31.8	24.9	21.2	17.4	12.5	26.8	50.6	42.7	79.5	85.5	1.2	13.5	0	20.8	31.5	23.7	48.3
431	12	12.2	14.2	16	18.6	24.4	27.7	29	24.5	22.4	16.4	13.9	29.4	90.2	10.5	18.3	62.3	47.4	1.7	0	42.1	159	148	152
432	13.5	13.5	15.3	15.7	21.8	25.1	28.3	29.6	25.4	20.4	17.1	13.9	43.2	31.4	6.6	44.6	9.7	3.4	6.2	28.5	34.5	35.4	59.2	10.4
433	11	11.8	13.4	16.4	20.7	25.9	29.3	27.9	24.2	20.4	17.1	14.7	52.5	49.4	160.6	9.5	7.1	3.1	7.6	6	180.8	3.9	123.5	152.7
434	12.8	14.6	14.6	15.3	19.2	23.9	28.5	28	26.1	21.9	16.7	13.2	20.8	7.7	15	37.8	3.7	4.7	0.1	26.3	10.4	67.5	257.6	55.5
435	13.1	9.2	11.8	16.4	21.5	26.1	27.9	27.2	27.6	21.2	18.6	13.8	8.3	114.4	58.6	3.3	8.1	13.5	9.8	0.6	17.3	201.3	39.7	112.8
436	12.9	12.6	14.9	16	18.6	26.4	30.2	31.9	25.6	22.3	16.2	13.2	44.6	53.4	7.1	45.2	65.7	21.4	0	0.1	20	5.7	67.1	15.3
437	13.9	12.6	16.1	16.9	19.9	21.7	28.6	28.1	26.9	22.7	16.3	13.7	25.2	184.5	9.8	18.4	6.4	17.8	0	8.1	47	84.5	23.5	53.9
438	12.4	11.5	14.3	17.2	19.5	25.1	29.8	28.8	24.9	22.1	17.3	15.9	93.8	123	28.2	8.4	29.5	24.5	0	1.4	258.4	225	97.2	99.8
439	13	11.6	14	16.6	21.5	26	26.4	30	25	21.3	15.8	15.2	43.5	64.3	266.9	33.7	10.4	0.4	1.5	0.3	30.9	75.4	38.4	46.7
440	14.1	10.7	13.8	15.2	19.3	25.5	27.8	29.2	26.8	20.7	18.2	13.3	35.3	40.1	39.7	33.9	2.7	6.2	0	4.1	2.1	100.4	50.2	87.5
441	12.9	14	14.8	15.6	22	23.4	26.9	32.1	24.6	24.3	17.5	14	61.9	38.7	24.3	54.1	0.4	4.8	0.3	0.7	2.4	13.2	79.2	65.2
442	13.4	10.7	15.7	17.3	18	28.7	27.7	28.9	24.6	23.1	17	12.3	39.2	20.8	72.1	36.7	23.8	4.4	7.9	19.5	363	97.9	9	46
443	13.4	14	14.8	16.1	19.2	24.2	29.2	30.5	24.2	21.4	17.3	13.2	120.8	40.2	41.4	30.3	14.8	3.5	1.6	0.1	138.7	31.5	69.6	48
444	11.2	13	14.5	16	20.1	23.3	27.9	30.3	26.4	21.8	18	14.6	73.3	74.9	15.8	19.3	54.3	1	6.9	0.6	76	40.1	34.2	42.7
445	12.5	14.2	12.9	16.5	20.8	25.9	26.8	25.7	25.8	19.7	18.1	13.4	54.9	74	215.8	32.8	24.9	31.4	0.3	6.7	29.5	57.4	42.5	86.1
446	16	11.4	14.2	15.5	21.3	27.7	27.7	30.2	26.9	23.6	16.8	12.8	67.8	76.9	117.1	32.2	5.9	0	14.1	1.2	18.1	131.5	43.9	47.1
447	13.6	11.5	14.5	17.6	19.7	26.3	28.6	29.5	26	21.5	17.2	15	3.1	138.7	10.5	15.4	89.1	5	0.3	0.2	24.9	10.6	27.9	65.6
448	12.9	12.9	15.2	15.2	22.3	27	27.9	28.9	28	22.1	17.5	13.6	51.7	19.5	17.3	29.6	51.8	12.1	16	0.3	17.5	33.6	21.8	59.5
449	10.3	12.6	12.9	16.5	20.2	24.8	30.1	30.8	26.4	23.9	15.1	12.7	48.5	20.1	78.8	12.4	117.8	27.6	0	0.8	46.1	161.8	103.4	41.5
450	10.7	13.3	11.2	16.3	20.2	24.4	28.4	26.8	25.8	22.3	15.6	15.9	6.2	26.4	94.2	94.2	23	34.6	13.6	15.8	18.8	122.1	142.6	20.8
451	11.7	13.4	11.8	16.7	19.5	26.1	28.7	28.7	25.5	20	17.7	14.7	15	45.8	56.4	56.8	8.8	5	0.6	19.1	49.6	97.6	121.1	95.9
452	12.4	10	13.8	16.2	18.8	25.4	27	28.7	25.9	20.2	16.8	13.8	33.3	43.8	103.3	129.4	87.5	18.6	0.1	0	18.8	59	150.6	69.1
453	12.7	8.7	14.7	15.8	19	24.5	26.8	28.6	24.7	21.5	16.3	13.1	73.7	97	51.8	26.8	23.4	16.4	2.7	8.6	16.2	21.7	102.1	219.9
454	12.3	13	14.5	16.2	19.2	27.2	28.2	30.6	26.9	21.6	17.5	13.6	9.1	54.8	160.8	38.5	0.2	12.4	6.7	0.2	79.9	30.2	52	20.3
455	14.3	15.8	14.3	16.7	20.4	26.1	28	30.4	26.1	22.3	15.9	15.1	72.1	134.3	28.5	14.5	25.5	2.8	0	0.1	68	151.1	193.5	142.7
456	11.1	12.4	13.4	17.4	22.2	23	31	29.3	25.2	23.7	16.1	12.7	6.1	137.8	62.1	46.7	3.4	17.3	0.3	3.8	14.1	22.3	229.4	108.3
457	12.1	12	15	16.1	20.9	26	27.7	28.4	27.2	20.8	16.5	13.2	84.8	53.1	10.2	10.6	29.4	26.4	0.6	16.7	52.5	49.2	122.7	87
458	12.6	12.5	13.1	15.8	18.5	23.8	27.9	28.5	24.2	22.4	17	14.9	120.6	105	28.2	26.2	56	18.1	16.5	1.5	52.1	28.2	38.6	83.5
459	11.1	12.1	15.5	16.1	19.4	25.5	27.5	27.4	25.7	22.3	19.3	12.6	7.6	44.4	43.5	29.3	22	5.7	0.9	9.9	55.6	20.7	30.1	58.5
460	12.2	12.8	14	15.1	19.7	25.3	27.4	27.6	26.2	20.9	15.7	12.3	4.5	110	76.2	80	22	0.5	0	5.6	53	52.7	115.9	38.3
461	13.6	8.4	12.7	16	19.6	26	27.6	28.9	26.9	21.6	17.3	12.5	23.4	23.4	29.7	15.9	30.9	20.3	0.3	0.3	110.1	70.5	46.7	127.1
462	12.9	13.1	12.5	15.8	20.2	27.1	27.4	26.8	26.6	21.7	15.1	15.6	35.2	62.5	5.9	80.3	4.1	22.5	2.9	19.8	114.8	68.4	60.5	66.4
463	13.5	12.8	13.9	16.9	18.6	24.4	28.5	30.3	27.6	21.5	17.8	15.1	90.9	66.3	64.9	43.5	35.5	27.4	0.1	0	4	57.2	108.8	41
464	12.3	11.3	13.6	16	19.9	25.8	27.3	29.4	26.4	22.8	18	13.6	98.9	33.3	94	62.4	53.2	5	2.4	13.4	3.5	86	71.3	71.1
465	12.6	11.6	15.9	16.4	20.1	23.8	28.5	29.7	24.9	22.5	17.8	13.8	40.4	38.6	47.5	24.3	29.5	5.1	0.1	1.2	68.1	61.4	106.6	97.2
466	14.1	13.1	12.5	14.5	18.9	26.6	31.6	29.6	25.6	20.4	16.3	14	17.5	32.9	2.6	36.6	57.3	5.4	1.9	0	64.3	244.6	85.7	133.1
467	12.5	11.9	13.9	16.6	19.1	25.3	27.6	29.6	27.1	22.5	18.7	14.1	76.7	51.1	22.2	40.2	12.5	32.3	22.5	5.9	6	115.6	12.9	78.3
468	14	11.2	14.1	16.4	18.1	23.5	27.4	29	24.4	23.8	17.2	14.4	7.4	170.7	50	84.9	5.9	0.8	9.8	0	127.8	65.8	30	53.9
469	14.1	11.7	12.3	15.3	21.2	25.1	28.7	30	24.6	21	19.6	13	24.7	27.5	23.8	35.7	73.4	22.8	0.5	0.5	7.3	67.7	270.1	103
470	11	11.8	13.8	16	19.4	25.6	25.9	29.5	25	21.4	17	14.3	59.3	47.1	74.2	32.3	8.3	3.9	8.2	12.8	2.1	16.8	26.8	48.5
471	11.9	12.2	14.8	15.7	22.1	22.8	26.6	29	26.7	23.6	16.8	14.8	70.5	95.6	68.8	38.4	20.5	3.7	4.8	9.1	47	152.8	134.1	95.6
472	12.3	13	15.6	17.8	20.9	25.5	25.7	29.6	24.4	20.6	18.7	14.6	77.9	44.7	77.3	15.2	20.8	4.7	0	5.3	6	119.1	86.3	146.5
473	13.6	14.3	13.7	15.7	19.1	24.3	26.3	30.1	24	20.7	17.2	13.5	28.3	104.4	47.2	50	22.3	45.9	5.1	0.4	18.6	38.8	170.3	206.7
474	12.9	10.5	12.9	16.5	21.7	24.1	29.4	26.8	24.4	23.5	17	13.9	40.2	74.3	30.5	30.2	11.8	4.2	0.9	14.2	0.2	7	47.5	102.3
475	13	14.7	13.8	16.9	21.6	22.9	26.7	27.5	26.2	23.3	17.3	11.7	133.3	123.2	37.8	42.7	12.7	16.3	0.2	18.9	28	44.2	51.7	53.1
476	12.5	11.8	12.2	15.4	20.5	23.4	27.9	28.6	26	23.3	16.1	14.8	33.4	111.7	77.7	29.4	6.7	3.7	1.5	1.9	38.7	97.2	49.2	61.3
477	11.9	10.3	16.4	18.4	22.2	27.9	30	27.6	25.7	21	17.5	12.1	204.6	24.4	48.5	2.1	3	1.4	0.1	0.2	64.7	31.8	98.8	72
478	15.3	13.4	13.6	17.7	19.8	25.5	29.3	29.5	26.1	25.2	18.2	14.4	36.4	10.1	40.9	7.3	11.8	41.6	0	0.3	31.6	9.4	328.4	117.8
479	11.5	14.5	16.3	16.4	20.3	23.6	25.6	29.8	23.8	21.6	18.5	13.2	33.7	54.5	20.2	42.5	43.7	7.3	20.8	1	127.5	81.7	45.5	37.5
480	12.7	12.6	15.3	17.5	19	24.5	27.3	28.6	25.2	21.4	16.8	14.9	36.3	5.6	88.9	7.5	76.7	0.7	0	8.8	20.8	9.2	46.1	115
481	14.2	10.9	12.9	16	18.8	25.5	24.6	27.8	24.5	21.5	17.6	14.2	80.6	14	17	12.4	54.1	53.2	37.2	8.7	18.7	9.2	119.7	17.3
482	12.3	11.4	14.2	16.9	20	26.3	27.2	28.8	25.5	20.7	17.5	12.6	43.7	86.4	13.5	67.5	19.6	17.8	1.2	1.6	45.8	75.2	45.9	48.1
483	12.8	13.2	14	15.3	20.5	28.2	28.6	28.2	24.8	23.4	17.3	12.8	179.5	18.1	35.2	56.4	9.2	2.3	0.1	9.4	35.5	32.1	35	32.9
484	13.2	13.6	15.5	17.1	23.1	24.1	29	28.7	25.9	23	16.2	14.6	35.5	41.8	8.3	18.5	2.2	4	0	0.1	6.5	13.4	238.3	29.5
485	12.1	12.6	13.9	15.9	22	23.4	27.3	31.2	26.2	21.9	17.2	14.4	30.8	67.5	18.6	17	9.9	4.7	0.1	1.1	3.3	118.5	26.6	88.6
486	12.1	14.1	15.8	15.6	19.2	24	28.3	27	27.2	21.5	17.2	14.7	14.6	18.8	7.7	15.4	42.1	19	11.9	5.1	8.2	11.5	33.5	38.4
487	11.6	13.1	13.8	15.3	18	24.2	28	29.3	25.8	20.6	16.2	15.2	146.5	45.7	74.4	44.5	47	20.6	1	18.9	13.7	91.4	63.9	25
488	12.6	15.1	16.2	16.8	23.3	23.3	28.1	29.2	24.5	21.6	18.6	15.3	32	8.7	67.3	77.5	21.5	1.7	0.8	0	1.3	30.7	20.3	144.6
489	11.2	11.2	13.2	17.1	20.8	25.8	27.5	28.5	26.1	22	15	14.6	21.6	9.2	9.7	36.6	1.6	9.5	0.3	6.7	26.1	64.8	135.3	97
490	11	13.2	14.1	15.3	21.5	24.4	27.8	29.5	26.6	23.8	16.6	12.1	39.4	13.5	6.6	25.8	6.8	11.5	2.1	0.5	1.4	48.9	84.4	108.7
491	13	11.4	14.1	16.7	18.6	25.5	27.5	30.2	26	21.9	16.7	12.6	48.3	20.4	20.1	48.4	21.3	0.3	5.9	1.8	31.5	64.3	61.2	31.3
