#header info#
39.25	#latitude; used for cacluating drought index in model bugmann#
5	#meter a.s.l. of climate station#

#temperature lapse rate with increasing altitude: #
-0.61	-0.64	-0.58	-0.60	-0.53	-0.44	-0.40	-0.48	-0.57	-0.53	-0.63	-0.64

#precipitation lapse rate with increasing altitude: #
8.19	6.74	6.91	6.83	3.78	1.68	0.99	1.28	3.95	6.34	8.80	11.12

100	#meter: corrections (see above) every x meter. #

#	mean monthly temperature (∞C) total monthly precipitation (mm) #
#year	jan.T	feb.T	mar.T	apr.T	may.T	jun.T	jul.T	aug.T	sep.T	oct.T	nov.T	dec.T	jan.P	feb.P	mar.P	apr.P	may.P	jun.P	jul.P	aug.P	sep.P	oct.P	nov.P	dec.P#
1	11	12.8	11.8	16.8	20.6	24.9	26	29.4	24.6	19.5	16.2	12	15.2	21.8	88.8	149	2.2	11.7	0.1	0	85.7	87.7	88	37.2
2	11.7	12.2	14.4	15.8	21.4	24.3	26.6	27	25.3	20.7	13.3	13.8	151.3	56.1	58.8	14.4	14.4	0.7	1.2	0	63.7	13.3	48.8	63.1
3	14.3	10.1	13.7	16.5	18.6	23.1	27.2	28.8	23.7	17.3	15.4	13.4	23.3	67.6	14	18.4	34.3	7.5	3	4	42.6	45.4	81.9	26
4	11.8	10.3	11.9	15.9	20.3	24.7	29.3	29.7	25.4	19.7	15.4	12.2	103.5	103.9	90.6	35.4	15.9	9.7	1.1	8.4	12	36.8	94.3	58
5	11.3	11.5	11.7	15.5	18.9	22.5	26.9	26.6	24.1	21.6	16	11.4	17.4	49.6	19.4	87.2	239.4	4.8	0	0.1	19.1	102.9	89.9	44.3
6	9.4	15.2	14.5	15.7	19	22.4	24.7	25	23.6	21.5	15.7	12.1	49.6	4.6	46.4	33.9	23.6	6.5	1	0.1	3.8	20.4	95.4	89.9
7	12.1	10.4	16.3	16.1	18.7	22.9	26.4	27.5	24.8	21.8	15.8	13.7	59.6	94.5	47.8	35.5	15.3	2.8	0.6	7.3	14	16.6	93.8	32.7
8	11.8	8.7	13.8	16	23	24.6	26.8	26.8	23.9	20.7	17.3	12	40.8	192.5	58.1	40.7	4.6	1.7	0.1	6	58.5	134.7	33.6	28.8
9	13.1	14.2	12.1	17.1	20.6	25.7	26.3	25	25.8	18.9	16	14.2	33.3	15.5	16.6	19.1	18.5	1	0.4	1.8	6.9	23	67	54.5
10	11.7	11.3	14	15.3	18.3	25.4	28.9	27.8	24.9	19.4	15.2	13.7	51.7	262.2	20.9	106.1	11.9	0.8	6.6	8.4	43.6	37.9	32.4	113.1
11	10.1	12.2	13.9	15.8	19.9	21.6	24.8	27.5	24.1	20.4	14.7	13.2	20.8	35.7	56.5	112.4	112.7	10.2	3.2	1	2.5	90.8	153.5	105.5
12	10.6	13.3	13.6	14.3	19	24.7	27.9	25.8	23.5	19.3	15	14	13.9	19	107.4	48.5	50.3	2.4	0	6	19.7	114.9	58.9	52.3
13	13.4	12.3	13.7	16.3	19.3	23	25.9	24.8	22.4	21.1	15.7	13.4	10.9	114.9	0.7	64.7	35.1	42.4	0.1	14.2	3.2	106.7	125.3	87
14	12.2	11.7	14	16.3	17.7	21.8	24.6	27.6	23.5	19	14.5	11.2	22.9	18.8	14.7	196.9	42.4	10.8	0	0.1	55.2	14.1	78.9	58.5
15	12.5	12.8	13.5	15.3	20.5	24.1	25	25.7	23.3	21	15.4	13.1	47.9	30.9	93.3	88	5.6	3.1	0.1	0.1	19	130.9	120.9	40.3
16	8.8	11.5	13.5	15.7	20	23.7	27	28.8	24.1	22.5	14.8	11.5	33.5	67.1	6.4	67.5	19.8	23.6	0.4	0.4	1.9	30.2	70.6	26.1
17	12.2	11.4	15.3	14	19.6	25.8	27.9	27.9	22.9	20.9	17.4	11.5	125.7	37.6	3.5	134.5	45.4	9.6	0	0.1	8.9	60.4	41.5	41.8
18	11.8	10.9	14	15.7	18	23.9	26.1	25.8	24.2	19.7	15.9	13.5	20.7	231.6	51.9	94	39.1	3	3.1	0.9	26.3	12	50.6	36.9
19	10.7	13.8	13.3	17.1	21.1	24	25.6	26.7	24.4	20.4	15.2	14.6	65.8	8.2	62.3	61.5	35.8	10.7	0.4	0.4	26.4	81.9	88	69.4
20	9.9	11.4	13.3	16.2	17.8	27.1	28	26.5	23.7	21.2	13.8	12.1	19.1	85.5	3.8	16	58.9	5.8	0.3	23.1	28.4	82	49.6	41.4
21	12.7	12.6	13	17	19.7	23.4	30.2	26.7	23.6	20.3	14.2	13.2	49.5	24.8	17.4	81.1	16.4	10.1	0.1	1.1	41.4	80.2	58	34.5
22	11.8	14.1	15.1	16.3	18.8	23.1	27.6	26.7	23.6	22	14	11.6	40.6	32.7	24.3	40	18.6	44.6	3.7	1.7	16.9	19.5	15	40.8
23	12.1	9.5	14.7	14.6	19.4	23.5	25.7	26.4	24.5	22.2	14.2	11.6	97.7	159.6	32.3	98.4	43.1	0.7	0	0	18.2	20.7	20.9	9.5
24	10.5	11.1	14.9	14.9	21.1	23.3	25.2	27.1	25.3	21.4	16.8	14	52.6	50.2	8.4	60.5	8.7	1.3	0	0.7	13.9	72.7	13.1	64.8
25	13	14.1	13.4	16.1	21.1	26.6	27.2	25.8	22.1	21.2	16.9	12.6	21.7	11.4	41.5	56.4	2.4	1	2.7	8	5.2	38.5	8.3	153.4
26	11	13.3	13.3	16.6	17.9	23.9	26.6	27.5	24.2	21	16.5	13	34.8	66.2	53.7	36.5	36.7	0.8	1.1	12	26.9	95.9	71.2	44.7
27	10.8	12.4	15.3	14.8	21.3	23.3	23.4	25.7	26.1	20	15.9	10.8	38.2	19.9	22.2	112.5	8.4	2.6	10.9	4.4	5.4	26.4	125.3	122.8
28	11.7	14.7	13.4	15.5	20.6	24.5	25.3	26.1	24.1	22.9	17.1	13.1	12.3	65.5	69.8	28.8	15.8	24	0.2	28	18.7	56.3	48.2	28.3
29	12.6	14.7	15	15.9	19.9	22.6	26.1	25.7	25.5	19.6	16.3	13.2	54.5	1	20.8	48.4	10.8	0.8	8	28.6	3.2	84.3	25.8	10.2
30	12.8	14.1	12.2	17.4	22.1	24.5	26.6	26.8	22.9	19.7	16.7	13.4	105.8	25.2	78.7	22.3	1.4	29.3	1.1	13.1	126.5	5.7	11.1	29
31	11.5	13.4	14.9	16.4	19.8	24	27.2	26.2	24.4	20.4	15.1	10	58.3	36.5	47.2	18.5	29	8.7	4.3	1.2	6.6	149.3	81.9	16
32	10.4	10.2	12.7	12.4	19.8	25.2	27.4	29.7	24.8	20.2	15.5	12.7	41.3	51.4	32.6	82.9	61.8	9.5	2.6	12.1	42	55.7	85.5	54.2
33	11.3	12.9	13.1	16.7	21.5	25.6	28.6	26.8	25.1	19.2	16.5	14.9	13.3	30.8	102.2	116	3.7	2.6	0.2	1.6	18.1	26.3	35	36.7
34	13	11.5	13	16.5	17.2	21.6	25.6	26.1	22.5	17.9	16.3	13.2	20.5	54.3	78.6	13.3	19.5	23.9	7.4	0.3	0.5	24.9	94.6	5.3
35	9.1	11.2	14.3	15.9	19.2	22.7	27.4	28.1	23.2	20	17.4	13.4	27.4	52.4	30.5	49.3	41	7.3	0.5	1.3	7.9	106.7	47.8	38.6
36	9.8	12.5	13.5	16	18.8	25	28	29.2	23.1	20.9	17	12.6	39.6	37.5	21.2	33.7	5.8	0	0	0	13.2	127.4	159.9	36.6
37	10.2	10.6	12.6	17.1	18.5	21.3	24.4	26.1	25.3	19.4	17.2	14.2	22.4	43.9	65.1	25.6	44.7	0.2	0.1	0	13	52.2	50.8	173
38	11.6	12.3	14.7	16.5	18	25	25.9	26.7	26.1	21.3	14.7	10.7	6	58.4	59.3	97.7	7.1	3.7	1	6.8	50.4	70.8	9.8	46.2
39	11.7	13	13.7	15.2	19.7	23.2	25.4	27	22.9	20.3	15.8	14.1	22.9	26	24.3	36.2	58.3	12.7	4.1	4.9	0.2	12.9	10.3	62.8
40	9.7	13.9	12.7	14.7	19.7	24.9	25.2	26.5	24.5	20.2	16.5	12.6	32.4	61.7	70	62	30.9	12.4	0.3	7.6	122.6	106.7	16.2	37.9
41	11.7	13.8	14.1	15.3	18.7	24.9	26.8	24.7	23.1	22.8	16.2	10.2	2.6	67.6	40.8	154.3	41.1	1.9	1.4	5.1	32.6	14.8	38.2	73
42	12.3	12.9	15.7	16.8	19.1	24	25.9	28	24	20.2	17.1	12.7	118.8	122.8	10.1	52.1	36.9	7.5	5.4	13.9	37.6	25.6	168.9	96.5
43	12	14.3	15	15.3	19.7	23.5	26.8	26.7	25.1	20.3	17	12	6.9	29.5	11.7	80.1	58.3	3.1	0	5.3	14.7	23.5	41	78.3
44	11.8	14	13.4	15.4	17.9	21.7	28.1	29.1	22.9	22.8	15.7	13	14.5	22.2	9.7	33.6	86.4	11.9	3.9	0	46.5	9.1	98.8	142.5
45	10.6	12.6	12.4	14.5	19.9	23.3	27.4	23.8	25.1	17.2	15.7	12	69.7	66.8	110.4	44.1	9	0.9	0.8	0.1	2.8	17.9	16.1	28.5
46	11.5	12.7	14.3	16.4	20.2	22	26.7	28.3	23.3	21.7	15.8	12.3	58.4	13.2	14.2	4.4	10.2	4.7	1.5	0	6.2	69.4	66.7	22.5
47	11.4	9.3	12.3	15.6	18	22.8	24.3	28.5	21.3	21.3	17.5	10.2	144.5	109.9	28.4	61.5	49.5	1.3	0.1	0	38.5	11.1	27.4	99.7
48	10.2	12.4	13.7	14.9	22.8	21.8	26.6	29.5	24.5	21.1	17.4	10.7	57.3	48.2	41.2	12.2	25.2	40.7	0	1.2	48.7	36.7	92.9	79.6
49	13.2	12.4	15.2	16.6	18.5	22.4	25.9	29.2	23.6	19.3	14.9	11.3	59.3	31.7	12.2	35.6	3.4	68.2	0.7	1	29.2	59.1	86.8	75.1
50	12.4	12.4	14.6	16.9	20.9	25.4	24.9	25.4	24.7	19.9	15.5	12.3	99.3	19.6	56.6	65.8	0.5	7.7	0	0	1.1	6.2	53.8	59.4
51	9.2	9.3	11.7	14.8	19.7	22.7	22.5	27.1	25.4	21.5	14.8	13.3	24.5	117	36.5	80	11.9	1.3	1.1	2.4	3.4	46.8	24.1	113.3
52	11.3	10.7	14.4	16.4	21.1	23.1	29.6	24.1	25.1	20.9	14.8	12.5	85.7	58.7	21.3	48.8	55.7	6.6	9.9	29.8	14.8	109.7	108	43.5
53	10.8	10.2	12.5	16.5	20	22.2	26.1	30	24.2	20.2	15.4	12.3	38.2	31.7	58.7	105.2	56.9	1.2	0.7	0	30.7	46.1	45.8	40.9
54	13.2	13.1	14	16.1	18.4	25.7	26.8	26.3	23.2	18.5	17.2	13.9	5.1	78.3	15.3	22.1	41.1	18.4	0.9	15.8	30.3	47.3	9.3	33.2
55	11.1	12.5	13.2	16.6	19.5	24.5	26.5	27.4	25.5	20.2	15.4	12.1	18.5	35.3	37.4	18	49	0.3	0.4	0.1	29.4	107.4	99.2	24.4
56	11.7	13	13.8	16.2	20.1	23.5	25	27.1	25.8	21.3	17	10.5	71.1	73.4	37	25	1.2	3.7	0	0.1	123.9	46.4	101.7	72.1
57	11.9	11.4	11.9	15.8	18.9	24.1	25.9	29.1	24.5	21.6	16.1	13.2	85.2	23.6	134.1	4.9	19	1	0.1	0.5	114.6	59.9	66.8	137
58	12.1	13.8	13.6	15.6	20.9	23.8	22.5	27	24.4	21.1	15.5	12.8	110.8	7.3	55.8	71.4	8.5	0.1	0.2	0	4.2	43.3	37.7	13.5
59	12.4	12.7	14	16.6	22.3	22.8	27.4	24.8	23.8	21.9	17.3	13.2	55.9	93.3	86.5	15.6	2.6	28	0.3	0.2	125	45.9	92.1	72.5
60	14.1	10.3	14	15.8	17.5	25.5	27.8	27.8	26.1	22.4	14.7	14.4	77.3	76.8	24.3	28.8	118.9	6.3	0.1	0.7	109.5	168.1	166.2	83.5
61	12.6	12.9	12.4	16.2	18.1	24.2	25.3	23.1	22.5	21	15.3	13.6	19.3	39.2	62.7	17.5	9.8	0.3	0.1	9.8	101.5	3.5	25.1	20.5
62	11.6	9.8	14.5	15.9	19.6	25.6	25.4	26.5	24.1	19.6	15.3	12.5	25.9	67.8	25.9	145.5	30.3	0.1	0.3	21.8	64.5	34.2	79.6	58
63	10.8	11.3	13.5	14.9	21.3	24.2	26.1	26.2	25.5	18.5	16.1	10.2	12.3	71.7	9.5	75.4	34.3	9.1	1.9	0	2.7	13.7	8.9	59.4
64	13.3	12.1	14.3	16.5	18.9	23	24.3	25.6	24.2	17.3	16.1	13.5	62.5	56.7	13.7	72.4	17	32.3	0.2	0.1	2.3	34.5	31.7	60.1
65	11.5	11.7	12.7	17.1	21.4	22.2	27.6	29.1	22.1	20.7	17.8	14.9	13.9	183.3	48.3	10.5	32.3	9.5	0.1	0	30.5	85.1	41.8	42.1
66	12.7	11.8	13.3	16.3	17.7	22.5	25.2	26.4	24.2	20.5	13.8	11.7	22.9	44.1	31.8	6.6	71.1	1.4	28.5	1.7	12.8	123.1	24.5	78.9
67	13.2	13.5	14.8	16.2	19.1	22.9	26	27.4	22.8	18.1	15.6	10.5	71.4	11.3	21.7	31.9	16.5	33.1	0.3	5.1	12.2	47	77.4	78.5
68	12.8	12.7	12.5	15	19	25.4	26.2	26.2	24.9	23	16.4	13.3	70	26.4	72.1	149.5	47.6	21.6	0	0.2	12.6	133.3	24.5	37.7
69	11.4	11.1	13	16.1	16.9	23.5	25.1	25.5	24.9	20.3	15	12.3	46.5	34.4	9.8	170.5	29.6	17.3	0	0.8	4.8	12.5	174.1	68.8
70	12.8	11.2	12.6	15.6	18.7	24.6	23.2	29.9	23.8	20.9	16	11.2	32.7	120.4	34.3	19.3	34.7	5.2	3.9	1.4	0	89.6	113.4	38.3
71	12.4	9.2	14.7	16.2	20.8	23	25.5	25.7	23	21.4	14.2	14.2	33	98.3	37.3	19.2	19.6	0.2	0.9	3	37.4	29.3	145.3	101.1
72	11.5	13.2	11.6	15.7	21.1	22.7	26	23	23.9	19.9	15.2	12.3	104.6	14.8	48.8	70.4	21.6	20.5	0.2	43.4	33.7	82.8	66.3	22.8
73	12	9.5	13.6	16.1	20.7	22.3	27.5	26.3	22.6	20.7	15.5	12.3	50.5	163.8	15.9	48.9	11.5	0.6	0.7	0	73.9	42.8	13.3	30
74	12.5	12.8	12	14	18.1	25.5	26	25.9	23.4	21.6	16.2	15.6	33.1	7.6	105	86.8	73	1.4	1.4	4.9	176.7	26.3	111.4	19
75	11.5	10.4	12.8	16.7	21.1	25.5	27.7	25	24.6	21.4	16.1	12.2	21.6	93.4	16.3	41	1.8	7.2	0	1	7.6	18.4	84.3	33.7
76	11.3	13.1	13.7	15.4	18.9	23.4	24.7	27.9	23	22.3	16.3	12.9	33.9	10.1	7.4	94.5	11.2	50	0.3	0	14.6	49.8	6.4	40.9
77	11	12.6	15.1	15.1	19.3	23.4	28.6	26.7	24	19.1	15.5	11	16.1	40.7	9.1	50.1	21.1	4	0	1.1	15.3	46.1	75.5	76.2
78	11.8	13.9	12.1	14.2	20	25.7	25	24.4	24.7	20.1	15.3	12.3	51	48.9	123.8	26.7	5	0.6	0.3	3	33.4	14.4	82.4	90.4
79	10.1	12.4	14.1	13.4	17.3	24.3	25.1	27.6	23.3	21.3	15.7	12.2	33.7	47.1	9.1	81.3	37.3	9.4	2.9	0	21.7	72.7	93.4	4.3
80	12.6	11.6	14.6	16.4	18.2	26.3	24.8	27.9	24.1	19.7	16.1	14.2	67.5	162.6	14.4	80.3	35.8	15.9	0.2	0	29.9	28.3	47.9	37.7
81	11.1	13.2	14.5	16.8	18	22	26.7	25.5	25.7	19.7	15.8	14.3	45.3	22.9	14.9	31.5	37	5.5	0.6	4	15.5	24.2	80.3	20.6
82	11.4	10.4	14.8	14.9	19.4	25.5	26.5	25.3	26.1	21.3	15.8	14.3	8.2	101.6	27.1	28.8	7	3.3	0.9	0	0.1	13.5	12.9	131.6
83	11.3	12.8	13.5	17.2	20.8	24.2	26.2	25.9	23.8	19.8	14.2	11.2	30.6	43.7	135.9	44.3	31.6	0.2	0.1	6.1	7.2	96.9	5.6	71.6
84	10.9	11.7	12.9	16.6	20.8	22.6	25.5	25.8	22.9	20.1	15.4	14.7	20	146.6	50.2	14.6	20.4	6.8	3.4	0.1	71.1	67.8	122	29.7
85	11.5	12.5	13.6	14.7	19.9	21.7	25.8	26.4	22.6	18.6	14.5	12.9	33	92.4	18.9	162	4.5	23.8	4.7	0	0	16.9	145	246.6
86	10.8	12	15.4	15.8	19.7	25.5	26.7	27.2	24.4	18.6	16.2	14	102.1	41.4	32	109.6	26.2	1.1	1.9	3.4	53.1	33.6	116.8	33.4
87	11.8	11.1	14.5	16.9	20.1	21.4	24.8	25.2	23.4	20.2	17.3	11.3	74.3	6.7	45.9	20.7	30.4	39.9	1.4	11.9	71.7	36.2	43	62.2
88	10	11.4	12.8	17.1	20.1	23.2	26.9	26.4	23.3	21.7	15.3	11	89.5	36.7	11.2	77.2	19.7	3.7	5.2	0.1	6	66.5	268.3	102.1
89	11.4	10.8	15.1	17	20.2	23.8	29.7	27.6	24.5	19.4	16.5	14.8	127.5	104.2	14.5	49.3	44.3	33	1.1	0	3.5	21.7	61.8	14.3
90	10.9	12.9	14.3	17.1	18.8	23.3	25.6	26.6	24.5	16.6	16.9	13.9	53.5	105.6	18.9	54.3	65.9	14.3	3.5	0	4.7	61.7	99	34.3
91	9.4	9.7	12	14.9	18.7	23.4	27.1	28.3	22.4	21.2	16.4	13.5	34.8	36.4	59.8	15.5	60.7	32.2	5.5	4.4	15.5	26.6	84.2	57.5
92	11.5	11.2	12.3	15.7	19.7	24.5	26.3	26.1	25.3	22.4	16.3	11.6	61.2	222.8	215.5	24	10.1	1.8	2.6	6.1	2.2	69.5	79.4	44
93	12.9	12.7	13.4	16.3	20	25.5	26.5	28.4	25.1	19.3	15.4	11.5	64.2	44.9	13.2	8.1	7.2	4.6	0	0.6	9.5	5.5	49.2	34.3
94	11.8	11.3	13.5	15.3	20	22.3	26	26.9	23.4	18	15.9	11.1	59	16.2	20.8	45.7	2.2	8.7	0	0.3	0.7	223.6	52.2	83.4
95	13.2	12.5	14.6	15.9	20	21.9	26.3	27.7	24.5	20.2	18	12.4	56.1	3.2	11	38.1	5.6	10.1	0.9	0.1	40.4	18.3	97.7	98.8
96	13.2	11.1	13.1	16	18.6	25.5	24.2	26.4	25.6	21.2	17	12.2	44.5	125.1	67.2	66.9	5.1	4.7	0.1	19.2	16.6	32.6	63.5	76.1
97	12.7	13.2	16.9	17.1	18.6	24.6	26.5	27.7	24.1	21.4	16.1	10.9	39.6	62.2	9.3	46.4	4.6	5.5	0	0.4	27.7	37.7	29.4	13.9
98	11.8	11.6	12.7	16.7	21.9	28.7	24.9	27.5	23.9	20.8	15.7	12.8	97.5	120.5	49	63.3	2.8	13	2	2.2	4.6	52.6	42.2	54.7
99	11.2	9.9	13.1	15.6	20.5	24.5	24.9	27.9	24.4	20.9	16.4	10.7	51.5	72.3	24.3	57.5	24.3	8.5	0	0	64.2	62.5	195.2	21.2
100	12.2	12.1	12.4	16.6	18.3	24.2	25.8	27.9	24.3	19.7	15.7	14	22.3	128.4	64.7	82.7	11	4	0	0.1	132.8	71.9	71	19.1
101	12	12.3	13	16.3	19.8	22.5	25	25.7	23.7	20.6	15.9	14.5	24.2	77.6	18.7	87.1	37.5	3.7	0.4	1.9	54.5	66.1	30.7	27.8
102	11.7	12.7	14.4	14.3	17.8	24.6	26.1	28.2	23.1	20.6	15.6	14.6	149.3	103.2	12.6	64.7	71.1	8.5	0	0	38.4	19.9	75.6	65.5
103	12.5	12.5	13.2	16.2	17.2	24.2	27.3	29	20.8	21	15.9	13.4	10.4	25.3	16	46	13.9	24.4	0.1	0	15.5	8.7	46.9	53.1
104	12.2	11.8	14.3	16.7	19.3	24.9	27	28.1	22.3	21.8	16.5	11.7	62.8	78.4	78.7	55.1	72.1	25.5	0.8	0	11.5	20.3	48.5	54.1
105	11.5	14.7	14.9	15.3	21.7	24.2	27.7	26.2	24.1	19.6	14.2	13.8	62.2	5.3	22	43.5	0.3	15.1	6.2	6.3	17.8	54.4	50	34.2
106	11.6	11.1	12.6	13.3	18.2	21.7	27.1	26.3	21.3	20.2	15.9	12.6	48.7	71.7	6.2	138.6	40.5	11.2	4.5	9.3	32.1	65.5	91.8	113.5
107	12.5	14.8	14	15.1	18.8	23.1	25.8	27.4	24.4	19.5	15.3	12.6	80.7	18.7	45.6	42.2	21.6	7.3	1.9	0	28.8	30.5	132.3	22.5
108	12.5	11.1	12.9	14.3	18.4	22.1	27	25.6	25.3	19.3	15.1	11.9	73.3	344.7	76	114.2	15.3	0.2	3.6	0.4	6.9	62.8	47.4	6.4
109	10.9	10.8	14.4	16.9	18.8	23.5	25.6	23.9	23.9	21.4	15.4	12.2	62.2	200.1	29.7	26.8	15.2	38.1	1.8	0.2	5.4	25.4	15	63.6
110	12.8	11.8	13.7	15.7	23.7	22.6	28	23.8	26.1	21.1	16.9	13.3	33.7	122.8	65.9	85.6	8.6	4.5	1.2	6.8	1.6	30.8	31.9	106.9
111	12.5	11.7	12.7	14.5	20	21.6	25.8	27.6	23.1	21.2	15	10.7	79.5	193.3	50.8	28.2	61.9	26.7	5.2	0	24.2	45.4	5.8	56.5
112	11.9	11.4	13.3	14.6	20.7	21.8	27.2	29.1	25	20.9	14.6	12.7	24.3	144.2	66.2	83	20.8	1.9	4	0	12.3	11.7	159.4	131.3
113	11.4	10.5	12.9	17.5	19	23.6	27.5	27.6	24	18.5	15.3	13.1	57.5	23.2	29.4	37.6	52.1	11.1	0.5	16.7	87.1	30	82.6	70.3
114	11.9	14.6	13.3	16.9	20.4	22.4	26.8	28.4	23.8	22.9	16.1	13.1	33.6	32.6	20.3	7.8	32.2	14.6	5.7	17.4	5.9	30.9	72.2	116.6
115	11.3	13.7	15.1	18.1	18.8	23.9	29.5	25.3	24.4	18.4	15.5	14.7	37.5	11.5	49.7	22.3	97	9.5	0.7	0	3.3	47.7	62.2	25.8
116	11.3	14.1	14.3	16	20.5	21.7	25.7	30.3	25.1	19.8	16.2	12.7	25.4	29.6	20	85.4	14.9	17	0.5	1.8	32	44	86.1	53.2
117	10.7	8.7	12.8	16.6	21.3	25.5	24.5	27.8	23.4	20	16.8	13.5	74.7	206.2	57	5.1	2.5	1.2	1.1	0.6	63.2	56.5	125.6	15.2
118	13.5	12.6	14	15	19.1	24.9	27.8	26.1	24.3	21.5	15.1	12.8	42.7	57.7	7.6	51.4	45.6	4.2	0.7	3.8	10.6	21.2	67.9	20.2
119	12.1	13.9	16	16	19.5	23.3	25.5	26.9	24.7	20	15.5	12	113.8	13.9	46.9	47.1	27.3	20.5	2.1	2.9	12.1	28.5	8	52.7
120	12.5	10.9	15.5	16.3	21	23.4	28.3	25.6	24.8	20.2	13.6	12.7	40.7	110.3	76.4	88.8	1.8	0.7	16.9	17.3	1	63.1	167.4	142.6
121	11.9	12.2	16.4	15.4	22.4	23.6	27.4	27.6	23.3	20.4	17	11.7	40.3	71.9	7.7	13.3	25.7	11.2	19.6	1	37.8	19.6	25.9	56.7
122	12.1	12.4	14	18.3	19.3	23	27.2	27.7	23.7	17.8	14.1	10.9	19	38.9	27	53.3	63.6	3	5.1	6.7	53.8	21.9	68.1	33.4
123	13.6	12.3	14	15.6	18.1	22.9	26.8	27.3	23.2	20.1	16.3	15.4	112.8	14.6	2.7	40.5	81.1	36.3	2.5	0	80	33.6	23.9	26.3
124	11	10.2	13.3	15.8	19.1	25.3	26.1	26.8	24.1	19.6	14.7	11.8	34.4	56.6	104.7	128.1	10.8	3.5	0.7	0	22.4	16.7	66.7	49.3
125	11.6	12.3	14.1	16.2	20.5	25.6	24.9	28.2	24.5	19.9	16.7	12	38.7	50.6	30.9	177.5	23.6	0.4	4.2	0	39.2	18.7	21.8	67.2
126	12.6	12.1	13.8	16.6	17.5	25.5	25.9	26.9	24.7	21.9	16.6	10.6	26.9	236.7	40.3	33.8	43.3	37.9	0.1	17.2	7.3	8.3	39.8	32.4
127	11.8	11.2	14.4	15.7	19.6	24.7	28.6	25.6	24.7	21	17	13.2	66.2	28.4	12.5	21.4	57.9	1.1	2.4	0	34.2	93.7	69	91.4
128	12.2	10.7	14.2	15.8	20.2	22.7	26.2	27.1	24.4	20.5	18.1	13.4	19.7	30.7	57.7	23	56.6	3.5	0.6	2.6	18	18.2	26.6	81.9
129	11.1	13.9	12.9	15	20.6	21	24.5	28.7	24.2	20.1	16.4	12.7	114.9	3.8	21.7	120.9	5.5	1.5	1.2	0.2	37	72.8	3.5	62.6
130	10.8	9.8	12.4	15.7	20.7	26.1	25.4	27.2	24.1	19.4	15.9	12.1	60.9	52.9	55.9	115.1	27.3	0	1.1	0	11.6	18.8	127.3	150.4
131	10.7	11.2	14.9	15.7	20.3	24.5	26.2	26.2	25.5	21.2	16.4	14.1	8.1	104.7	80.7	45.8	5.7	4.5	3.9	0.1	20.9	16.2	87.2	50.3
132	12.2	11.6	14.5	15.7	18.4	23.5	24.9	26.2	22.6	21.4	14.9	11.9	44.2	21	72.4	15.9	51.4	5.7	0	0.2	60.9	17.2	72.4	57
133	9.8	10.6	12	16.1	21	22.2	26.7	23.5	25.8	20.5	16.3	12.6	12.3	94.9	39.7	51.6	12.9	5.9	0	0.3	31.2	12.2	33.4	36.1
134	10.2	12.7	13.2	12.6	18.8	21.9	28.4	26.5	25	19.8	14.6	11	72.6	68.6	7.9	82.1	17.9	0.9	0.1	33.2	18.7	69.3	114.8	100.7
135	12	11.4	13.6	16.2	19.4	23.5	25.8	27.1	24.6	21.2	15.3	11.3	5.8	102.4	13.8	100.8	48.7	4.5	0	0.1	62	61.1	7.3	100.8
136	9	12.9	15.7	16.3	19.6	23.6	26	25.7	23.8	21	14.5	13.7	22.2	43.4	50.9	34	23.5	8.6	16.3	7.3	37	56.3	45.7	90.3
137	10.2	12	14.8	15.5	19.3	23.5	25	25.7	24.3	17.8	17.2	13.3	95	126.3	23.1	57.3	40.1	3	0	2.7	19.7	33.7	102.1	69.6
138	10	12.2	14.7	15.4	20.3	24.3	27.9	27.8	24.4	18.7	15.5	14.6	19.1	83.5	32.6	62.7	15.3	0.2	0.6	4.5	22.9	132.3	82.8	23.8
139	11.2	9.6	13.2	15.5	18.4	21.5	28.9	27.8	22.7	19.4	16.4	14.6	50.5	13.2	33.2	98.8	16.5	1.6	1.1	0	10.6	24.5	35.4	67.7
140	12.8	14.7	14	14.9	20.4	25.1	26.1	25.7	23.3	21.6	16.7	13.4	60.1	2.2	32.7	29.3	14.5	3.4	0.3	0	34.7	56.8	30.8	29.8
141	13.1	11.4	14.5	16	19	23.5	26.5	26.3	22.9	21.5	15	10.6	55.8	101.3	50.3	30.2	16.3	8.1	9.4	0	25.4	74.8	56.2	51.8
142	13.7	14.6	13.3	16	18.2	23.5	26.9	26.8	24.4	21.3	15.7	12.6	121	13.4	15	20.1	27.5	7.9	3	0	9.1	16.9	13.8	21.3
143	10.2	9.3	12.9	16.9	20.7	24.3	27.1	25.7	25.2	20.2	16.4	12.8	34.7	27.8	56.4	6	20.2	1.4	0.4	0.5	1	74.6	74	13
144	11.6	12.6	12.6	15	20.1	23.5	26.3	25.7	23.4	21.7	17.4	13.5	13.6	8.6	18.7	58.1	2.9	21.4	0	9.4	4.4	80.8	239.9	25.2
145	12.3	13	12.2	15.3	20.4	26.5	25.4	26.9	24.3	17.2	15	13.6	8.7	27.6	29.9	148.5	55.9	2.3	0.9	5.7	55.1	25.5	62.5	97.8
146	11.4	12.5	13.9	16.7	18.6	24.4	26.4	26.8	25.7	19	15.9	12.8	103	29	14.8	6	47.4	16.1	3	1.4	40.2	7.9	116.7	13.6
147	10.2	11.2	13.1	14.2	19.4	25	26.1	27	22.7	22.2	15.4	13.2	57.2	279	55.4	18.6	10.9	0	0.1	0.2	1.2	50.3	90.9	33.2
148	12	11.8	13.2	15.9	20	24.5	26.1	28.7	25	20.2	16.2	14.3	6.8	26.1	11	33	41.6	1.7	1.6	0	9.8	24.7	105.2	42.8
149	12	11.9	13.3	15.7	20.7	23.2	27.8	26.5	23.1	20.4	17.1	13.6	80	110.5	26.5	32.3	13	4.1	0	20.8	18.7	165.4	9.8	114.6
150	10.6	12.7	12.4	16.1	18.9	24.9	26	24.6	23.5	20.3	16.1	13	1	44.3	23.6	13.4	6.3	0.8	5.2	11.9	3.6	5.1	15.9	31.4
151	9.6	12.8	13.6	15.1	17.8	24.6	26.3	30.3	23.1	20.4	14.9	12.3	31	6.3	21.9	57.3	55.8	6	2.7	0.1	12.7	73.4	5.9	25.2
152	9.8	10.3	13.1	15.1	20.9	24.2	21.8	25.8	23.7	20.6	15.7	12.6	19	79.4	69.3	15.9	66.7	9.3	1.2	5.8	104.6	60.2	74.7	71.8
153	11.5	7.3	14.9	14.8	19.9	22.7	25.4	26.8	22.6	19.3	15.7	12.7	22.2	166.2	95.9	10.3	63.6	6.3	3.6	1.1	6	36.6	36.9	46.6
154	13.6	13.1	14.1	14.5	17.6	23.3	28.3	27.7	22	17.3	17.1	12	32.7	20.9	27.7	41.1	199.3	43.8	0.4	1.3	28	50.7	110	71.4
155	11.4	11.6	11.8	17	15.2	22.8	26.3	23.7	24.2	20.9	15.4	12.8	16.8	33.3	45.5	2.9	71.1	9.6	0.4	0.1	58.9	106.7	50.8	71.3
156	11.3	12.9	13.3	16.8	21.5	22.7	27.1	28.6	25.5	19.3	14.6	13.7	18.5	66.8	87.2	27.4	2.6	2.4	12.9	0.2	7.2	63.1	45.6	134
157	11.5	11.3	13.5	15.3	20.1	24	29.1	29.6	25	20.6	16.3	10.8	39.6	104.3	27.6	36.8	6.2	0.9	1.6	0	17.9	2.5	18.7	94.5
158	14.6	12.5	13.3	15.5	18.1	24.5	25.4	26.7	23.2	20.3	13.7	13.5	34	17	115.2	114.5	55	4	0.2	1.9	5.8	130.4	62.6	22.1
159	11.3	13.4	14.7	15.5	20.2	24.9	27.9	26.7	25.8	20.6	15.1	12.1	139.2	116	16	14.9	16.2	18.5	0.8	2.7	19.4	12.4	43.6	35.1
160	10.9	10.2	13.5	15.5	21	25.4	26.8	25.7	25.2	19.2	14.5	12.7	11.3	168.9	38.1	103.2	3.4	13.8	1.3	0.2	11.9	87.7	110.9	18.1
161	11.8	11.1	14.2	16.5	16.9	25.6	27.4	26.6	24.4	21.1	15.6	14.1	11.3	22.2	77.2	13.7	91.5	28.9	0.3	0	9.4	12.1	39.5	28.9
162	10	15.9	13.8	17.1	22.2	22.2	29.1	27.6	25.5	21.6	15.5	11.5	11.6	5.6	17.8	7.7	0.4	6.6	1.8	0	4.6	15.5	19.5	54.7
163	11.7	12.9	13.5	12.7	21	24.7	26.9	25.4	24.3	22.3	14.9	12.7	45.2	48	8.2	4.7	55.1	0.3	1.1	4.2	9.4	19.2	69.3	32
164	11.3	12.3	12.9	16	20.1	22.8	26.5	27.5	25.2	19.5	16.3	14.3	8.5	6.6	23.7	19.5	3.1	3.3	2.3	0.4	13.9	22.6	68	149.1
165	12.1	12.1	13.3	17.2	17.9	23	26.7	27.2	23.2	21.6	17.6	12.7	90.5	46.2	186.8	187	15.7	30.3	0.7	0	1.2	27.7	54.3	8.2
166	12.1	11.3	13.4	16.2	17.8	23.7	25.3	29.5	24.2	19.9	15.6	12.5	34.2	85	27	68	27.3	37.2	0	0	15.7	34.7	57.2	104.4
167	11.4	13	14.1	16	20.3	23.7	26.9	25.8	23.4	21.1	15.1	12.8	4.2	69.6	3.7	55	28.8	5.7	0.1	0	60.8	35.7	1.8	23.4
168	10.7	10.1	13	15.6	21.6	23.6	26	27.9	22.4	21	16.7	12.7	17.2	136.9	43.2	46.3	6.2	7.2	0.9	0.1	27.5	22.7	4.2	36.9
169	14.9	13.2	13.6	16.3	21.9	23.7	23.7	25.6	23.4	21	14.8	13.5	25.9	86.1	23.5	27.4	10.3	6.8	0.8	3.2	80.2	31.2	329.6	146.3
170	11.8	10.2	15	16.1	20.7	23.6	24	24.8	22.8	20.4	14.4	13.6	62.4	22.5	40	4.9	77.5	0.6	3.1	0	70.4	16.7	109.2	71.7
171	12.9	12.9	12.3	16.5	19.3	24.9	24.9	24.7	23.2	19.1	14.8	11.6	10.9	47.5	74.8	34.9	62.1	7.5	0	5.5	26.5	6.6	109	24.7
172	11.1	10.2	13.1	16.8	19.7	23.9	26.5	27.3	23.8	19.1	13.5	12.9	31.7	58.3	68.4	46.1	25.2	7.6	5.1	0.9	82	16.9	44.9	75.7
173	11.2	13.1	12.6	15.3	17.5	23.9	26.4	27.1	21.7	19.3	16.6	12.1	67.7	26.5	45.7	50	38	0.1	0	0.3	2.8	6.2	94.6	146.6
174	12.6	11.5	13.3	16.6	20.8	22.8	23.5	25.3	23.5	18.8	16.7	11.8	30.3	103.3	109.5	41.1	20	11.7	0.2	1.4	22.3	222.3	34.5	84
175	12.5	11.6	13.7	15.4	20.9	22.7	25.2	25.7	23.5	18.6	15.7	11.2	93	7.4	69.5	54.7	10.7	2.1	0.1	0.2	36.4	1.1	63.7	36.2
176	11.3	8.4	15	19.5	18.9	23.6	28.5	27.2	22.9	21	15.3	14.1	95	83.2	25.1	42.4	1.6	0.7	0.4	2.5	13.1	154.6	14.4	22.3
177	11.2	12.1	12	16.4	20.1	22.1	24.8	27	24.1	19.2	16.5	11.9	60	55.4	61.7	6.2	43.7	50.1	0.1	5.4	1.3	13.7	44.9	27.8
178	10.8	12.5	11.5	15.3	19	25.5	28.1	26.1	22.6	19	15.9	12.5	27	28.7	19	42.7	5.6	0.2	0	0	31	41	41.8	54.9
179	12.4	12	11.8	15.7	19.1	22.6	25.9	25.2	26.4	21.2	13.6	14.1	45.7	61.5	37.2	85.4	50.8	2.2	0	2.8	23.6	22.4	42.4	53.9
180	11	11.3	13.7	17.3	20.9	23.6	23.6	24.8	22.9	19.6	15	12.6	52.7	152.3	8.8	85.4	20.8	16.6	0.3	21	11	27	70.7	53.8
181	12.2	12.1	13.9	16.5	19.3	24.6	24.1	27.2	26.1	22	15.7	13.5	53.4	34.4	69.9	91.6	31.8	21.7	18.4	1.4	2.7	67.2	106.9	50.7
182	11.6	12	16.3	15.2	22.1	21.5	26.9	26.3	24.1	19.8	15.5	12.9	28.9	61.6	8.1	21	12	24.8	9.3	7	6	49.2	51.9	47.3
183	12.6	11.6	15.2	15.5	20.3	23.4	26.8	25.4	23.7	19.1	17.7	12.6	118.5	82.7	70.3	13.1	26.6	14.4	2.7	0.1	15.5	71.2	41.8	19.5
184	13	10.6	15.3	14.5	18.4	26.3	25.6	25.6	23	20.2	16.9	11.6	14.4	87.3	33.6	36.1	67	1	0.4	0	13.6	52	65.6	48.3
185	10.9	10.9	15	18	19.7	22.9	24.5	27.8	24.7	22.1	15.7	13.2	79	51.5	31	8.5	31.3	10.8	15.9	3	63.5	15.2	167	127.6
186	14	13.7	12.3	15.6	20.6	23.8	26.3	27.6	24.4	22.2	14.3	12	74.6	11	19.9	28.8	7.1	3.3	3.5	2.4	2.9	85.3	88.8	26.7
187	12.3	13.5	14.9	16.5	21.6	23.3	25.4	28.1	21.8	21.4	16.2	12.8	16.5	8.1	7.7	95.9	29.4	19.2	0	1.6	40.8	95	52.3	20.9
188	10.9	11.1	13.9	16.7	21.8	25.4	28.3	26.8	25.3	21.9	16	12.5	34.6	151.3	2.1	22.3	6.1	4.7	3.3	0.2	26.9	34.9	43.9	45.5
189	12.5	12.7	14.5	17.5	18.8	21.2	26.4	25.7	25.1	20.8	14.9	14.9	23.2	125.6	4.1	22.6	4.9	40	1.1	5.5	22.2	48.2	48.3	17.7
190	7.7	15.8	14.4	15.6	17.4	21.4	26.5	27.9	23	20.8	17	14.2	34.1	10.6	16.1	38.5	36	6	0.9	7.7	31.5	78.4	51.2	148.8
191	11.9	10.6	12.1	14.1	17	22	26.4	24.7	23.8	21.6	14.1	14.1	100.8	77.5	15.5	16.7	41.1	5.7	0.7	2.6	14.2	80.8	59.8	11
192	12.6	10.1	12.1	14.6	19.2	22.2	27.2	28.5	23.9	21.5	14.9	12	66.7	84.3	17	125.3	3.6	15.8	0.1	0	22.4	103.3	27.7	41.2
193	11.3	11.9	12.5	17.6	18.4	23.8	26.7	26.6	24.6	18.7	16.2	12	17.1	39.5	25.7	2.4	93.2	12.5	0.7	0.1	24	54.9	12.1	41.8
194	14.2	11.8	14.6	15.8	20.7	21.5	24.4	26.3	24.5	19.4	15.2	12.3	10.8	76.2	18.1	10.7	37	23	0	0.1	8.4	40.2	87.8	83.7
195	9.8	11.5	14.1	15.2	19	22.8	30.1	26.1	22.6	20.4	17.5	12.9	21.1	73	33.9	35.9	37.1	3.1	0.1	11.3	48.7	23.9	56.9	75.7
196	11.3	11.7	14.3	14.4	18.9	22.7	25	28.3	25.4	18.6	18.2	12.6	87.4	63.6	60	86.2	44.3	16.8	0.5	0.1	12.9	112.3	25.3	79.6
197	12.6	8.9	15.4	16.5	14.8	21.5	28.1	27.3	25	20.2	17	12	2.4	94.7	29.4	59.8	161.6	0.6	0.8	0.3	12.7	72	78.9	115.3
198	12.2	13.1	13	16.6	17.4	22.8	27	27.9	24.1	18	16.2	13.6	9	44.8	47.5	25	40.5	31	2.1	2.2	11.6	127.5	12.3	28
199	11.8	10.9	14.4	16.3	18.5	26.3	27.8	27.1	22.8	21.3	15.1	12.6	63.3	30.1	17.9	60	75.5	0.2	0.1	3.2	2.3	2.3	7.7	24.8
200	12.9	11	14.4	16	19.4	22.3	25.3	27.8	24.9	21.3	14.2	13.3	62.7	70.6	14.8	32.4	1.9	6.6	0	5.8	11.7	14.3	26.4	79.8
201	10.9	12.4	12.9	15.4	18.2	23.4	27.1	27.9	25.5	21.2	16	13.3	25.5	18.1	15.1	63.2	38.4	16.2	4.1	12.4	8.7	10.9	8.2	21.8
202	12.7	12.8	13.7	16.3	19.4	23.2	26.4	27.7	25.5	20.8	14.9	12	42.2	167.1	37.5	72.7	70.8	10.1	1.5	18.2	123.3	19.9	88.2	9
203	12.2	13.1	14.6	15.6	22	22.8	26.5	27.8	25.3	19.6	15	12.8	29.7	23.1	3.5	9.5	3	29.4	3.7	4.2	57.4	40.9	101	59.8
204	11	12.8	14.1	14.9	20	23.5	24.8	26	24	19.5	14.9	12.6	41.2	34.5	54.1	232.5	26.4	9.7	0.1	26.3	2.8	19.1	6.9	97.2
205	12.7	11.4	12.5	15.8	18	22.7	26.8	24.1	22	18.4	16.1	11.2	21.6	140.6	18.7	57.2	72.5	3.4	0.1	0.3	37.9	45	34.5	38.5
206	11.8	12.8	12	15.2	20.5	22.8	22.8	25	23.5	20.3	16.1	12.2	49.9	133.6	32.8	7.1	15.2	15.4	0.8	1.8	28.7	54.9	50.2	50.8
207	9.7	11.7	14.1	17.5	17.4	24.2	25.9	27.4	23.6	19.9	16.3	13.3	8	17.8	69.3	55	10.1	0.3	3.4	10	2.8	95	186.3	40.3
208	11.9	14.5	14.6	16.2	18	22.3	26.3	28.1	24.8	22.3	17.1	12.2	11.7	4.8	12.4	17.6	9.5	2.3	0.3	5.7	19.5	79	8.4	79.4
209	10.2	12.7	11.7	15.8	19.1	24.6	25.9	27.3	24.4	20.2	16.4	13.3	27.2	123.3	21.8	16.5	39.4	2	0.1	1.7	2.4	60.6	40.7	149
210	13.1	12.5	15.2	14.9	20.4	22.9	24.9	27.2	22.5	21.4	14.5	14.2	72.4	18.1	9.9	25.3	5.7	28.3	0.1	2.2	43.1	13.4	32.5	90.1
211	12.5	12.5	12.5	15.4	17.8	23.3	23.5	26.1	24.4	22.2	17.1	14	21.3	56.4	11.4	64	37.7	7.3	1.1	0	43.9	124.8	8	12.1
212	12.9	11.5	13.7	14.7	18.3	22.4	25.5	28.6	23.4	19.9	16.7	14.5	47.8	145.4	4.7	11.4	30	21.3	6.2	0	18.2	80.8	24.1	60.2
213	11	11.7	11.8	15.8	17.3	24.6	26.7	27.3	24.5	20.9	15.4	14.8	52.7	103.8	138.3	56.9	90	26.5	0.3	0.3	46.4	44.2	63	36.7
214	12.3	10.8	15.3	16.4	18.3	23.6	25.3	25.3	23.6	18.7	15.4	13.8	49.3	73.3	74.6	57.5	21.5	4.9	0.8	0.5	4	19.2	15.6	9
215	12.2	11.9	13.4	15.7	21.1	23.5	25.8	27.8	23	19.7	17.1	13.6	29.7	328.2	40.1	19	9.7	10.3	0	0.2	72.3	6.8	8.8	105.9
216	12.8	10.6	13.1	16.9	18.9	22.3	27	26.4	23.5	20.1	17.3	14.8	28.5	82.5	49.1	14.6	35.3	3.6	3.9	1.6	13.7	30.5	22.4	19.6
217	11.8	13.5	15.3	15.8	19.8	25.4	24.4	27.1	24.3	20.2	16	13.2	65	33.2	36.2	62.8	46.9	0.2	1.8	0	44.8	9.8	50.7	72.6
218	11.8	14.1	13.2	17.2	19.7	23.8	24.9	28.3	26.2	21.2	15.8	14.1	15.7	89.2	10.4	52.7	111.2	5	0.1	16.1	3.4	4.2	39	59.8
219	11.8	11.1	12.4	14.8	19.6	22.4	25.9	25.8	24.8	20.9	14.1	14.3	10.2	246.4	18.9	35.7	80.9	31.5	1.2	0.3	0.8	37.2	102.5	54.7
220	10.1	12.2	12.8	15.5	19.6	24.9	27.4	25	23.5	19.8	14.7	13.9	28.4	24.1	16.3	78.9	9.6	0.3	0	0.6	7.1	38.1	3.7	43.7
221	12.7	11.2	13.9	13.9	20.1	22.6	29.2	27.4	25.2	20.2	16.8	12.3	50.3	33.5	31.3	86.9	7.7	19.9	1.6	0.6	9.6	13.8	12.9	22.9
222	12.5	11.4	12.2	14.9	18.4	23.3	24.5	27.6	22.8	20.4	14.5	12.6	45.3	36.5	55.6	46.8	34.6	17.9	2	1.2	40.3	35.1	69.1	69.8
223	10.7	12.1	15.3	14.6	18.9	24.3	27.1	26.1	23.5	19.2	15.8	14.8	86.6	242.2	56.4	39.1	15.4	23	0.6	0.1	41.4	42.4	19.8	38.8
224	11	11.8	13.1	15.9	20.1	25	24.9	27.5	23.8	20	15.7	13.3	33.4	72.8	7.9	49.6	43.5	0.2	0.4	2	0.1	97.6	17.7	20.1
225	12.9	12.7	15.4	16.3	21.7	23.9	25.8	25.3	23.4	19.5	15.8	12.2	58.1	28.3	50.5	19.7	24.8	0.2	0.7	0.2	4.6	54.1	31.8	103.8
226	12.3	11.8	15.1	15.5	21.5	24	25.4	29.3	24.4	20.3	16.2	13.1	80.5	87.9	6.1	11.5	2.9	0.7	0.6	0.5	25.6	73.1	31.5	18.8
227	13	13.3	14.1	14.2	19.8	24.8	28	27.3	23.5	19.3	15.9	14.5	14.3	6.7	6.3	88.3	19.1	9.8	12.1	11	46.3	6.2	40.3	123.7
228	11.7	12.5	11.4	15.1	19.5	25.2	23.3	25.7	22.1	19.1	16.2	11.9	11.1	80.9	84.8	15.2	39.2	0.2	0.5	0.8	6.1	86.6	16.4	66.6
229	10.7	11.1	14.6	15.9	17.2	23.7	26.1	28.1	23.3	21.1	14.5	10.7	24.8	48.1	6.5	59.8	155.8	4	0.2	5.4	19.1	130.3	109.3	76.8
230	12	12.2	13.6	15.8	17.9	23.7	27.6	24.6	23.3	20.5	15.4	13.4	49.7	74.6	45.7	194.5	27.2	16.4	0.3	1.9	39.4	34.5	109.2	40.6
231	11	10.3	14.1	15.5	18.5	24.7	25.3	24	24	20.8	15	12.4	59.2	294.9	22.6	67.9	59.2	3.9	1.9	17.4	4.8	16.4	100.9	51.9
232	11	13	11.8	16.6	20	24.1	25.5	24.1	24.4	18.6	16.1	13.1	55.9	33.6	26.6	40.7	13.4	0.9	0.3	17.4	2.2	63.7	53.4	162.6
233	10.3	11.1	13.9	17.1	20.7	24.3	26.7	28.7	24.4	18.8	15.5	13.8	14.4	109.9	34.7	3.6	20.9	12.5	0	10.1	68.1	62.3	10.8	79.6
234	11.4	10.4	13.7	14.3	18.4	23.7	26.6	26.4	24.1	17.8	14.1	10.7	3.4	201.3	16.6	42.1	41.2	18.2	0.5	8.3	6.2	9.1	68.8	31.4
235	14.9	12.5	13.6	15.6	18.9	21.1	25.6	27.3	24.7	21.6	14.1	12.1	2.7	32.2	16.1	13	20.3	6.5	0	3.7	20.9	0.6	91.1	10
236	11	9	12.1	16.4	18.3	25.7	26	25.9	24.1	20.5	15	11	85.8	85.1	19.2	24.8	40	3.7	1.7	0.4	67	37.3	45.4	122.3
237	12.3	10.6	11.5	16.8	18.8	27.9	28.1	25.6	24.1	19.2	15.9	12.3	88.8	96.2	94.4	24.7	50.4	2.9	9.7	1.1	11	57.9	132.5	74.6
238	9.1	11.9	11.4	16.3	18.7	20.7	27	26	24.3	21.1	16.8	11.3	58.5	9.5	71.9	112.1	70.9	0.7	0	0.4	1.1	9.6	18.9	121.6
239	11.6	13.5	14.4	15.1	18.7	22.6	26.5	24.8	22.6	21.8	15.7	12.2	64.8	46.1	33.8	46.9	20.7	5.6	1.3	3.8	5.6	31.4	36.6	136.1
240	12	10.4	13.1	16.5	20	23.1	27.4	28.4	23.3	20.2	16.9	13.6	37.3	33.2	97.8	31.5	68.7	45.3	0.9	0.3	7.4	121.8	11.5	77.7
241	11.1	11.7	12.1	17.1	21.5	25.8	27.6	26.7	23.5	20.3	14.5	12.2	17	76.6	84.6	23.5	3	16	21.6	11.5	8.1	12.3	29.4	13.4
242	11.4	11.1	12.7	15	17.8	24.6	25	27.1	24.2	20.4	14.4	13.6	60.8	53	31.6	4.9	78.6	4.7	0.1	0.1	18	14.1	15.1	100
243	11.5	13.2	12.8	16.6	20	24.9	27	27	25.7	21.6	15.7	9.2	53.4	14.6	101.6	9.8	26	5	0.6	0.1	54.2	10.1	48.5	15.3
244	11.4	12.9	11.3	17.4	18.7	24.5	25.7	25.4	24.1	20.8	14.6	13.7	9.3	148.2	160.7	14.3	2.8	6.7	3.3	1.2	42.2	75.5	51.1	25
245	10.7	12.9	13.1	15	19.5	22.5	26.7	25.6	24.7	24.3	17.4	12.5	3.9	22	30.6	32.9	14.5	8.3	2.5	10.2	0.8	4.6	55.5	49.7
246	11.4	12.1	14	15.5	19.5	20.3	28.5	27.1	23.8	19.3	16.4	12.6	56.4	38.2	51.2	16.4	66.5	54.7	0.2	17.7	59.7	34.8	139	53.2
247	11.4	12.1	13.2	16.1	21.2	24.3	24.7	26.6	24.8	19.2	14.1	14.4	14.3	67.2	56.1	33.3	14.4	5.5	2	2.6	14.7	20.8	25	72
248	9.1	9.6	13.4	16.6	19.4	23.9	26	28.2	22.2	18.7	16	12.6	19.8	80.3	96.5	47.3	10.3	13.3	0.2	18.1	17.6	1.1	130.7	20.5
249	9.8	8.9	13	14.3	21.2	24.8	26.1	25.6	25.5	19.9	16.1	12.5	140.2	53.3	25	32.5	1.6	0.1	2.1	0	1.2	17.8	117.7	101.9
250	11.2	14.3	13.2	15.9	18.5	21.8	28	27	25.3	21.7	15.8	13.1	49.6	46	28.7	15.4	87.8	24.6	0	6.5	52.4	116.7	53	66.5
251	11.1	11.5	13.2	15.8	18	23.6	24.7	27	24.9	20.9	16	13.3	41.4	28.3	15.5	16.3	43.2	14.2	0.9	0	19	42.4	7.8	18.2
252	11.5	13	14.2	15.8	19.7	23.7	25.1	26.5	24.3	18.7	16.5	11.8	77.3	5.5	29.9	45.5	8.9	0.9	19.3	0	8.2	99.5	110.2	66.6
253	10.9	10.5	15.6	15	21.6	25.7	26.9	26.8	23.8	21.7	17	11.1	33.9	64.4	45.2	12.4	3.3	4.5	0.4	1	4	17.3	23.4	99.9
254	12.5	12.6	14.8	15.1	20.5	23.8	26.8	25.6	24.5	21.4	15.3	13.3	18.3	65.6	18.2	64.5	26.2	8.4	0.9	0.3	3.3	121.7	110.7	14.8
255	12.1	10.2	13.2	16	17.8	22.3	24.9	29.4	24.9	20.3	16.6	12.1	21.3	87.5	21.2	16.3	91.6	1	0.3	7.5	16.8	54	27.8	42.5
256	10.6	11.3	14.3	16.4	18.2	22.6	26.2	28.1	23.7	21	14.7	14.3	13.3	111.4	44.5	50.8	79.9	4.9	1.7	0	3.5	15.9	96.5	38.2
257	11.1	11.2	12.5	16	17.5	24.8	26.1	27.2	22.8	19.3	15.7	12.8	51.1	65.6	63.7	43.8	94.4	3.8	0.3	15.4	52	55	23.9	189.4
258	13	13.5	14.9	15.7	20.2	23.4	23.4	27.4	23.8	22.6	17	13.2	12.3	24.8	72.2	72.9	26.1	25.7	1.6	5.8	9.2	89.3	102.4	100.3
259	12	10.6	14.3	16.1	17.2	23.5	25	28	23.7	19.5	15	13.2	19.3	148.3	47.5	34.8	115.1	17	0	14.7	53.4	68.3	29.3	59.8
260	11.9	11.6	13.8	16.3	20.1	23.8	23.2	28.2	24.3	18.9	15.1	12.9	43.8	40.1	62.1	97.7	4	0.9	0.5	16.2	17.9	53.7	72.1	26.5
261	10.5	10.7	13.7	15.6	21.2	21.9	26.9	28.4	25.5	19.7	16.3	12.8	61.7	67.7	25.6	44.4	7.2	8.4	0.1	0.6	32.8	33.5	23.8	34.8
262	10.5	12.2	14.3	15.8	19.2	21.5	25.8	26.8	22.7	18.4	14.8	12.9	16.3	168.4	54.2	112.8	10.7	2.9	0.1	1.7	108.8	19.8	132.7	20.3
263	11	10.8	14.7	14.7	20.2	23.4	27.4	24.2	24.8	20.4	16.7	13.1	9.1	51.8	74.7	31.5	4.8	7.8	1	0.7	24.1	0.3	46.7	96.4
264	10.7	11.4	15	15.1	18.6	22.6	27.1	27.4	24	19	15.7	14.1	83.7	89.9	4.7	75.9	80.8	19.2	14.7	0	0.9	61.1	42.5	36.6
265	13.6	10	13.1	16.2	20.7	23.6	26	25.4	23.7	22	16.4	12	45.4	238.9	17	38.1	13.3	23	4.4	19	15.8	29.1	59.4	61.3
266	11.4	11.6	12.8	15.4	20.3	21.7	25.4	27.1	26.2	19.5	16	11.8	45	17.6	32.7	121.2	0.3	29.8	3.8	1.2	16	81.5	90.5	68.2
267	12.2	14.3	13.9	14.9	19.1	23.8	26	25.2	23.3	21.3	14.9	14.1	16.3	10	8.6	16	23.8	12.3	2.8	0.7	7.8	32.6	143.3	80.4
268	11.9	12.9	14.7	16.2	19.3	24.2	28	24.7	22.6	19.8	18.4	13.1	131.6	207.9	70.2	45.4	42.4	3.4	0	0.3	76.2	22.9	120.5	58.8
269	10.7	11.8	14.8	16.4	18.9	23.3	26	25.5	22.7	21	15.3	15.2	67.4	120.5	39.1	24.5	18.3	2.2	0	0.3	30.2	73.4	110.3	14.4
270	12.4	9.4	13.9	15.6	19.6	21.5	26.6	27.2	25.4	21.5	14.9	12.2	24	68.9	21.7	149.1	7.8	9.7	0.1	0	54.6	54.6	76.7	46.3
271	10.7	13.5	13.8	15.2	20.8	23.3	26.9	26	24.4	21.8	17	16.2	87.6	73	10.6	43.7	33.1	3.3	0.2	1.7	2.4	15.1	48.1	53.8
272	11.9	10.5	15.6	15.8	20.7	22.3	25.4	27.5	23.6	22.1	16.3	13	42.8	179.5	60.9	77	11.7	1.4	5.8	0.2	24.4	24	129.2	53.4
273	13.1	12.1	13.9	16.7	22.2	22.6	28.1	27.8	23.6	21.2	17.3	12.7	18.3	262.4	23.4	86.1	8.7	0.2	0.9	5.8	55.7	56.9	50.5	160.3
274	10.6	11.8	12.5	16.4	17.1	22.7	25.8	27.5	26.2	22.8	16.6	11.5	47.2	54.1	39.4	22.9	49.1	1.1	1.6	2	23	30.6	154.4	65.4
275	11.7	11.8	13.9	15.6	18.3	25.9	26.5	27	25.2	21.4	16.9	13	60.9	3.4	21.3	41.3	67.9	4.8	0.6	1.7	35.7	22	72.8	59.2
276	11.8	12	15.4	15.8	18.3	22.9	27	28.8	23.6	19.8	16.1	12.7	16.7	52.8	49.6	48.7	26.6	21.2	4.1	3.5	110.7	13.2	43.4	56.8
277	9.9	13.9	14.9	15.8	20.3	25.1	26.7	29.2	23.6	20.5	14.5	13	90.6	28.6	42.7	122.1	20.5	3.9	0.1	0.9	54.6	89.8	54.6	84.8
278	10.4	10.9	13.6	14.9	17.8	25.4	27.1	24.2	23	19.8	15.3	11.9	39	31.3	20.4	23.8	20.3	0.3	0	23	7.5	30.4	90.3	37
279	11.8	11.2	14.8	15.7	20.1	24.9	24.9	26.3	24.8	18.1	15.6	15	28.5	128.7	63.9	16.5	87.3	0.6	1.9	1.1	19.9	11.7	94.3	20.9
280	11.3	12.2	13.8	14.8	21	25	24.7	23.9	25.4	21.1	16.3	11.9	51.3	35.8	80.9	103.1	41	4.5	0.2	5.2	157.9	23.3	78.1	71.6
281	11.5	8.8	14.9	16.1	19.7	23.1	25.5	24.2	21.9	20.6	16.2	11.1	12.8	69.2	25.6	20.3	59	11.2	0.2	17.2	70.8	85.1	102.2	100.5
282	12.1	14.1	14.6	15.6	20.7	23.8	26.3	23.4	24.4	20.1	15.4	13.7	23	8.9	15.9	38.7	38.7	1.6	2.5	0.1	32.5	96.1	27	28.4
283	12.7	12	14.3	17.2	19.4	24	25.8	25.1	24.3	22.5	16.8	14.7	80.2	51.2	24.5	8.8	47.9	1.3	0.2	0.1	37	3.7	55.7	42.1
284	12.3	12.5	13.8	16.3	19.4	23.3	27.6	27.8	23.1	20	15.3	13.1	15.9	51.8	49.8	43.1	29.9	0.7	2.2	0	60.7	22.2	61.7	20.5
285	11.7	9.7	13.2	12.7	19.2	22.1	27.6	26	24.1	20	15.4	10.6	59	43	49.2	182.9	14.8	1.8	1.6	2.8	2.8	76.8	37.8	147.1
286	9.8	10.1	14.3	16.1	20.9	23.6	25.8	26.3	23.2	21.9	16	13.2	48	134.7	21.3	24	3.4	13.6	0.2	0.2	2	26.8	44.6	26.3
287	10.5	10.8	14	17.3	17.7	23	26.1	26	23.9	21.3	15	12.4	49.1	143	27.4	6.9	51.4	16.7	0	2.8	20.2	28.6	106.9	24.5
288	11.1	14.4	13.9	16.2	21	25.2	26.8	23.3	22.5	19.2	15.5	14.1	34	39.9	69.2	5.7	46.2	0	1.6	0.1	143.1	62.1	13.7	3.9
289	11.7	11.6	15.1	14.7	18.3	22.4	26.3	23.3	23.3	19.5	15.3	13.2	90.8	78	3.8	122.5	98.4	9.9	0.1	17.4	15.6	57.3	146.8	64.9
290	10.4	10.7	12	15.2	19.5	21.6	26.2	27.9	23.3	18.6	15.7	12.2	9.3	218.4	7.9	49.6	27.4	31.7	0.3	0	22	27.8	81	52.1
291	11.2	12.7	14.9	16	20.2	23	25.1	25.7	25	20.9	15.8	12.5	42.4	69.7	17.4	22.2	32.9	5.2	0.6	0.2	10.1	35.4	22.6	22
292	11.9	10.9	12.3	15.6	18.6	23.3	27	25	25.4	18.6	17.7	12.5	25.8	48.1	153.1	33.2	18.7	20.9	0	38.3	5.7	79.5	71.2	69.2
293	11.5	11.8	12.7	17.2	20.4	24.1	25	25.2	24.5	19.5	17.3	12.5	42.5	45.3	15.9	50.8	15.5	2.2	3.8	0.1	70.3	41	156.1	21.6
294	12.4	9.4	13.8	15.7	19.2	20.1	26	26.6	23.1	22.8	15.3	14.7	11.5	99.5	58.7	137.3	21.8	6.4	0.9	1.7	6.5	6.5	14.4	8.4
295	12.9	11.1	15.1	13	20.2	23.4	26.6	26.1	24	21.3	15.9	12.8	176.8	66.7	11.6	82	29.1	20.1	2.2	0.8	39.3	111	45.8	43
296	11.2	13.7	13.3	17.4	20.9	24.3	25.8	26.6	23.4	21.1	17.2	12	44.5	66.9	17.1	59.4	7.3	3.3	4.7	10.6	127.2	43.6	58.2	38
297	11.9	11.2	14.7	14.4	19	22.9	27.7	22.4	24.3	20	15.4	12.4	41.6	88.9	4.1	17	4.6	0.3	3.9	14.2	0.2	3.4	3.7	63.3
298	11.5	13	13.4	16.2	19.4	26.2	25.5	27.8	23.1	21.9	16.8	12.6	88.7	112	51.7	38.5	27.5	3.4	0.8	0.2	44.1	152.4	40.9	42.8
299	10.7	11.8	13.7	15.5	19.8	25.3	25	27.8	23.1	20.1	15.3	13.1	30.7	6.7	34.7	13	2.3	17.8	0	0	19.4	128.8	106.8	14
300	11.9	12.7	14.6	17.5	18.2	22.9	26.2	26.4	24	20	16.2	12.8	6.3	8.1	12.5	15.5	42.9	11.5	0.9	1.6	15.6	101.1	38.2	56.1
301	10.2	12	14.4	14.3	18.8	21.8	25	27.5	24.2	20.2	15.2	15.2	80.7	15.9	7.4	59.8	42.5	5.7	2	12.1	11.4	78.2	48.5	38.3
302	9.4	11	13.3	16.3	20.3	24.5	27.5	27.1	25.2	19.9	15.3	15.2	79.8	28.5	11.6	194.1	6.5	0	1.2	3.2	9.1	23	75.4	24
303	11.2	13.3	14	14.7	20.1	24	28.3	27.2	23.7	21.7	15.8	10.7	47.2	35.9	10	55.6	2.7	11.4	4.6	2.6	9.1	43	24.9	73.6
304	10.4	12.1	13.3	16.7	19.4	24.7	27.3	27.6	25.5	21.3	15.4	12.9	69.6	32	11.7	27.8	72.4	0.8	0	6.1	7	66.5	51.5	25.5
305	11.7	12.8	12.8	15.1	18.1	24.2	26.1	25.6	23.1	22.1	16.4	12.4	39.4	37.7	31.9	59	56.3	6.1	0.3	1	109.5	88	125.4	127.2
306	9.8	13.9	14.6	16.2	19	23.5	24.9	26.3	23.9	21.1	15	12.8	36.1	64.6	14.2	140.7	1.9	11.8	0	1.9	39.8	41.3	46.8	22.6
307	10.9	10.9	14.9	14.5	18	23.3	28.5	28.2	24	20.3	16.2	9.9	51.5	77.8	36.3	9.3	69.8	6	3.7	0.1	77.4	2.5	78.2	60
308	12.3	10.8	14.1	15.8	19.5	22.5	25.9	27.3	25.1	20.6	15.8	13.3	13.9	68.1	59.6	79.7	25.2	18.8	1.1	5.3	42.4	90.1	72.6	18.1
309	10.5	12.5	12.9	14	21.9	18.9	25.8	29.5	23.5	20.4	14.9	11.9	70.6	46.2	32.5	47.8	4.1	5.9	0	0.1	136.2	114.8	53.1	17.8
310	12.5	10.9	13.3	16.6	20.2	25.3	26.4	24.9	24.6	22.6	15.5	12.3	62.6	129.9	15.8	33.8	70.6	8.4	11.1	11.1	28.3	102.5	91.1	17.2
311	12.3	11.9	13.3	17.4	19.5	22.7	28	26.1	24.4	20.3	13.6	11.9	14.8	24	24.7	94.7	1.1	5.8	0	0.1	18.1	156.4	140.1	57.4
312	11.1	13.1	14.4	14.8	19.7	23.9	26.8	25.6	22.7	21.7	15.4	14	39.4	88.6	45.8	82.5	12.3	1.9	0	0	18.2	46.5	19.8	118.5
313	10.2	11.6	14.8	16.3	19.5	23.4	24.5	26.4	24.9	20.7	16.5	14.4	70.4	53.7	44.6	60.4	30.5	1.1	0	15.2	46.9	84.6	151.6	14.2
314	11.6	13.1	12.8	14.3	19.3	23.6	26.5	24.5	23.4	21	15.3	10.8	40	32.7	77.3	97.1	32.3	30.6	4.1	2.7	6	21.1	61.7	17.2
315	13.9	15.6	13.1	15.3	19.9	25	27.2	28.6	25	19.2	15.6	11.7	41.3	18.3	19.7	13.7	0.7	5.9	11.8	0.1	19.1	11.8	30.2	166.5
316	12.3	13.1	14.8	18.5	19.1	22.6	28.3	26.3	23.9	19.7	14.5	14.4	33.2	74.5	13	55	40.2	0.1	10.1	4.1	34.9	44.4	53.3	29.3
317	12.4	14.2	13.7	16.3	20.3	23.1	22.6	28.6	24.4	20.8	17.5	11.4	24.9	9.5	55.1	19.1	101.4	6.3	0	8.3	2.2	41.5	46	49.5
318	12	11.3	13.6	17	18.2	24.5	24.1	28.3	23.2	18.9	17.1	11.7	134.6	93.4	22.7	41	17.1	12	0.2	4.4	10.3	98	123.1	81
319	10.5	15.2	13.7	17.1	20.6	22.4	24.2	27.9	24.7	18.4	15.4	12.3	50.2	45.8	61.6	37.8	92.1	3.2	0	1.2	24.2	10.2	73.1	123.1
320	11.6	14.9	15.3	13.6	20.2	23.3	24.3	26.3	23.6	19.4	14.6	14.4	99.7	92.6	16.7	199.5	27.5	8.1	2.7	12.8	26.6	72.7	51.1	49.6
321	11.3	15	14.2	15.4	19.9	24.4	25.5	28.3	25.2	20.5	15.7	10.9	21.7	7.1	4.5	9.5	29.2	2.3	1.4	23.1	26	66.4	19.5	94.8
322	11.1	13.6	13.6	15.1	18.9	22.2	25.7	28.5	22.8	19.4	16.3	12.3	38.3	123.1	60.8	31.5	35.5	3.1	2.7	0.2	20.6	32.5	39.6	95.1
323	9.9	11.8	13.1	17.9	18.9	23.7	28.3	26.4	24.3	20.4	16	11.2	57.2	19.8	3.5	62.8	13	9.4	4.7	1.2	16.6	56.3	29	55.5
324	11.8	13.1	15.1	15	20	23.4	26.6	27.1	23.2	18.6	15.8	12.8	88.9	20.1	5.2	51	33.2	2.6	3.4	0	10.6	36.6	42.3	76
325	10.2	11.9	15.3	15.3	19.5	25.2	24.7	25.6	23.6	20.3	16.2	11	90.4	176.8	8.7	103.2	17	8.9	0.1	21.2	10	106	57.2	79.4
326	11.3	12.4	12.6	15.9	20.1	21.9	26.9	26.5	23.9	19.5	15.3	12	48.1	104.8	19	17.6	1.5	7.4	1	0	61.6	24	6.9	79.5
327	11.5	10.6	14	14.1	20.2	25.1	27.8	25.7	24.2	20.4	16.2	11.6	40	64	30.7	39.6	11	0.1	2.5	4.8	24.8	17	30.5	3.8
328	11.3	11.5	15.6	14	17.5	23.7	26.5	25.2	23.4	19.4	16	12.7	4.7	24.4	37.4	47	39.2	29.9	0	4.5	55	96.8	9.2	110.5
329	10.1	13.4	13.5	15.2	19.6	21.3	27.7	27.9	24.3	22.2	15.3	13	92	35.9	40.8	4.1	30.6	7.3	0.2	2.1	31.7	25.1	4.1	68.1
330	10.7	13.6	11.7	16.3	21.3	24.9	27.4	24.7	23.3	20.3	15.9	12.8	25	7.6	54.1	42	0.8	15.1	5.7	26.6	5.2	28	47.3	3.5
331	13.9	11	15.8	13.6	19	22	24.6	27.5	23.6	20.3	17.4	12.7	27.5	116.4	17.2	60.2	53.9	11.1	0	14.5	5.8	13.7	41.6	49.2
332	10.5	12.4	13.7	16.8	18.7	24.4	28.2	27.1	23.6	18.5	17.6	11.7	46.9	78.2	23.7	80.1	52.4	5.6	3.3	0.3	93.1	34.3	45.6	30.2
333	10.7	12.8	12.1	17.8	18.3	22	27.4	27.2	23.8	21.1	16.3	12.9	23.6	90.7	25	50.1	33.9	18.1	14.8	0	1	91	19.3	148.4
334	11.2	11.2	13.3	17	20.1	25	28.7	27.2	25.4	20.3	16.5	14.3	43	52.8	99.9	11.8	29.1	5.1	4.5	0.1	0.1	58.7	188.8	49.6
335	12.3	12.2	11.5	15.9	19.5	25.8	26.3	27	24.1	19.3	16.1	12.3	12.8	10.2	82.4	3.9	74.5	8.5	0	6.8	9.7	19.9	15.5	81.5
336	9	9.8	13	16.8	21.4	23.5	23.6	27.5	25.6	19	14	11.1	35	69.4	11.8	56.9	6.8	2.6	0	1.6	41.9	41	45.7	7.8
337	12.4	13.2	13.8	16.6	18.2	21.5	25.3	26.4	25.3	19.5	15	11.6	1.5	13.5	22.9	25.8	62.9	3.6	9.3	2.2	15.6	121.9	62.6	25.8
338	10.8	9	13.3	14.3	19.4	22.4	23.6	28.5	22	20.5	18	13.9	90.2	137.7	43.1	2.9	18.9	0	8.5	6.1	93.6	108.4	87.8	20.9
339	13.3	11.8	12.6	15.3	21.9	24.4	24.6	26.4	25.7	19.1	13.6	11.2	55.4	117.5	38.5	9.3	13.9	0.1	0	0.2	24.7	18.2	34.9	18.2
340	12	12.2	13.6	15.2	20.7	19.9	28	26.1	24.4	20	15.8	12.8	33.5	27.1	8.1	73.4	12	15.3	0.1	2.2	79.3	131.4	48.7	142.1
341	11	13.4	11.8	15.9	20.9	23.3	23.7	24.5	25.2	20	13.1	11.9	29.4	22.8	41.4	9.4	11.3	13.2	10.2	28.4	7.9	51.9	45.7	9.4
342	11.4	10.7	13.2	16.2	18.8	23.7	27.3	29.7	23.6	21	14.5	13.2	12.6	70.3	1.2	69	38.9	11.8	0.3	1.5	14.9	13.2	57.5	39.2
343	9.8	13.4	14.8	15.6	18.3	21.9	25.2	27	23.9	22.5	15.4	11	27.3	52.6	94	47.8	60.6	36.3	1.1	3.6	4.3	78.1	18.4	74.4
344	11.8	12.6	11.8	14.5	19.8	22.5	27.7	26.6	23.7	20.4	16	13.9	42.1	76.2	56.9	19.8	57.7	13.5	2.7	1.6	9.8	23.7	81.9	47.8
345	12	10.9	15.1	15.3	17.8	22.8	26.6	25.3	23	21.5	16.4	12.8	16.1	83.1	45.4	185.2	77	20.3	2.3	2.2	44.7	25.6	77.2	125.2
346	12	10.7	14.8	17	17.9	25.6	25.6	27.7	25	20	16.8	11.4	109.5	49.6	24	33.1	1.9	25.9	0.1	34.6	49.3	81.8	72.8	116.6
347	13	12.2	13.6	15.4	21.1	25.2	26.3	24.1	25.3	18.6	15.6	12.7	100.9	23	97.5	50.5	9.1	6.5	0.2	1.5	1.6	35.2	74.6	34.4
348	12	10.7	14.3	15.1	21.1	22.8	25.2	25.5	24.7	20.8	15	13.8	17.7	61.6	6.2	110.3	54	1.8	4.4	0.5	18.2	76.9	40.3	40.2
349	12.6	12.6	13.9	15.9	20.4	23.8	26.9	26.3	25.1	20.3	16.9	14.6	53	19.9	10	103.5	15.1	19.2	0.8	3	5.5	18.5	89.6	33.5
350	11	10.5	13.2	14.5	21	25.4	24.5	27.4	25	21.1	15.9	10.1	40	118.7	63.3	59.2	28.2	3.1	3.7	15.4	4.4	64.6	91.3	60.9
351	11.4	13.3	11	14.9	20.3	25	28.1	27.9	25.5	20.4	16.5	12.3	64.9	22.4	12.7	51.6	11.6	5.9	2.3	0.6	5.1	36.5	51.5	26.9
352	10.4	13.5	13.4	14.9	19.2	24.4	28.3	26.6	23.9	22.6	15.4	13.6	14.8	25.9	27.6	22.3	12.2	0.6	1.3	6.1	0.4	94.7	21.1	76.7
353	11.3	13	13.6	16.7	18.5	22.1	27.8	29	24.4	20.2	16	13.2	62.2	15.8	28.7	64.3	15.7	5.8	2.1	0	17	11.5	32.4	36.7
354	11.9	10.9	13.7	14.9	20.5	24.4	27.4	28.2	23.1	21	15.7	12.5	100.3	126.6	66.5	57.7	14.2	3.4	11.7	0.3	11.5	49	18.3	23.7
355	11.5	10.3	12.2	15.5	19.2	22.7	25	28.6	23.1	19.1	16.2	12.3	75.2	103.9	56.8	16.1	0.2	0	0.6	11.3	14.6	41.2	24.7	150.5
356	12.3	10.5	13.9	13.8	18	23	24.7	27.8	24.2	19.3	13.9	11.9	102.1	116.9	34.4	36.9	30.6	6.9	0	1.7	40.9	53.7	14.9	104.8
357	11.3	12.5	13.4	17.6	16.8	22.1	24.2	28.7	23.8	19.8	17	12.7	34.8	71.1	86.2	43.6	11	6.2	0.1	4	40.4	65.8	111.9	84.1
358	12	13.3	12.7	15.5	19.1	24.4	26.7	26.5	24.3	20	14.9	11.7	48.7	29.8	36.9	16.4	12.6	12	1.9	0.4	28	20	15.6	55.4
359	11.1	12.1	11.2	17.7	18.7	26.2	28.1	25.4	24	21.1	17.9	13	80.1	99.7	32.6	6.1	21.1	3.1	13	1.6	47.4	52.3	79.1	43.1
360	13.9	13.4	14.5	16.4	17.8	24.5	25.7	24.8	23.7	19.1	17.4	12.7	13.3	106	53.9	18.9	67.8	14.7	0.2	0.4	17.2	11.1	90.9	15.6
361	10	10.1	12.8	13.7	20.2	24.2	29.8	27.3	24.8	18.2	15.1	14.7	14.8	76.1	16.8	38.4	14.9	4.6	5	6.3	3.8	36.2	168.1	69.1
362	11.7	10.2	13.8	14.8	18.6	24.1	27.1	27	23.6	20	15.6	10.8	46.3	60	5.5	11.2	65.5	3.6	0.8	3.6	10.4	0.7	87	28.5
363	10.7	11.7	14.8	14	19.5	20.7	26.3	28.3	24.2	22.2	14.6	11.9	19.3	4.6	15.3	28.5	17.1	6.2	0	3.6	23.2	14.9	235.8	30.5
364	10.3	12.3	13.7	13.7	19.3	23.9	26	27	22.5	19.7	16.6	13.3	37.8	62.9	30.7	11.9	27.8	5.7	2.2	1.4	50.1	105.5	16.7	81.2
365	11.8	13.4	13.5	17.4	20.1	22.5	26.8	27.8	23.7	19.1	15	13.7	34.4	94	10.9	14.9	5	11.9	1	0	90.4	20.6	81.8	26.4
366	10.4	12.6	13.2	16	18.9	25.2	29.2	26.2	25.1	20.9	17.1	13.6	19.5	9.8	76.8	22.3	19.7	15	0	0.4	14.5	20.2	21.5	13.8
367	12.4	10.6	15.2	15.4	17.8	24.4	26	25.5	25.4	22.7	14.9	12.4	25.1	31.4	33.1	53.2	13	1.3	15.8	0	16.3	66.6	27	72.1
368	13.3	14	13.3	15	19.8	24.8	27.8	24.8	25.3	18.9	14.5	12.3	99.2	0.3	22.9	70.5	18.4	1.6	0	2.8	40.3	36.3	24.1	29.3
369	12.5	10.7	13.2	15.6	20.6	24	27	25.7	23.9	18.6	15	13.7	205.9	202	60.6	72.8	9.6	24.2	1.1	3	44.6	16.6	17.9	78.8
370	10.9	10.3	13	17.2	21.5	21.9	25.2	28.5	24.6	18.7	14.5	13.5	63.1	149.8	39.9	40.4	22.4	1.2	0.1	0	1.9	18.1	77.2	15.5
371	11.5	11.2	12.7	14.9	18.2	24.6	24.2	24.6	21.7	18.1	15.4	13.1	56	80.1	66.2	14.7	60.8	1	0	17.1	81.4	35.7	44.4	49.4
372	11.9	11.5	14.8	14.3	19.1	22.1	24.5	25.9	24.2	20.1	17.3	12.8	0.9	1.7	3.4	30.9	15.1	9.6	1.1	1.6	0.2	10	109	77.5
373	12.6	8.8	13	14.3	18.6	21.3	24.3	25.6	22.1	20.4	16.4	10.4	44.2	70.6	45.2	23.7	15.1	2.5	1.7	0	87.7	186.7	25.6	45.5
374	10.1	11.2	14	15.5	19.5	23.5	25.3	24	23.3	19.2	15.3	13.3	38.8	40.4	47.8	181.5	28.6	7.5	0.1	0	79.7	9.3	159	12.1
375	10.9	9.7	14.2	16.6	20.9	23.3	29.7	27.5	24.3	19.6	17.6	13.1	33.8	160	10.4	34	18.9	9	0	0.3	98.7	11.7	17.9	21.4
376	11.3	11.3	13	15.7	16.5	23	25.2	26.9	24.4	20.6	13.9	12.6	39.6	131.9	46.5	51	34.9	2.3	0.7	0	91.3	13.4	76.8	123.9
377	12.1	11.1	14.3	16.2	17.6	22.3	23.5	28.7	24.1	18.3	16.7	12.2	79.7	84.1	18.7	71.8	31.1	28.9	0.7	4.6	3.1	58.5	80.6	131.2
378	14.9	11.7	12	16.4	21.7	24	26.2	25.3	21.2	22.1	16.9	11.8	80.7	50.2	91.3	13.5	6.8	25.1	0	4.6	2.4	6	11.8	59.4
379	12.3	11	13	16.4	18.5	21.6	24.9	26	22.7	18.9	16.9	13.7	76.9	46.2	0.8	13.4	7.3	15.2	8.1	0	107.4	64.6	14.8	93
380	12	13.6	13.6	16.7	18.8	23.1	26.9	26.8	24.1	20.7	14.6	12.3	43.5	15.8	47.1	14.3	44.9	7.7	0	0.4	3.4	39.2	109.1	100.8
381	11.2	10.6	14	17.8	20.8	24.2	27.7	26.3	23.9	21.5	15.4	13.1	6.5	118.3	50.3	33.3	20.3	0.1	5.7	0.1	5.3	87.1	4.7	68.1
382	11.8	11.5	12.9	15.8	21.5	22.7	27.8	25.8	21.4	19.4	14.3	13	33.2	51.6	11.9	22.6	8.5	10.3	1.6	3.9	66.6	41	132.2	51.3
383	10.3	12.4	13.5	16.3	19.5	22.4	26.6	26.7	23.3	17.9	15	12.3	17.8	101.7	48.3	1.5	42.2	8	1.3	15.5	68.5	1.8	17.5	23
384	11.1	11.1	14.9	14.1	20.7	24.3	27.7	26.2	24.5	21.2	14.5	9.9	55	6.8	17.5	17.7	39.2	1.3	0.1	1.8	44.8	17.1	75.3	107.3
385	13.2	13.5	12.8	17.2	19.5	23.9	25.3	28.1	25.6	19.7	14.3	14.3	52.3	55.4	7.5	75.1	4.5	6.6	5.1	0.4	9.1	99.5	23.3	22.7
386	10.4	11.8	15	13.7	18.1	25.1	26.3	25.5	25.3	19.2	16	13.9	9.1	7	26.2	137.5	48.5	25	0	0	23.6	37.9	21.1	139.8
387	10.6	10.1	15	14.7	19.6	24.6	26.4	25.7	24.2	23	14.6	11.1	6.8	190.5	3	37.7	4.3	1.5	0.6	4.9	177.7	100.2	26.8	69.9
388	9.8	11.2	13.1	17.9	20.1	24.2	25.9	26.1	24.5	18.8	14.1	12.6	9.6	39.4	26.8	124.9	11.1	0.5	2.9	7.3	3.2	37.1	88.1	16
389	10.9	14.2	14.9	14.3	20.1	23.6	28.7	26.2	21.8	20.9	15.2	11.3	88.6	50.6	95.2	57.1	15.9	2.3	1.3	0.3	4.4	34.7	11.4	43.5
390	11.7	12.6	11.5	15.8	18.5	24	24.3	25.6	23	19.1	15.4	11.9	58.6	131.8	36.9	20.6	1.1	1.4	13	15	65.2	64.6	54.6	123.1
391	12.8	11.9	12.7	18	19	23	26.5	24.6	21.4	20.3	16.7	12.4	24.1	107.7	111.3	27.8	56.9	0.1	4.8	0	40.6	60.1	38.3	86.7
392	12.7	11.9	13.2	15.7	21.1	24.1	26.1	26.8	23.1	22.8	16.1	13.5	44.7	33.8	17.8	103.6	13.7	0.8	3.6	0	19.9	14.4	181.6	57.1
393	12.6	12.5	12	14.2	18.5	22.5	27.1	28.3	25.5	21.5	15.4	12.7	6.5	79	40.6	10.4	27.8	13.1	0.8	2.5	77	1.8	20.5	12.3
394	12	11.1	12.2	16.8	18.3	20.9	25.2	25	24.5	21.7	14.7	11.8	38.4	66.6	18.4	12.5	60.4	2.3	0.8	6.2	20.9	46.1	25.6	58.9
395	10	13.7	12.8	14.9	19.2	22.2	27.3	28.4	23.7	20.5	15.2	12.6	158.2	67.1	13.4	6.3	8.9	20.3	1.6	0.7	16.5	21.4	90.1	51.2
396	11.5	13.7	12.5	16.5	19.6	23.5	25.8	25.1	24.4	21.3	17.3	13.9	38.8	2.6	46.7	57.6	38.4	6.3	15.8	3.9	2.6	43.1	34.3	14.8
397	13.4	12.8	15.9	17.5	18.4	25.3	26.6	25.1	23.6	19.3	16	13.1	35.7	50	7.8	13.5	97.3	3.4	1.4	3.2	41.3	56.7	32.4	120.5
398	9.8	9.8	11.8	16.8	20.6	24.7	29	27.4	24.1	20.2	16.4	12.7	10.2	50.6	61.9	15.2	29.2	6.4	4.8	0.3	80.6	47.9	23	53.7
399	11.9	12.5	12.6	16.5	19	22.4	28.4	24.5	23.9	19.1	15.6	12.8	30.8	52.2	19.4	75	17.9	0.2	0	0.1	31	128.5	12.3	27.1
400	10.2	13.3	11.9	13.7	20	24	23.2	24.7	26.3	21.1	14.4	14	15.2	19.1	45.4	10.4	8.8	3.7	0	0	15.6	69.3	15.7	13.2
401	11	12.5	13	14.4	21.4	22.9	27.4	26.8	23.9	18.2	15	12.7	21.9	17.4	1.5	26.4	5	0.2	2.4	0	1.3	14.5	32.8	37.7
402	12.2	11.5	13.8	15.5	19.9	24.8	27.9	26.1	24	20.5	16	11.2	22.4	97.9	34.7	65	62.6	3	10.3	0.6	16.9	94	114	66.7
403	10.9	9.9	12.7	15.7	20.4	23.7	28.2	25.9	22.4	22.2	14.8	13.2	64.9	56.3	70.3	22	9.9	1.2	1.2	9	7.4	35.9	74.9	79.6
404	11	10.9	15.5	17.3	22.2	22.8	27.5	26.8	22.2	20	15.9	12.6	38.8	119.7	8.1	9.4	2.5	11.2	0.2	2.7	23.3	55.3	62.5	17.9
405	12.6	11.4	12.5	14.3	18.1	22.8	28.2	25.3	23.4	20.4	16.6	11.9	145.6	166.1	55.4	34.9	24.6	1.4	0.1	8.7	6.9	17.5	153.9	78.6
406	12.8	12.8	14	14.9	18.1	22.8	26.8	24.9	24.1	15.2	15.5	13.7	57.6	13	73.5	42.2	81.1	1.4	1.9	1.7	17.9	3.1	59.6	17.8
407	12.3	13.1	13.9	14.8	19.3	23.5	26.9	28.4	24.9	18	15.8	12	60.1	29	24.2	25.3	66	13.8	4.5	0	30.5	20.6	17.6	39.4
408	10.9	12.7	13.7	15.1	21.4	24.6	26.2	27.8	21.6	21.3	15.8	13	5.4	36.3	15.6	31.5	14.3	0.5	3.9	0	31.4	44.4	34	76.4
409	11.7	11.6	13.3	14.4	20.6	22.1	27.3	26.6	23.9	22	15.3	12.3	107.7	29.3	58.7	118.5	32	11.9	1.8	47.3	10.3	52.1	44.4	39.4
410	10.2	10.3	14.3	15.8	19.3	24.5	25.6	28.1	23.3	18.9	14.1	12.1	26.2	19.1	52.7	16.4	33.7	20	0	0.9	7	73.3	88.1	102.5
411	10.6	11.7	15	15.8	18.6	22.7	28.3	28.4	23.4	19.8	16.6	13.7	40.3	29.4	4.2	7.7	53.8	3.2	12.6	0.8	8.5	87.6	60	29.4
412	10.8	10.4	14.2	14.6	20.6	22.9	26.4	26.7	23.5	21.5	15.5	12.5	93.8	136.9	21	9	27.3	9.9	1.7	0	13.1	8.7	129.5	5.6
413	12	13.2	13.2	15	17.8	23.3	27.1	25.2	22.4	21.2	15.1	12.3	43.3	27.8	41.6	36.7	114	1.7	0.8	11.3	55.3	83	4.3	5.5
414	11.5	11.6	14	16.5	21.3	21.5	24.9	27.9	24.6	19.2	16.1	12.4	35.7	35.8	34.2	16.3	21.6	21.8	2	0.1	168.6	37.5	72.2	114.5
415	10	13.8	12.4	17	20.2	25.7	27.9	27.2	25.5	19	17	11.2	41.1	4.9	73.8	61.9	38.8	2.7	0.4	1.3	46.2	70.2	71.5	130.2
416	11.7	10.6	12.3	15.2	17.8	23.8	28.6	26.4	23	20.8	15.5	13.7	25.6	104.5	53.9	34.1	49.6	3.1	0.6	0	26.6	20.8	9.3	73.8
417	11.8	14.2	13.8	14.2	18.7	23.8	26.2	27.5	24.1	17.2	17.5	10.8	3.5	3.6	22	12.8	96.4	1.3	4.9	9.1	0.5	38.9	61.4	4
418	11	11.1	14.3	15.6	20.5	22.5	25.5	27.9	23.7	19.1	14.6	12.8	36	14.7	31.8	20.5	7.2	21.9	0.1	2.5	9.3	35.6	21.1	17.9
419	12.6	9.8	10.6	15.7	18.2	24.3	24	26.5	24.6	20.6	15.7	13	58	165	75.6	67.5	16.2	41.9	0.1	19.3	19.3	133	18.7	52.4
420	11.4	11.6	14	18	16.5	24	24	28.1	23.2	19.2	15	13.7	25.4	181.4	8.4	22.3	59.8	3.7	0.2	0	3.1	32.2	72.2	110.3
421	10.9	11	14.5	14.2	18.4	22.8	28.1	28.4	22.9	20.8	17.1	13.3	82.5	25.3	23.8	81	38.2	0.2	1.3	0	22.4	35.4	39.2	12.8
422	11.9	13.4	13.8	15.8	19.2	22.3	27.7	24.2	24.4	21.3	15.6	13.4	60	21.8	6.6	32.9	22.5	28	13.7	0.9	6.4	0.6	103.7	32.6
423	11.2	9.7	14.8	18.1	21.2	22	25.4	27.3	25.7	16.8	16.2	14.5	50.1	7.8	2.9	109.3	19.2	23.2	2.1	3.4	4.3	15.3	44.8	55.5
424	9.6	12.8	13.1	15.6	18.6	21.4	27.6	27.2	24.9	16.9	14.5	10.8	41.8	4.9	20	91.9	1.2	21.9	0.1	10.9	89.9	21.9	83.7	80.7
425	12.5	10.6	13.7	15.5	19.9	23.2	26.2	25.7	23.3	21.2	15.6	13.5	43	3.6	22.5	24.6	13.7	1.4	14.8	4.7	48.3	72.1	161.8	94.3
426	10.6	11.3	12.7	14.6	21.4	24.1	23.2	25.1	24.4	19	14.2	12	69.4	42.8	54.6	16.7	18	9.2	0.9	0.3	35	13	58.9	22.7
427	12.7	12.3	13.2	15.7	20.3	23.5	24.8	27.1	23.9	20.3	15	10	52.8	28.4	28.2	11.7	57	5.5	0.9	0.2	19.7	114	82.3	87.2
428	7.6	10.6	13.2	15.2	18.9	22.8	27.4	25.8	22.3	16.8	14.2	12.3	74.9	14.3	2.6	49.5	11.8	22.8	4.4	0.1	5.6	18.1	113.5	24.8
429	9.7	11.7	14.3	14.7	19.2	22.3	25.3	27	23.1	20.8	15.4	13.5	116.2	26.4	26.7	49.5	3.1	20.7	0	3.7	21.6	11.6	7.7	100.7
430	10.9	9.8	15.1	15.5	22.2	22.7	26	25.8	23.4	21.8	13.4	12.5	33	115.4	17.2	41.7	3.7	45.5	9.9	2.2	4.6	16.9	54.9	52.1
431	11.7	12	13.8	15.8	19.5	23.2	25.8	26.2	24	18.3	15.1	12	73.2	8.2	32.4	42	2.3	15.9	0.5	2.4	8.6	63.8	83.3	46.1
432	11.7	15.1	13.3	15.4	19.6	24.3	23.5	26.2	23.2	22.6	16.2	13.6	16.8	24.8	15.4	21.4	76.1	12.8	0.2	0.6	11	121.5	47.4	49.1
433	12.6	10.9	14.5	14.7	17.5	23.3	27.3	28.4	23.3	19.9	16.7	10.7	75.3	89.9	43.2	49	85.5	2.4	1	0.8	124.8	19	18.9	25.4
434	8.6	12.6	15.5	16.2	19.1	23.5	28.5	25.3	24.1	22.7	15.1	12.3	12.1	25.3	28.8	43.6	16.5	14.3	1.5	1.8	8.4	73.4	88.7	25.8
435	8.6	12	13.3	13.8	18.5	25	26.5	27.2	23.3	21.7	16.2	12.1	20.5	42.7	15.1	77.5	21.8	18.1	0	0	48.9	39.9	47.3	75.5
436	10.7	11.6	12.8	14.5	18.9	22.7	24.8	27.7	23.1	20.4	16	12.2	16.4	95.2	10.5	13.6	3.2	7.8	0.9	0.1	8	25.3	95.8	76.6
437	11.2	12	11.6	15.3	19	22.2	27.7	26.7	23.7	20.4	17	12.7	6	89.2	55.2	27.9	1.3	10.3	0.7	1.2	16.5	24.7	41.2	14.4
438	12.1	13.4	12.3	16	18.4	24.7	27.8	26.2	24.6	21.2	14.5	12.4	62.1	24.4	45.6	21.9	86.8	4.4	0	2.3	5	10.2	59.1	42.6
439	12.2	12	11.1	15.2	20.9	23.6	26.1	28.1	24.4	19.2	15.6	12.3	37.9	28.5	66.2	11.5	4.3	8.6	2.6	0.1	21.5	4.6	64.4	52.4
440	12.4	11.4	13.6	15.8	19.1	23.4	26.3	26.3	24	20.5	14.9	12	30.7	67.4	20.3	26.2	42	4	0.8	0.1	48	118.8	54.4	44.4
441	11	12.7	14.7	14.9	19.4	22.2	22.4	27.7	23.3	20.4	17.2	15.3	18.6	13.8	34.6	72.6	30.7	9	2.6	5.2	44.3	4.9	35.6	54.7
442	12.5	11.2	13.3	18.4	20.2	23.4	25.2	27.8	26.3	20.1	14.5	12.9	5.5	107.5	50.7	9.8	2.7	4.5	6.9	0	26.4	73.7	20.5	47.1
443	11.9	11.9	12.8	15.3	18.8	23.4	28.2	25.1	23.8	20.1	15.2	12.8	25.4	37.7	57	20.1	30.1	2.9	0.7	5.6	37.1	58	17.8	25.6
444	10.4	10.6	15.3	15.3	18.7	22.7	24.9	27.3	23	20.5	14	12.8	92.7	21.4	34.8	24.6	7	8.7	2.6	13	96.6	76.5	57.4	39.3
445	10.8	13.2	11.9	16.6	20.4	24.1	25.8	23.9	24.9	18.2	17.9	13.7	47.9	23.2	44.3	29.2	15.7	38.4	5.5	2.5	35.3	102.3	34.2	8.3
446	9.7	13.1	14.1	17.3	18.4	20.8	28.1	28.7	23.8	20	15.5	14.2	42.9	32.8	49.9	24.6	54.6	10	0.7	27.8	29.5	9.1	51.2	57.6
447	11.1	12.6	14.6	13.9	19.6	22.1	27.8	27.7	22.4	18.4	16.5	12.1	28.3	10.6	6.7	204.4	63.3	8.6	5.3	5.3	43.5	21.1	78.7	63.5
448	11.4	10.2	12.3	16.6	18.3	25.3	25.5	25.3	23.4	19.6	16.2	11.3	22	61.3	28.7	73.1	24.6	2.7	6.5	4	15	16.1	206.1	141.3
449	11.1	10.2	12.8	14.5	18.3	24.5	27.4	27.3	25	18	16.4	13	8.8	120.2	45	15.5	5.8	9.2	0.5	4.7	20.4	53.7	15.1	80.2
450	11.7	11.6	14.7	15.8	21.2	24.3	24.5	27.9	23.1	18.6	16.5	11.8	5.9	56.4	17.1	67	13	42.3	0.3	4.6	12.2	2.1	37.2	26.9