#header info#
39.25	#latitude; used for cacluating drought index in model bugmann#
5	#meter a.s.l. of climate station#

#temperature lapse rate with increasing altitude: #
-0.61	-0.64	-0.58	-0.60	-0.53	-0.44	-0.40	-0.48	-0.57	-0.53	-0.63	-0.64

#precipitation lapse rate with increasing altitude: #
8.19	6.74	6.91	6.83	3.78	1.68	0.99	1.28	3.95	6.34	8.80	11.12

100	#meter: corrections (see above) every x meter. #

#	mean monthly temperature (∞C) total monthly precipitation (mm) #
#year	jan.T	feb.T	mar.T	apr.T	may.T	jun.T	jul.T	aug.T	sep.T	oct.T	nov.T	dec.T	jan.P	feb.P	mar.P	apr.P	may.P	jun.P	jul.P	aug.P	sep.P	oct.P	nov.P	dec.P#
1	8.9	11.9	11.9	14.4	20.1	22.7	24.2	26.8	22.9	19.6	14.3	13.3	26.4	3.4	35.4	17.7	2.4	13.7	0	0	10.1	70.2	2.9	104.1
2	11	10.6	12.8	14.8	18.9	20.7	22.4	24.2	20.7	17	16	10.7	4.1	16.5	20.5	24.5	5.6	4.8	0	2.1	4.2	149.8	77.3	46.8
3	10.3	9.9	12.2	12	17.8	23.9	21.8	24.1	22.2	15.9	13.4	10.2	13	163.2	80.7	20	41.7	18	9.8	5.5	5.8	17.4	28.5	70.7
4	9.6	9.9	13.6	14	18.3	20.8	21.3	24.1	22.3	20.3	12.3	9.1	44.6	18.7	18.6	5.3	1.1	1.1	6.8	2.1	40.2	169.2	55.7	27.5
5	11.9	9	13.2	13.4	17.7	23.8	24.2	23.7	23.6	19.2	15.8	11	79.6	39.7	15.9	25.5	92.7	25.8	0.3	3.1	43.3	66.7	35.4	24.8
6	11.1	12.4	11.4	14	15.1	23	26.4	27.2	23.7	21.5	14.2	10.4	65.6	7	76.2	62.6	17.6	5.6	0	9.3	17.8	13.1	81.8	59.2
7	11.1	11.4	10.8	14.8	18.4	23.1	25.8	25.8	22.4	18.2	12.7	12.8	32.9	36.7	31.2	14.9	4.4	0.1	3.5	7	8	54.4	74	2.8
8	8.3	12.1	12.4	13.1	17.2	22.5	23.7	25.6	23.7	18.6	14.3	9.9	39.1	34.9	35.9	38.1	10.4	0.1	0	0	35.8	64.3	88.4	59.5
9	8.9	12.1	11.3	13.1	17.9	25.7	23.5	25.1	23.2	20.1	14.2	11.6	14.4	31.6	27.1	35.2	5.7	0.7	1.3	1.1	15.7	29.8	3.4	59.7
10	11.9	9.6	12.9	14.8	18.3	22.3	24	27.1	22.1	16.7	14.4	11.3	25.8	156.8	35.4	108.1	24.1	16.2	17.7	0	34.4	8.8	83.8	29
11	8.7	12.2	12.6	14.6	17.3	22.7	24.8	26.7	22.2	20.1	15.1	10.4	152.3	26.8	11.4	34.5	18.2	2.2	0.4	3.3	21.9	41.4	15.7	10
12	10.2	13.2	12.7	12.1	17.5	23.1	24.8	25	24.7	20.6	16.5	12.7	7.9	14.4	20.6	113	6.1	25	5.6	3.6	5.2	28	42.5	33.7
13	11.5	9.2	12.2	15.3	17.7	20.3	24.7	26.3	23.8	19	14.6	11.8	59.3	94.8	25.6	8.4	1.3	6.3	0.4	0	22.5	88.3	11.7	28.2
14	10.6	10	13.5	14.3	18	23.5	25.5	27.4	23.8	20.1	14.9	12.5	4.8	69.1	12.7	26.4	48.9	4.9	3.1	25.7	2.9	44.1	74.7	27.5
15	11	12.7	12.7	13.6	18.9	22.3	26.3	27.8	23.5	21.8	14.6	12.3	49.8	20	34.5	68.4	7.9	19.3	3.2	2.9	78	152.4	116.1	41.3
16	11.1	9.9	10	14.8	17.8	22.9	23.9	25.5	24.2	19.1	13.7	11.5	133.9	32.7	57.9	69	23.1	46.1	5.5	0.4	119.4	77.3	45.2	25.7
17	12.3	10.6	14.1	15.5	20	22.4	23.7	26.3	21	17.8	14.9	10.1	22.6	36	17.7	54.5	14	9.4	4.4	10.5	1	13.8	22.1	6.4
18	11.5	10.3	11.9	13.6	19.1	24.5	26.6	27.9	24.5	19.7	14.2	10.2	58.9	14.8	11.9	15.1	2.3	2.7	0	3.5	14.9	82.9	110.7	48.7
19	8.7	10.7	12.2	14.3	15.6	20.6	25.8	25.1	21.7	18.3	13.7	13.2	52.7	35.1	47.1	23.9	54	19.1	0.9	20.3	104.6	37.4	35.4	24
20	8.9	11.6	12.5	14	19.6	23	27.5	28.4	23	19.6	14	8.9	94.7	29.1	34.4	24.5	12.6	3.8	0.1	10.9	1.6	18.8	46.6	58.7
21	9.3	9.5	13.3	13.4	16.8	23.7	27.5	26.5	21.5	18.9	14.9	10.7	23.4	59.5	2.6	74.3	17.5	3.8	0.2	1.5	26.9	44.4	83.3	36.4
22	10.1	10.2	12.3	13.6	17.4	23.1	27.9	26.2	23.8	19.8	15.2	12.9	80.7	113.6	115.8	71.1	123.5	8.1	6.7	10.2	34.8	48.8	70.2	35.9
23	12.2	7.9	14.7	14.3	20	24.4	25.7	25.3	22.8	18.9	15.8	12.3	76	89	17.5	24.2	3.1	5.6	0.9	41.2	60.8	11	202.6	59.6
24	10.8	10.8	13.1	16	18.9	24	23.6	30.1	23.9	20.7	14.8	12.7	112.1	69.6	111.7	12.1	4.5	0.1	6.2	4.9	5	84.8	44.6	12.4
25	11.5	12.4	12.5	15	18.3	21.5	25.4	25.2	22.5	19.9	15.2	9.8	58.7	59.4	61.5	54.7	13.4	6.9	9.2	9.7	36.6	6	24.8	31.8
26	9.5	9.4	14.2	15.9	19	21.8	26.3	26.3	23.3	18.7	15.2	12	18.8	41.4	23.3	61.3	3.5	1.2	3.6	1.1	1.5	46.9	92.3	46.9
27	11.7	9.1	12.9	15.1	17.8	22.8	28.8	26.4	21.7	17.6	15.3	10.7	75.6	15.1	3.8	49.7	66.8	1.7	0.6	11	4.2	11.6	89.8	75.6
28	10	13.2	12.5	16.1	17.6	21.1	24.2	28.4	23.9	20.5	15	10.4	13.8	58.6	11.1	11.4	9.4	3.4	12.4	0	3	24.8	185.1	80.5
29	8.9	10.6	12.1	13.4	16.7	22.8	24.9	25.6	23	19.9	15.2	12.1	100.8	21.6	52.6	14.2	54	2.2	1.7	1.7	23.1	17.2	17.4	45.1
30	10.1	12.1	14	15.6	19.2	23.1	24.6	23.6	24.6	19.8	15	14.5	17.7	39.3	13.7	70.8	39.8	4.5	1.1	40.5	15.7	65.6	15.2	70.6
31	10.6	12.4	12.6	15.7	15	24.5	27.4	28.1	22.2	22.1	16.6	13.2	48.2	3.6	74.3	57.7	51.4	29.1	3.7	3.6	4.9	40	89.1	51.7
32	10.6	11.1	13.8	15	18.2	23	25	25.5	23.5	19.2	17.2	11.9	21.9	132.7	20.4	17.3	3.3	6.6	0	4	33.8	36.7	7.6	19.6
33	10.9	12.4	12.5	14.9	16.5	22.4	26.2	26.8	23.7	21.3	15.4	13.9	16.5	14.6	55.2	50.9	60.4	0.5	0	4.2	7	100.3	61.6	39.3
34	9.8	10.6	12.8	17.5	17	23.4	26.2	28.5	24.6	19.1	13.9	11.8	17.4	34.1	26.2	52.4	3.7	3.4	0.2	40.4	2.3	12.2	16.8	31.3
35	9.1	11	12.2	16.1	16.7	22.8	25.5	27.6	23.6	21.1	15.3	12.8	9.4	9.9	118.2	14.4	57.9	0.4	17.7	32.9	44.2	32.6	11.8	54.5
36	12.4	11.7	13.2	15	15.8	21.7	27.5	27.5	25.2	18	15.5	13.6	125.6	2.3	16	32.7	57.2	8.8	0.3	0.4	0.8	58.5	19.9	93.2
37	9.2	10.1	12.2	15.2	18.9	22.7	26.8	26	25.4	20.9	14.9	11.7	63.2	22.2	11.3	67.8	24.1	7.3	0.5	10.2	44.5	48	132	75.7
38	13.4	11.2	11.6	15.2	19.6	23.6	26.4	26.9	24.1	20.7	14.3	14.7	51.2	40.4	42.3	16.9	24.2	3.8	6.7	1.6	26.6	46.3	68.6	29
39	11.7	13.7	13.4	15.2	20.1	23.4	27.1	26.8	24.2	19.6	15.2	13.1	103.4	126.4	62.5	12.6	21.8	5.6	0	4.4	35.3	12	32.3	1.7
40	11.6	8.5	13.4	14.8	20.3	21.6	26.6	25.4	24.1	20	15.9	11.2	83.6	115.7	24.6	10	6.4	21.8	0.2	3.1	118.7	65.7	70.6	55.6
41	10.9	11.4	11.8	15.4	21.7	25.4	25.8	25.1	22.6	20.5	14.7	11.7	19.3	15.8	38	24.2	9.3	2.7	0	0.1	86.5	33.8	9	43.6
42	10.4	9.6	12.1	15.3	21	24.1	24.3	26.6	25.1	18.9	15.5	12	26.9	90.2	47.4	48.7	62.9	9.8	0.1	0	28.9	35.6	100.8	22.3
43	10.2	11.8	14.1	15.6	18	25.4	26.1	26.4	24.7	18.2	17.2	12.7	54.9	72	31	15.6	5.6	2.3	4	2.5	64.8	101.5	42.2	67.7
44	12.4	12.7	12	17.3	17.8	22.6	25.5	26.4	25.6	19.5	13.8	10.8	73.6	13.8	151.2	38.5	8.1	10.9	0.1	1.4	9.5	35	46	37.7
45	11.3	11.5	11.7	16	19	24.9	26.7	28.8	25.7	19.1	16.5	14.1	16.3	15.1	78.1	8.3	44.5	5.3	4.4	1.6	14.6	45.9	18.4	15.8
46	11.3	13.8	12.6	14	18.2	23.5	25.5	29	22.8	19.8	15	11.3	189.8	35.9	10.3	22.6	36.6	3.1	0.1	0	24.5	69.7	18.9	64.5
47	10	12.6	14.3	14.2	18.7	22	28.5	27.2	24.9	22.9	14.8	12.7	64.3	11.2	50.9	34.5	9.7	12	2.1	1.6	83.9	40.9	59.7	13.1
48	11.3	13	13.3	15.5	18.9	23.9	25.7	28.8	23	21.3	16	10.8	142.8	11.3	27.3	12	17.7	8.1	1.8	1.9	0	96.7	13.4	52.5
49	12.4	10.8	14.7	15	21.5	25	26.2	27.7	23.7	20.5	15.7	12.3	35.8	28.6	4.9	68.8	11.4	0.2	5.2	5.3	25.6	138.3	50.9	90.3
50	10.3	11.8	11.6	15.3	20	23.9	28.8	29.3	23.4	20.7	15.5	13.6	44.3	10.1	114.1	52.9	2.3	7.9	6.6	2.4	12.7	31.7	19.6	57.7
51	12.5	11.8	12.5	16.7	18.5	23.5	26.8	27.7	23.9	19.3	15.4	13.4	16.9	72.9	14.9	4	37	8	3.7	0.4	7.4	19.2	10.6	17.3
52	12.3	12.4	14.2	14.6	18.7	24.3	26.4	28.5	23.6	21.8	15.4	10.9	52.9	21.7	28.1	5.7	10.2	5	6.8	0	3.1	103.2	55.6	118.4
53	13.6	10.3	13.2	15.6	17.2	24.3	27.8	27.7	24.6	21.5	16.3	12.6	33.5	26.5	140.7	13.5	31.8	0.6	5.7	46.9	1.3	58.6	72.8	52.1
54	11.6	14.7	14.1	15.9	20.4	26.9	28.4	26.4	24.6	20.9	17.2	11.7	27.8	15.9	37.3	19	9.9	0.2	3.9	1.6	53.5	305	10.9	27.2
55	14	11.3	12.4	16.6	18.4	23	28.9	26.8	24.1	20.8	17	13.5	37.6	34.3	93.6	16.9	73	6.5	4.4	38.3	18	56	118.5	23.2
56	11.4	13	14.3	16	18.1	25.1	29	27	23.8	21	16.3	11.1	52.2	34.8	34.8	44.8	25.1	3.7	1.9	17.1	58.9	10.7	41.9	52.7
57	13.1	10.8	14.6	15.3	22.6	24.6	24.2	27.9	24.2	22.4	13.9	12.4	41.1	7.8	6	25.4	0	2.3	0	3.5	56	62.4	10.2	34.2
58	11.6	12.4	13.5	14.8	20.7	24.3	29.5	27.4	22.8	19.1	16.7	12.4	49.4	156.7	47.9	31.2	10.7	2.7	0.2	0	10.3	31.1	41.4	85.9
59	11.8	12.5	15.3	15.5	21.9	23.8	28.4	30.6	24.9	20.5	16.4	13.2	101.1	67.6	33.7	10.1	28.8	1.2	0	0	20.3	93.9	93.9	56.6
60	10.2	14.2	12.5	15.2	19.3	24.1	27.6	28.5	25.8	22.6	15.2	14.9	128.7	89.4	95.6	43.6	37.9	13.8	0.1	2.2	7.2	23.2	41.7	35.3
61	12.3	11.6	13.8	15.8	20.3	24.9	29.2	28.9	25.4	19.5	16.8	12.7	55.1	13	65.1	18.8	12.3	5.6	0.8	0.1	10.6	30.2	138.1	44.4
62	12	12.8	14.2	15.1	19.5	24.5	26.6	27	24.5	21	16.4	14.5	17.7	26.5	32.2	13.6	8.9	59.5	2.7	4.2	70.4	62.6	34.1	55.8
63	10.7	13.9	14.8	15.5	19.7	26.5	26.7	30.8	24.4	24.1	16.6	12.2	18.9	19	16.4	13.7	5.4	3.3	0.6	0.5	6.2	85.4	62.4	19.8
64	11.1	12.2	12.7	16.5	20.8	24	29.8	27.9	26	21.9	16	15.1	51	20	30.8	21.5	36.1	4.1	9	1	13.1	71.6	21.5	54.5
65	12.6	12.5	13	15.9	19.2	20.9	29.2	27.1	25.3	20.2	17.9	13.6	51.4	8.2	77.8	26.9	47.3	7.9	23.7	0	76.7	39.5	73.9	49.8
66	11.3	13.4	15.6	15.4	18.8	25.2	26	28.4	26.2	20.7	16.1	14.6	39.1	36	38	121.3	10.6	14.1	0	2.1	95	95.3	67.5	46.4
67	13.8	11.7	14	16.2	18.3	23	30.1	29.2	25.7	21.3	16.4	13.5	22.4	56.4	32.1	22.9	21.6	20.7	0.5	2.6	10.8	108.1	78	24.1
68	13.2	10.5	14.7	16.9	20.5	23.7	24.9	29.8	23.8	21.6	16.8	14.2	70.7	139.9	92.8	3.5	26.1	15.3	0.3	0.2	72.5	6.6	96.5	17.2
69	11.5	12.4	14.5	18.7	20.9	25.8	27.8	28	23.5	22.9	17.5	14.2	44.1	42	21	13.9	13.2	1.6	0.4	4.1	28.6	58.2	58	96.4
70	11.8	12.6	14.1	16.1	21.7	26.4	29.3	31.4	24.3	20.9	16.1	14.8	48.2	11.1	56.8	3.7	1.8	0.1	0.1	16.7	2.5	155.9	56.3	108.7
71	12.5	12.8	14.9	15.2	21	25.5	28	31	26	22.5	17.9	14.7	3.9	40.5	14.1	7.6	16.4	1.5	1.5	0.6	15.4	31.8	22.2	45.5
72	13.8	11.8	16.1	16.9	18.4	24.6	26.9	27.1	26.1	22.8	17.1	15.9	29.3	16.6	3.3	3.1	18.8	1	1.7	32.8	14.5	29.5	42.1	66.8
73	13.2	13.9	14.7	12.5	19.1	26.1	27.8	27.2	25.4	20.5	16	12.2	43.9	5	38.6	44.4	36.7	6.6	0.9	24.3	39.4	6.9	13.2	7.1
74	10.7	10.5	15.2	17.5	22.3	25.1	29.8	29.7	24.5	25	17	13.7	25.9	51	56.3	60.8	10.5	7.4	0.6	28.2	32	77.7	48.3	4.7
75	13.5	14.7	14.9	15.8	18.8	23.8	28.3	32.5	24.5	22.5	15.8	15.1	51.8	5.5	12.3	39.2	8.1	5.8	0.3	0	48.4	37.4	66.7	24.8
76	14.9	14.7	11.9	18.4	20.2	25.3	33.7	31.5	27.1	21.1	17.2	14.6	55.9	56.1	35.8	11.5	68.9	9.9	8.2	0	3.3	26.6	65.2	36
77	12.6	14	14.7	17	20.8	26.1	26.8	27.1	27.2	23	17.9	15	47.6	45.1	28.1	27.1	9.7	1	0	12.8	1.9	13.9	63.3	75.5
78	13.5	12	15	17.9	22.7	26.1	28.6	29.9	27.5	22.6	16.6	14.4	59.8	63.9	72.6	20.2	20.3	46.5	11.9	11	45.7	100.9	87.5	45.5
79	12.5	15.1	15.9	18	20.8	27.5	28.9	32.2	27.6	21.7	17.3	15.2	7.6	12.9	20.1	20.7	23.2	8.9	6.3	0.1	1.2	32.6	110.5	5.4
80	14.7	14.2	15.5	16.4	19	25.5	30	29.2	26.2	22.8	16.6	14.6	55.4	27.5	27.5	18.5	24.6	0.5	1.1	0.2	18	4.6	28.1	41.7
81	12.6	12.5	15.3	18.1	22.5	24.1	29.6	28.9	28.3	19.9	16.3	15.5	59.2	37.5	29.8	5.3	10.9	1.6	0.1	0	2	51.6	21.4	39.5
82	12.3	12.3	14.7	17.2	19.5	24	27.7	29.4	24.5	22.7	17	14.6	89.2	79.7	21.4	6.9	9.9	0.3	1.3	2.2	56	163.8	6.4	49.8
83	12.5	13.8	12.9	17.2	22	22.3	32.6	27.7	26.9	21.3	17.1	12.5	40.5	26.3	27.5	18.9	12.2	4.7	3.5	1.6	9.7	60.9	145.2	49
84	13.2	15	15.7	18	19.6	25.8	31.3	28.5	27.8	23	15.5	13.7	56.6	40.7	48.8	16.9	90	21.7	0	20.5	9.9	28.1	39.8	76.7
85	11.7	13.6	14.5	17.3	23.6	24.7	28.2	31.5	28.8	24.4	17.5	15.4	132.1	57.5	99.5	35.2	57.1	2.5	13.6	1.2	11.4	49	49.5	22.8
86	13.4	12.9	13.9	17.7	17.6	27.9	29.1	27	28.5	21.9	17.9	13.7	8.6	52.4	18.5	27.2	32.1	8.5	16.5	0.7	6	9.1	29	41.4
87	13.2	12.9	15.2	16.9	21.7	25.6	29.9	32.3	26.9	25.1	18.6	14	94.7	96.9	37.9	45.1	1.1	3.4	5.9	9.4	20.8	98.7	71.5	55.8
88	12.7	17.6	15.1	15.5	22.1	25.3	30.1	28.8	27.8	22.3	18.8	15.4	25.7	8.8	24.1	30.8	7.4	3.7	8	59.4	27.9	102.6	30.2	36.5
89	12.3	13.9	15	16.3	20.8	27.1	29.4	31.9	29.8	24.2	16.8	14.9	28.8	34.2	42.7	23.7	46.4	10	19.7	0.3	14.7	63.5	77.9	43.5
90	15.7	9.7	14.8	16.4	20.5	26.2	29.2	32.2	26	23.1	16.5	14.8	113.2	88.8	3.2	19.2	19.6	2.9	2.9	0	6.8	106.8	46	17.5
91	13.5	14.4	15.4	17.3	21.1	28.1	28.8	31.2	27.4	21.4	17.5	16.4	45.5	32.6	10.7	7.8	27	7.9	0.1	2.2	37.1	24.1	20.9	140.8
92	13	16.3	15.3	16.3	21.2	28.5	31.7	28.4	26.9	23.1	17.4	15.3	39.7	14.2	50.9	15.3	13.5	1.4	8.6	3.5	20.2	18.3	104.3	86
93	14.9	14.6	15.5	17.4	21	25.4	31.9	31.2	27.8	21.5	18	16.7	53.8	29.2	47.7	15.1	63.6	4.2	1.1	4.6	22	27.3	23.3	21.9
94	13.2	13.9	16.3	17.9	17.6	24.6	30.5	31.8	24.8	24.7	18.7	12.9	10	57.9	61.7	81.9	105	1.1	1.2	0.6	12.1	62.2	30.9	15.1
95	13.8	13	17.4	18.2	23.8	26.3	30.6	31.3	28.2	21.4	19.4	14.5	11.8	44.6	14.1	4.7	18.9	6.4	6.2	0.6	28.7	10.5	52	41
96	12.6	12	15.2	20.3	23.7	26.9	31.1	28.2	28.3	22.9	16.6	16.8	42.9	43	81.9	24.5	6.9	40.1	7.9	24.7	28.9	6.2	49.3	97.1
97	15.5	14.6	14.9	18	22	25.9	30.9	29	27.3	21.2	17.8	15.2	55.3	7.1	47.3	66.7	34.3	14.9	2.7	4.8	9.8	248.1	129.7	65.1
98	13.2	13.8	15.9	16.1	21.8	27.6	30.5	29	25.3	22.5	18.1	14.4	73	47.9	25.2	49.6	19.7	0.1	0	0.1	28.1	62.4	25.5	15.3
99	15.7	13.8	16.2	16.9	21.5	24.6	29.9	30	27.8	23.2	17.9	16	22	89.8	35.3	58.4	66.1	24.3	2.1	3.2	12.6	23.1	9.2	59.6
100	14.8	14.2	14.3	17.2	21.7	25.6	30.4	30.7	27.7	23.7	18	14.7	53.7	6.2	46.6	19.3	0.1	1.3	4.4	0.1	0.4	25.5	75.7	10.1
101	12	15.1	14.1	17.5	22.6	27.7	31.4	31.8	27.7	21.4	18.1	15.7	23.9	11.5	63.6	88.3	16.5	2.8	6.4	6.9	11.3	70	53.3	17.1
102	11.6	13	16.4	19.7	23.7	26.2	30.3	30.3	28.2	23.4	18.1	14.2	57.3	36.2	27.6	34	6.9	26.7	0.6	26.2	6.5	35.6	48.3	43.9
103	12.1	16.6	15.5	18.2	22.2	25	29	32	28.4	23.3	15.8	14.7	6.3	2.5	0.9	60.6	11	17.1	2.3	4	2.1	42	42.6	41.8
104	15.1	12.4	14.1	17.3	22.2	25.3	30.6	30.3	27.5	27	16.4	13.7	55.4	57.6	24.1	2.4	8.6	18.3	0.2	0	16.4	71.9	34.6	122.1
105	12.3	13.9	13.7	17.1	19.3	26.2	29.8	31.7	28	24.7	19.7	17.5	46.4	61.3	24.2	7.5	54.5	11.3	9.3	1.3	2.7	65.2	63.9	51.3
106	14.8	12.5	16.7	18.4	20.9	28.2	31.7	30.2	27.9	23.7	18.3	14.9	52.1	70.9	36.1	21.4	38.2	35.5	16	5.3	15.9	75.9	6.5	16.7
107	14.3	18.3	14.7	15.7	23.1	29.2	31.2	29.3	27.5	23.9	18.5	14.7	20.7	20.8	42	16.4	24.5	0.1	0.3	21.2	6.9	28.2	91.7	36.3
108	12.9	15	14.4	17.5	20.1	27.4	31	29.5	28.2	23.2	17.8	16.3	30.3	78.6	14.4	84.5	37.9	9.3	1.6	1.8	31	48.1	61.2	13.7
109	13.3	12.2	14.7	16.8	22.5	26.8	28.3	28.8	25.9	22.9	18.3	15.2	41.2	41	39.6	35.7	12.4	2	0	2.9	10	49	46.1	31
110	12.5	13	14.4	18	21.6	26.6	32.3	30.6	27.6	24.2	18.5	16.3	9.7	165.3	4.6	19.5	19.4	1.9	0	2.7	45.6	4.3	47.5	38
111	14.7	14.4	16.6	16.8	22.2	28.7	31.5	32.7	27.1	22.2	18.7	15.4	39.6	29.6	21.9	6	29.3	4.5	0.4	0.2	28.7	24.2	7.7	32.2
112	14.3	13.7	15.2	16.5	21.2	29.7	30.4	31	26.8	22.1	16	14.5	64	81.5	20.4	57.2	41.6	18.2	0.5	6.5	26.1	36.7	12.7	48.1
113	14.6	15.1	15	17.2	20.7	28.1	27.9	31.2	25.4	23.9	17.5	15.9	143.9	12.6	9.1	4.3	1.3	9	0.9	17.1	37.3	122.6	13.1	59.6
114	13.8	15.5	15.7	18	20.4	29.8	27.2	32.8	27.7	22.4	18.6	14.2	13.4	25.5	17.9	8.9	27	2.8	2.5	0	44.1	13.6	57.2	65.6
115	13.3	15.2	12.3	18.2	20.2	27.9	27.9	32.3	29.1	23.7	17.7	14.2	32.3	18.4	3.5	23.1	21.8	0.2	0	0.4	8.4	18	34.3	4.6
116	12.8	13.4	13.7	17.1	23.1	26.6	29.9	32	27.8	22.1	17.4	17.1	37.5	29.1	68.4	19.4	12.7	17.5	4.3	0	32.2	43.2	44.7	41.6
117	12.7	14.3	13.4	17.6	21.4	26.7	31.7	31.9	26.9	22.6	18.2	15.4	48.7	14	68.2	29.4	26	8.2	1.8	0	1.7	174.4	16	22.8
118	12.1	13.8	14.8	16.3	22.5	25.2	29.3	31.1	28.8	23.3	17	15	25.8	24.4	17.2	10.9	11.6	2.3	2.3	1.3	31.1	69.3	47.1	91.2
119	14	12.2	15.6	17.6	21.8	27	29.1	32	28.8	25.7	18.9	15.2	49.7	34.4	27.8	21.1	9.3	1.1	0.1	7.2	12.9	88.4	61.5	50.6
120	13.9	13.3	14.8	15.7	23.3	27.6	30	29.1	27.5	20.1	18.2	15.1	36.7	8.7	8.2	23.6	7.4	1	0	2.4	34	45.7	10.6	43
121	15	11.7	14.4	17.6	23.1	25.7	28.3	30.5	27.6	21.1	16.5	16.6	37.3	84.3	13	94	12.9	4.1	0	14.4	22.1	57.4	112.1	63.4
122	13	13.7	15.1	17.2	20.7	29	27.9	31.9	28	23.7	18.9	14.8	21.5	75.1	31.3	11.5	50	2.2	0	0.2	3.5	50.9	1.9	13.5
123	13.7	13.5	16.4	17.9	23.7	25.8	30.9	31.3	27.1	21.6	18.2	15.4	5	16.7	44.8	17	0.1	9.2	15.8	17.4	0	27.3	16.6	23.5
124	12.5	16.1	14.8	17.7	22.3	25.1	28.5	29.8	28.3	21.4	16.9	14.8	8.5	2.6	23.7	45.5	4.7	2.1	2.8	0.7	56.7	12.1	116.7	58.8
125	13.4	13.5	16.3	17	23.6	28.7	29.6	31.2	27.1	24.7	18	15.5	61.3	13.7	52.3	17.5	0.5	5.4	0	0	46.1	50	13.1	4.9
126	11.7	14.4	15.8	18.4	23	27.1	31	29.8	28	22.6	19.4	14.5	3.8	60.8	3.7	5.6	13.4	19	0.3	0.1	62.6	47.6	109.6	63.6
127	12	13.4	14.1	17.7	22	24.9	29.1	30.7	28.2	22	19.6	15.5	48	13.8	50.4	50.1	48.6	1.8	2.3	0	5.5	61	116	56.5
128	14.3	12.4	14.6	17.2	19.8	27.2	30.1	29.6	27.1	24.1	18.8	15	23.7	74.4	75.3	95	20.7	0.2	0.7	20.8	35.1	24.5	127	9.6
129	14.8	15.8	15.7	19.1	20.1	26.8	31.1	32	26.9	24.1	17	15.3	34.2	40.2	37.4	23	2.3	32.7	4.3	2.5	31.1	11.4	12.3	139.3
130	12.9	14.8	15.1	18.6	21.5	28.7	28.5	31	28.2	23.4	19.5	13.6	32.4	15	25.6	33.2	7.5	0.4	0	0.6	10.4	31.6	65.3	37.9
131	12.5	14.2	14.9	18.3	23.3	27.3	29.1	31.6	27.7	23	19.8	14.7	30.2	23.1	48.3	16.4	6.7	9.9	0.1	0	25.8	2.1	62.1	11.2
132	14.2	13.3	17.5	15.2	23.8	25.6	27.5	33	27.5	24	18.5	15.3	123.4	43	20.4	21	11.9	41.2	4.9	1	21.8	99.8	45.9	46.2
133	13.8	13	14.9	15.9	23.3	26.3	29.2	31.7	26.8	23.6	17.1	15.5	76.2	119.6	12.2	19.6	4.2	23.3	0.2	0.3	26.9	41.4	20.5	13.5
134	14.3	14.8	15.1	18.3	22.8	27.4	30.4	31.1	27.2	23	18.4	16.3	58.1	59	35.1	49.6	41.4	1.3	2.5	2.3	9.3	27.7	17.1	28
135	13.2	15	16.6	17	22.4	26.7	28.7	28.9	26.8	24.2	17.5	17.1	29.1	20.3	5	11.5	19.2	0.5	0.8	0	9.8	23.7	55.2	140.4
136	13.2	14.5	16.2	17.1	21.7	25.9	30.1	29.8	26.8	23.8	16.5	14.2	39.5	15.1	2.8	46.5	6.8	11	4.7	32.9	3.6	13	35.5	14.3
137	14.1	14.3	13.6	17.3	19.6	26.7	30.4	31.8	28.4	24	19	13.7	10.5	17	67.3	49.8	70.1	0.1	0	14.7	10.2	156.1	5.4	56.8
138	13.6	13.3	13.2	17.5	23.5	27.9	27.5	30.1	27.7	22.8	17.4	12.6	13.5	51.5	26.3	6.1	26.6	3	0	13.3	19.3	6.3	91.4	27.1
139	11.6	11.6	16.6	17	21.8	29.1	29	33.5	27.7	22	17	13.2	15.6	46.6	5.9	62.7	46.7	0.8	3.3	0.2	34.1	139.5	38.2	34
140	11.7	14.3	15.8	18	20.9	26.6	30.8	29.3	28.1	21.6	18.6	15.4	21.2	14.6	62	12.7	85.9	8.6	7.1	1.2	32.2	50	12.8	57.5
141	10.7	14.1	14.8	16.6	22.2	25	30.7	30.9	26.6	22.2	18.8	16.6	10.7	39.9	13.6	16.9	16.4	4.5	1.3	0	36.1	64.9	161.9	13.1
142	14.6	12.5	13.2	18.3	20.5	27.1	30.1	33.1	26.7	21.6	18.6	14.3	11.4	20.3	25.2	30.6	15.3	7.8	0.9	0.6	53.7	13.8	58	42.1
143	12.9	15.6	15.1	18.1	18.7	25	32.6	29.9	27.3	24.1	17	16.5	70.9	2.1	22.2	62.6	35.9	7.8	3.8	3.6	11.5	18.3	38.1	141.5
144	12.8	17.2	16	17.2	20.4	25.7	32.9	29.3	28	24.5	18.9	13.1	8.5	31.9	13.7	25.5	20.4	0.8	5.4	1.4	30.2	71	121.9	54.2
145	15	12.7	16.5	18.2	21.8	24.8	30	31	30.2	20.6	17.9	16.9	42.1	15.5	150.2	30.9	24.1	1	1.4	1.7	0.7	37.9	91.7	27
146	15.5	14.8	14.3	15.8	22.6	27.7	30.5	32.3	27.8	21.9	18	15.3	16.9	12.9	39.8	36.6	27.8	0	8.5	0	15.9	75.7	54.4	34.8
147	12.4	15.6	16.2	17.8	21.9	26.4	33.6	32.8	27.4	21.6	18	15.4	10	63.9	10.7	60.9	23.7	8.4	10.2	3.7	26.9	46.2	60.8	39
148	13.4	14.4	13.4	17.6	21.4	25.5	32.2	30.7	27.4	23.7	16.9	14.8	3.4	20.3	35.1	19.8	30.2	6.8	0	14.6	9	78.4	10.7	49.6
149	14	12.3	15	18.1	20.7	27.9	30.3	28.9	28.2	22	19.1	16.4	7.2	57.1	15.6	15	15.7	1.5	0.7	5.4	3.7	24	57	60.6
150	11.6	13.4	14	16.4	21.7	27.5	29.4	32.9	25.9	21.7	17.9	15.9	76.4	15.1	5	6	11	42.4	0.8	0.6	6	48	37.4	108.7
151	13	15.1	13.9	17	23.4	24	27.3	30.7	28.3	23	18.5	16.7	17.2	20	61.2	56.3	11.6	2.7	1.7	1.9	59.6	73.1	68.7	108.5
152	13.9	12.4	15.1	19.1	19.7	24.3	30.1	30.7	27.3	23.3	18.5	14.1	12.2	7.7	218	5.1	42.1	10.9	0	0	45.8	9.4	26.3	24.9
153	14.2	13.8	14.2	16.4	23.2	26.5	29.7	29.3	28.2	21.1	19.8	14.8	26.2	29.8	82.3	83.3	0.5	9.6	0	10.2	10.8	81.8	57	48.2
154	13.7	13	15.6	18.6	21.7	29	32	33.6	27.4	23.6	17.7	15.9	22.4	141.9	22.4	40.8	8.1	0.2	2.3	0.1	0	7.4	47.2	44.4
155	13.5	13.2	16.4	18.2	22.3	26.2	30.3	29	26.3	23.1	18.1	13.6	11.6	53.5	26.7	23.2	11.5	1.4	6.7	23.3	29	23.6	104	120.8
156	14.5	14	16.5	18.6	23.7	26.6	29.2	29.6	25.7	24	17.7	13.8	100	29.9	40.2	17.7	9.7	7.4	1.9	1.3	27.8	26.7	34.2	72.5
157	15.5	13.2	16.9	17	21.3	28.1	30.4	30.3	29.6	24.2	18.3	13.2	45.4	80.4	17.1	117.8	8	0.4	3.3	2.3	3.5	16.7	97.9	89.6
158	12.9	11.8	15.7	17.7	22.5	26.6	31.7	30.9	27	22	17.2	15.4	9.9	24.1	17.9	3.9	51.1	3.8	1.1	10.2	32.2	2.2	9	3.5
159	15.4	14.6	13.6	17.7	22	27.6	28.8	31.4	26.2	21.8	17	14	122.7	16	21.7	16.1	8.2	19.7	2.3	0.2	53.4	85.5	15.5	9.7
160	12.5	15.3	15.7	17.8	21.3	27	28.6	30.1	26.4	23.9	18.8	15.4	40.9	13.3	15	28	28	2.2	0.8	15.7	33	129.9	26.3	38.9
161	12.4	13.2	14.7	19.3	22.5	26.5	28.1	30.4	25.7	21.4	19.5	14.2	27.2	142.7	24.6	39.2	14.1	9.9	0.2	2.5	3.3	53.2	46.5	32.1
162	13.9	13	15.4	18.1	20.3	26.5	31.5	29.5	25.8	22.5	17.9	13.3	29.3	77.7	42.8	15.4	9.4	3.4	0	0	31.7	22.4	22.3	54.7
163	14.9	15.7	14.3	17.1	20.4	26.7	32.2	30.7	26.3	24	18.4	12.6	11.5	46.5	26.8	11.8	17.3	0.9	0	10.9	8	34.1	116.5	58.1
164	13.3	12.7	13.1	17.5	20.5	24.7	33.1	30.4	27.9	20.4	17.5	16	21.7	67.8	67	27.4	14	6.8	0.9	9.2	27.6	80	20.1	12.1
165	12.2	15.1	14.9	17.6	21.5	27.8	29.7	30.6	25.6	23.1	19	14.8	32.3	3.1	50.4	23.8	15.4	5	1.1	6.7	67.6	15.4	96.4	56.5
166	11.9	13.9	14.5	17.2	21.2	26.9	29.5	31.8	28.4	21.5	20.5	13.8	6.8	23.2	67.9	12.4	103	10	5.9	6.2	47.5	40	46.1	64.5
167	13.1	16.1	14.4	17.7	23.4	27.3	29.9	29.8	26.8	22	17.3	13.7	31.1	45.1	38.4	19.3	12.4	2.3	3.3	23.9	1.3	4	20.9	70.7
168	11.9	13.8	13.4	18.6	21.1	26.2	32.4	31.7	24.9	23.7	18.9	14.5	9.6	8	57.2	26.9	49.6	12.5	9.8	0.3	57.4	65.9	43.3	4.7
169	13.4	12.1	13.7	16.1	20.6	28.2	29.2	30.9	29.2	22.5	18.1	12.7	48.5	95.6	20.3	11.8	30.5	7.2	2.4	0.8	6.2	59.5	69.8	151.5
170	13.2	13.9	16.5	16.3	23.3	26.6	28.4	30.7	27.4	21.4	18.5	16.8	42.6	14.7	19.1	22.5	3.3	4.6	9.6	0.1	16.7	21.7	106.7	40.1
171	13.2	13.5	15.4	16.4	22.4	27.3	27.5	32.9	27.5	21.6	17.8	16	99.8	28.7	114.7	9.2	48.4	6.9	1.4	0	103.6	44	7.7	19.3
172	13.8	14.9	15.3	16.6	21.2	28.5	30	30.1	28	23.5	18.7	15.9	60.1	85.8	19.7	35.3	26.9	1.6	0.9	3.2	9.5	5.2	27.9	138.9
173	14.5	13.3	14.7	17.3	22.6	28.9	30.3	30.1	28.1	21.3	17.8	12.8	26.9	106.1	2.4	14.6	1.5	8.8	0.3	0	15.6	48.7	111.3	60.6
174	13	13.7	16.7	18.2	22.3	26.4	29.2	32.1	26.8	22.5	18.7	13.7	118.4	3.8	2.1	40.9	35.2	24.5	0	9	7.8	78.1	69.1	25.6
175	14.1	14.1	16.1	17.3	20	28.2	28.4	27.4	28	21.7	17.1	14.2	18.8	3.6	33	3.4	13.5	23.8	0	0.8	6.6	32.1	77.2	82.6
176	15.5	14.4	14.7	17.1	21.6	25.2	33.2	28.8	29.4	23.3	16.2	16.5	25.8	27.9	2.5	139.8	9.4	1	4.8	9.3	2.9	23.9	57.2	35
177	13.5	12.3	14.6	17.7	21.5	26.9	28.6	29.9	29.2	23.3	18.4	15.1	23.5	51.1	105.7	6.1	39.1	7.6	0.1	3.5	0.1	21.7	54.4	35.5
178	14.8	16.1	15.4	18	22.5	27.8	31.1	30.5	27.9	23.1	16.9	15.1	19.9	10.2	5.9	67.7	19.8	4.6	1.8	4.7	27.2	47.5	84	13.8
179	13.2	12	15.2	19.3	22.3	28.1	31.8	31.9	27.3	22.4	19	13.9	7.8	22.9	21.9	11.4	14.6	0.2	0	1.1	6.9	21.9	63.3	139.3
180	13	14.1	15.1	18.3	21.3	26.5	26.9	30.5	25.5	23.2	18	14.8	41.3	50.7	32.4	65.1	16.3	8.6	0.3	29.8	58	56.8	50.9	56.2
181	13.6	10.8	16	19.7	21.5	27.1	28.6	33.1	26.5	21.7	18.3	15.6	63.6	75.8	24.8	8.4	17.9	2.7	0.8	0.1	6.1	23.3	22.9	54.4
182	12	12.7	14.1	17.9	19.4	27.8	26.9	32.4	26.3	21.6	20.4	14.5	15	37.8	28	78.6	50.6	0.6	15.8	7.6	73	23.8	21.6	21.9
183	13.6	12.1	14.6	18.9	20	27.9	31.3	29.6	27.8	22.4	18.5	15.8	38	51.9	53.8	5.7	36.2	1.6	6.4	0.7	5.9	59.4	2.3	74.7
184	14.2	14.7	16.6	18.2	21	24.6	29.1	29.6	27.5	23.1	18.1	15.2	39.7	32.7	9	26.2	35.5	39.7	0	1.9	28.8	36.7	65.6	18.4
185	14.2	14.4	14.7	17.9	22.2	27.4	32.3	29.5	27.2	22.9	18.2	15.5	17.9	32.7	59.1	92.2	27.4	10.4	5.2	0.8	12.7	78.6	64	142.9
186	13.1	17.4	12.5	17.4	20.7	27.4	32.1	30.9	25.6	24.2	19.3	15	52.6	8.1	184.6	12.9	11.4	0.4	2.5	0.8	52.1	11	19.4	30
187	14.1	14.3	14.6	17.7	22.8	25.5	28.4	29.4	28.3	22.8	18.5	14.5	23.8	42.8	44.7	8.4	10.8	1.6	1	0.8	19.6	46	64.2	45.8
188	15.4	14.1	15.6	16.6	22.7	25.8	29.7	33.6	28.5	25.3	19.3	15.6	58.4	66.6	26	27.4	21.6	4.4	1.1	2.4	16.9	77.8	38.5	20.6
189	11.9	15.3	15.3	17.8	22.8	28	28.1	32.2	28.1	23.9	18.3	15.6	50.4	68.8	149.8	35.7	16.6	7.9	0.9	0.5	67.3	58.4	59.3	43.9
190	13.5	13.1	17.2	17.2	20.1	29.3	30	31.6	28.1	24.3	17.8	14.6	61.7	69.4	1.6	70.7	24.8	0	0.1	3.6	30.7	14.2	112.1	13.4
191	12.9	11.9	16.1	16.7	21.3	24.4	32	30.8	28.3	23.5	17.9	15.9	157.6	48.8	72.1	28.1	20.5	22.6	0.1	0.2	67.1	6.5	75.3	38.2
192	15.3	14.4	15.8	16.9	21.4	27	29.7	30.3	26.5	22.7	18.4	15.1	47.7	24.3	4.9	32.7	9.5	5.2	0.8	0.2	14.6	23.6	31.8	157.4
193	13.1	12.3	14.7	18.4	20.6	25.8	32.1	28	27.1	22.5	17.3	16.2	19	65.4	74.7	37.8	26.6	24.2	5.1	19.4	4.6	58.6	67.1	43.8
194	13.2	13.3	14.4	18.6	22.9	27	29.9	30.6	27.1	21.2	18.3	14.6	37	66.1	66.9	30.4	6.3	0	0	20	19.8	22.6	95.3	50.5
195	12.9	15.7	14.1	18.1	22	27.1	31.3	30.5	29.3	22.6	19.1	13.9	30.8	43.5	21.6	27.8	5.4	0.2	5.5	57.2	75.4	33.8	38.9	31.4
196	13.1	14.8	16.9	17.6	23.8	26.2	32.2	29	26.5	21.4	16.7	13.6	59.5	20.8	2.1	13.5	16.5	7.7	1.2	0.6	12.2	73	19.3	115.6
197	13.4	15	16.3	17.8	21.5	25.8	30.9	30.9	25.6	22.1	19.2	16.6	50.1	45.3	32.5	33.6	49.3	3.7	0.1	0.5	143.4	64.4	46.1	24.3
198	11.9	14.6	16	18.7	21	27.6	29.7	30.6	28.6	19.7	16.4	15.4	36.7	20.5	6.4	26	13.7	0.3	0.1	8.3	8.6	83	41.7	111.8
199	14.6	14.6	16.2	17.3	21.1	27	29.6	32	25.7	23.6	16	16.6	46.2	29.5	8	4.5	69.2	4.3	17.2	1.8	10.8	29	126.1	67.2
200	12.1	13.2	15.2	17.8	21.8	25.5	28.3	30.6	27.2	24	17.7	15.1	22.9	55.8	26.5	1.9	22.9	5	1.6	1.1	1.7	14.6	32.1	76.6
201	13.6	12.9	14.9	17.9	21.8	27.3	30.6	32.2	26.4	24.1	17.1	14.5	64.1	22.5	9.7	52.6	3.3	10.8	0.1	0	44.6	2.1	60.8	19.4
202	13.8	11.3	15.4	17.7	23.4	25.7	30.7	30	26.7	22.2	16.2	15.9	37.4	68.3	93.8	12.1	4.8	12.9	0.1	0.5	12	29.6	60.1	18.6
203	13.1	13.2	14.7	16.6	22.4	26	27.9	32	27	23.8	17.6	16	74.5	101.6	22.2	15.2	23.5	1.5	0	4.1	31.8	10.3	51.3	35.3
204	13.7	16.4	17.3	16.2	19.1	27.2	31.7	31.9	28.3	21.7	16.5	13.5	20.6	6.6	3.9	36.7	25	4.6	1.7	2.1	10	28.2	59.8	3.6
205	14	14.1	14	17.6	21.7	23.9	29.4	30.4	28.8	22.6	17.7	15.3	19.1	11.8	23.4	12.8	5.6	1.7	13.6	0.6	6.9	79.9	27.4	29.6
206	13.8	13.5	17.1	16.8	21.8	27.2	32.8	28.5	26.4	23.3	18.7	14.2	24.7	14.3	13.2	60.9	21.2	7.5	4.4	15.1	65.9	94.5	71.7	50.2
207	13.1	13.4	13.8	18.1	21.5	28.8	28.3	30	27.1	22.4	17.5	14.8	36.3	23.4	104.4	7.2	4.9	0.2	3.7	5.5	0.1	40.1	60.7	51.1
208	13	12.8	15.5	16	19.7	25	29.4	31.9	26.7	22.6	17.7	14.2	37.1	37.1	17.8	4.2	16.8	1.7	0	0	15.6	48.7	20.1	38.9
209	13.2	13.1	14.6	18.3	19.5	26.3	29.4	30	28.8	23.3	20.4	12.8	3.7	43.2	21.6	11.7	35.2	9.9	0	11	3.1	26.8	5.8	118.7
210	14.4	12.7	15.5	17.5	21.2	28.5	31	32.8	28	20.7	17.9	15.6	6.2	49.3	43.3	29.1	20.4	5.4	4.4	0.8	40.4	9	35.8	50.6
211	13.5	14.5	15.8	17.8	24.1	27.1	31.3	31	27.5	22.9	16.5	14.6	23.7	24.8	14.9	34.7	17.6	1.8	13.9	7.5	41.3	26.8	19	44.6
212	12	15.9	15.8	17.1	21.2	27.1	29.1	30.5	27.8	22.2	18.4	16.4	19.7	16.7	7.1	7.6	1.8	17.5	0.2	11.6	10.5	102.7	35.1	44.6
213	12.8	16.5	15.3	17.6	20.4	27.2	30.6	29.5	26.9	22.7	18.4	15.9	31.3	6	47.4	66.1	10.5	11.5	0.5	2.2	1.6	79.7	50.7	49.9
214	13.8	12.1	14.5	18.2	20.7	27.6	26.5	32.5	27.7	23.4	17.9	14.5	43.7	60.9	61.3	21	2.9	8	0	0.1	3.2	32.6	27.7	100
215	12.5	12.8	16.9	17.6	19.9	26.5	28.8	31.8	27.7	22.1	18.7	15.1	29.8	27.9	13.9	12	35.7	5.8	2.6	0.2	2.8	29.7	59.5	23.6
216	14.6	12.9	14.5	19.1	22.2	27.6	29.5	31	28.6	23.3	18.6	15.3	25.4	49.9	20.9	20.5	1.9	0.8	0.1	10.3	45.8	53.1	6.9	8.6
217	12.8	11	13.5	16	21.6	26.5	29.5	30.6	26.8	22.9	17.4	15.1	61.1	21.1	65.1	11.9	7.9	0.1	4.7	4.7	7.4	89.5	70.1	66.3
218	14	13.2	15.7	17.5	22.7	24.7	27.2	30.6	28.8	22.6	18	13.1	12.6	33.4	28.6	14.1	0.8	9.3	0	0.2	34.2	75.3	193.2	46.5
219	15.8	14.9	16.1	18.8	22.2	27.6	31.1	29.5	27.4	21.7	16.8	15.2	75.7	17.6	6.2	7.8	14.3	5.7	4.9	2.2	74.7	6.6	11.1	33
220	14.1	11.8	15.4	17.4	20	27.7	26.5	29.6	26.2	20.4	18.2	15.2	57.3	132	26.7	65.9	49.2	34.5	8	15.5	28.4	12.9	29	45.2
221	11.8	14.4	15.7	16.6	21.4	26.9	27.4	31.8	27	22.2	17.3	15.4	17.8	28.4	64.5	9.7	39.3	9.1	0	3.3	21.2	59.2	90.1	95.1
222	15.1	15.7	14.9	17.4	21.9	26.7	30	29.4	26.2	22.7	17	14	14.9	34.1	23.4	30.8	15.2	0.2	8.5	27.6	61	49	221.1	44.2
223	15.2	12.1	15.2	19.6	21.3	25.4	31.9	31.7	25.7	23.4	18.6	14.7	55.9	209.5	11.3	49.8	20	36.7	4.1	5.2	2.8	52.5	20.8	42
224	13	13.8	14.5	19	21.8	28	29.4	30.9	28.1	24.6	18	14.9	18.7	37.6	32.9	11.2	19	2.8	1	10.5	25.5	88.8	92.4	16.2
225	14.3	14.8	15.2	19.2	22.5	25.9	30.9	32.1	26.4	22.8	18.9	14.5	9.4	29.1	13.8	9.2	17.1	7.1	0	43.6	18.6	5.6	52	16.3
226	14	13.3	13.8	18	21.8	25.5	32.3	29.6	27.4	22.1	18.9	15.1	7.9	22.8	73.9	8	64.1	1.5	0.8	0.8	12	37.6	29.8	120.6
227	14.4	11.7	14.6	20.2	20.8	27.8	28.9	31	26.7	22.7	17.7	14.9	58.5	8	10.5	7	7.8	29.5	0.1	1.5	14.1	13.9	107.6	181
228	12.8	16.7	14.2	16.3	20.5	26.6	28.7	31.2	27.2	22.6	19.8	13.6	60.5	1.6	38.7	84.1	5.9	1.9	0.1	0	22.3	37.1	83.8	98.2
229	14.2	13	13.8	18.4	23.7	25.7	29.3	31	27.5	23.8	17.5	14.3	47	35.5	6.6	31.4	34.3	4.2	0.9	9.1	12.4	1.5	55.4	22.6
230	15.2	15.8	17.3	16.7	21.7	25.4	31.5	32.1	28.1	23	19.4	14.2	22.7	7.3	25.1	30.4	8.9	0.9	0.4	0.1	4.7	84	56.3	23.4
231	14.9	14.3	15.6	18.3	20.7	26.6	29.2	30.6	27.5	23.6	17.7	13.3	14.8	6.5	27.7	18.9	32.7	0.2	0.3	1.8	29.9	22	39.8	36.1
232	13	12.1	15.1	18.5	23.9	26.8	28.3	30.5	27.3	23.7	16.8	14.9	13.2	18.8	130.7	4.5	37.9	8.4	0.1	0.1	11.1	26.9	22.6	50.3
233	13.4	14.7	13	17.8	19.8	26.5	29	30.1	26.5	22.5	19.9	14.7	29.3	16.2	68.3	38.2	73.4	2.8	0.3	3.6	8.9	187.2	53.9	16.8
234	13.7	14.5	13.5	18.3	22.5	26.5	29.3	29.9	29.7	24.2	17.7	12.6	101.2	7.2	11.8	22.7	23.2	6.7	0.1	0.1	17	15.4	57.1	43.9
235	10.8	13.4	15.3	17.3	22.1	27.5	30.2	30.4	25.9	21.9	18.6	15.5	30.4	42.2	26.2	29.4	14.2	3.3	0.6	0.2	9.8	6.2	7.7	12.4
236	13.6	12.6	15.1	17.4	23.5	25.7	30.5	31.6	26.5	22.7	19.3	14.3	52.2	9.9	22.8	3	3.3	0.9	1.1	0.3	2.6	4.1	28.2	53
237	12.1	14.2	14.2	16.9	20.4	26.6	29.8	30.6	26.5	21.3	18.3	15	14.4	5.7	57.4	20.6	32.2	29.5	0	25.4	34.6	2.3	57.5	31.3
238	14.1	13.8	14	17.8	21.6	29.1	31.1	31	28.4	21.7	18.7	14.7	36.8	14.3	25	10.9	9	1.3	2.5	0.4	74.3	135.4	76.9	44.4
239	14.7	13.7	14.8	18.9	21.7	27.5	28.9	28.1	26.9	23	18.8	15.2	48.4	98	4	56.7	3.5	10.3	1.6	3.1	28.3	19.6	137.9	25
240	14	13.4	15.2	16.8	21.4	26.3	29.4	34	26.6	25	18	15.8	46.1	24.1	54.1	22.8	14.8	1.2	4.5	1.5	36.1	91.9	59.2	34.3
241	12.1	14.8	15.5	16.1	21.5	26.2	28.3	29.6	29.4	23.1	17.2	15	30.6	12.8	5.1	61.7	28.8	13.1	4.9	1.1	23.7	2.9	32	31.6
242	12.3	13.9	16.8	17.7	18.6	26.5	30	32.3	27	21.7	17.8	13.3	38.1	14.8	10.7	56.2	18.4	1.9	28	1	1.1	53.1	9.5	36.6
243	12	17.1	15.5	18.2	22.2	25.4	29.9	29.9	25.5	23.1	18.8	14.5	44.2	19.8	78.9	34.1	6.6	1.2	0.2	0.1	1.6	50.3	78.2	90
244	11.7	15.8	14.8	17.9	21.2	29.6	31.2	31.1	27.7	23.7	19.5	15.6	9.6	6.4	95.4	45.6	25.9	2	0	0.4	14.1	20.1	24.7	116.6
245	13.5	15.1	14.2	17.9	25.1	26.4	30.6	31.3	28.3	22.1	17.8	15.8	22.5	2.7	8.3	24.4	0.4	4	18.2	2.6	2.6	65.7	9.8	44.1
246	13.5	13.9	16.1	17.7	20.7	27.5	28.9	29.6	24.9	21.1	15.6	15.1	56.3	66.1	34.9	19.2	16.9	6.8	0	4.4	12.7	110.3	66.3	45.6
247	15.6	13.8	16.3	19.4	20.5	26.8	30.7	31.4	29.3	21.9	17	13.9	83.5	167.9	25.7	13	29.4	3.3	0.2	0	13.4	24.4	25.4	7.9
248	12.4	14.1	16.9	18.4	20.6	25.8	32.5	30.9	25.9	21.8	18.8	15.9	9	8.3	6.7	40.7	57.9	1.7	1	0.7	49.3	110.8	67.6	33.1
249	13	14.7	15.6	16.7	19.9	25.9	30.4	29.2	29.5	23.3	17.3	13.5	38	11	43.9	44.5	12.5	6.1	0	1.7	36.8	46.8	26	41.9
250	13.3	12.4	14.1	18.1	24.7	25.6	29.2	29.4	27.9	20.7	18.9	12.7	29.8	39.2	32.5	28	2.7	16.5	1.5	11.2	31.4	154.7	33	36
251	12.1	13.6	13.4	16.4	21.1	27.4	27.7	29.4	27.7	21.5	17.2	13.5	31.5	22.1	32.7	13.2	45.8	0	0.5	0.6	3.6	23.8	24.9	16.2
252	13.9	13.8	14.9	18.4	21.1	27.3	27.9	31	28	23.1	18.7	14.9	22.6	28.5	44.8	21.8	2.6	4	1.4	0	10.3	20	19.8	44.1
253	12.7	10.3	14.7	18	21.3	26.9	27.5	29.5	26.9	22.9	19.1	14	6.6	59.5	93.1	14.2	26.2	0.5	0.8	0.1	122.5	50.6	81.2	66.5
254	14.9	13.1	14	18	22.5	24.6	32.3	32.5	27.8	22.7	17.5	15.7	60	24.7	72.6	15.1	89.5	30.1	0	10.4	2.4	30.1	64.8	78
255	12.1	14.3	14.5	17	21.2	23.7	28.7	30.9	26.4	22	17.1	12.6	12.6	7.1	9.4	11.7	16.6	2.8	4.1	8.3	86.4	81.4	22.7	133.5
256	12.6	11.8	14.5	18.6	21.3	27	28.6	30.8	25.2	22.3	19.8	15.6	37	53.7	103.5	45.9	26.8	14.2	0.9	0	16.4	20.4	105	73.6
257	13.1	11.2	14.9	19.5	22.1	25.2	30.3	30.1	27.8	20.4	15.7	14.2	53.6	215.4	34.6	42.7	93.4	8.9	4.6	0	28.8	16.4	106.7	56.8
258	12.8	15	15.8	16.1	20.8	25.7	28.6	32.2	27.5	22.2	17	14.2	28.9	34.6	47.9	7.9	11.8	1.8	17.7	2.7	10.7	76.3	148.3	40.8
259	13.3	12	15.5	17.1	21.9	27.4	29.8	30.6	27.6	21.4	18.3	14.1	3.4	5.4	7.7	70.9	3.5	15.2	1.7	0.9	7.2	10.7	8.6	19.5
260	13.1	15.4	14.2	16	20.9	28.2	26.5	29.3	27.3	23	17.5	12.2	11	18.8	33.6	21	26.4	16.2	0	0.1	3.5	31.6	72.5	110.8
261	13.9	15	16.4	17.1	20.7	28	31.8	28.8	26.2	21.6	17.1	16.4	22.4	32.2	7	4.1	40.1	0	0.1	76	99.2	81.5	23.1	26.7
262	15.4	11.9	17.5	17.2	22	26.5	30	28.3	27.5	23.5	19.6	13.1	87.3	80.6	9.2	64.9	29.2	0.5	5.6	9.9	28.2	98.8	9.6	68.8
263	13.4	14.1	14.5	16.1	20.1	24.3	29	30.2	26.7	24.8	16.3	14.9	5.7	11	3.1	31.3	37	13	2.5	0	68.8	20.3	13.1	68.3
264	13.7	17.2	17	19.6	22.3	29	28.9	29.4	26.1	24.8	19.3	14	67.1	4	13.7	21.6	17.6	0.1	0	5	32.3	17.2	38.5	18.9
265	14.8	13.1	14.3	16.9	21	28.5	31.1	31.6	27.8	23	17.2	15.3	52.3	35.2	62.6	30.1	44.2	4.3	1.1	72.5	47.3	27.3	5.6	52.5
266	13.1	11.7	14.4	16.5	20.4	26.3	31	30.9	25.6	23.9	18.7	15.6	27.5	48	76.6	103.6	13.6	5.5	5.5	2.7	31.1	65.6	21.5	81.3
267	13.4	12.8	15.2	16.8	19.7	25.4	28.8	29.5	26.5	23	19.1	11.9	64.5	18.5	57.2	38.9	33.5	7.9	0.6	26.7	2.8	13.3	85.4	64.6
268	15.4	13.5	16.3	18.4	21.6	24.7	27.1	27	27	24	19.8	14.5	44.2	92.6	6.1	22.9	41.9	17.5	0.4	8.5	43	61.1	40.5	68.2
269	14.1	11.6	16.4	16.8	20.9	25.9	29.6	30.6	26.3	24	16.6	14.5	31.3	8.5	21.4	37.2	6.5	35.1	0.4	1.9	121.4	42	9	28.6
270	14.6	13	12.5	17.4	20.4	23.7	30.6	30.9	28.3	21.8	18.5	14.9	14.9	68.4	78.3	5.9	18.6	11.6	4.6	0	24.5	35.7	115.7	53.8
271	16.3	13.4	14.8	16.9	22	25.6	28.7	30.7	27.4	24.1	17.8	13.9	19.2	30.9	20	7.5	12	2.8	0	8.5	13.9	73.7	32.5	29.5
272	10.8	15.3	16.1	19.6	20.1	26.9	32	27.7	25.7	22.3	17.9	14.8	6	63.3	19.8	6.2	12.9	10.9	0.1	13.5	32.7	3	30.2	3.1
273	13.9	11.9	18.1	17.4	20.4	28	33.9	31.5	27.5	19.8	17.7	14.7	30.5	51.9	9.5	37.4	51.8	0.8	4.3	0.9	41.8	27.6	39.7	77.1
274	14.4	16.8	13.2	17.8	21.6	27.6	30.2	31.8	27.5	20.9	18.7	14.7	87.8	0.8	9.6	4.4	35.9	3.5	0.1	5.6	82.9	11.4	38.7	17.4
275	14	12.8	16.8	18.9	23.4	26.7	29.4	30.1	26.1	23.4	16.4	13.3	22.2	65.4	0.5	28.2	5.3	10.1	2.7	4.2	68.6	74.4	111.9	160.6
276	13.5	12.4	15.5	17.7	24.6	27.9	31.1	30.7	27.5	23.5	16.8	15.3	25.5	59.4	75.2	14.9	0.5	14.4	2.1	3.8	11.4	15.3	50.7	77
277	12.8	13.1	12.3	16.7	22.5	24.3	28.9	28	28.5	21.2	18	14.1	4.8	45.3	135.5	18.1	49.2	28.3	0	2.4	0.5	17.2	92.1	97.7
278	13.1	15.2	14.8	18.1	20.4	26.7	30.8	30.9	26.9	21.4	19.2	14.4	5.3	5.8	19.9	30.5	39	4.9	5.4	6	33.8	120.2	34	64.5
279	15.1	13.4	14.7	17.4	21.7	26.5	28.9	29.6	28.8	23.8	17.8	15.3	41.7	86.9	14.7	39.2	17.8	7.8	0.8	49.3	14.4	104.3	19.8	135.1
280	11.6	13.2	15.5	18	23.3	25.5	30.1	30.7	27.2	21.5	18.9	13.8	35.1	7.7	45.7	28.6	13.2	31.9	3.8	0.9	1.5	38.5	83.5	18.2
281	13.8	12.7	14.8	17	23.5	27.4	31	31.7	28.3	21.5	16.8	15.6	54.1	90	21.6	5.3	18.1	12.6	12.3	0	0.7	9.8	20.2	7.8
282	13.3	15.5	16.2	18.3	23.3	27.4	31.6	30.8	25.8	22.1	19.1	15.4	42.4	33.7	28.3	31.2	15.6	8.6	3.3	15.7	63	47.7	66.9	51.4
283	12.1	15.7	16.2	17.2	21.6	27.5	29.6	29.6	26.5	25.1	18.4	12.7	33.6	51.4	94.5	105.3	11.4	10.6	0.1	14.9	4.8	84.1	32.8	66.1
284	13	15.9	16	17.7	22.9	27.4	32.8	30.4	26.4	24.1	16	14.4	25.2	11.3	61	16.3	22.7	0.7	0	0	43.4	119.6	79.8	47.6
285	14	8.7	15.2	17.9	19.1	26.2	28.8	29.7	26.7	20.6	16.3	14.7	29.2	55.6	46.1	92.5	39.8	6.9	0	0	45.5	9.9	27	34.9
286	12.7	11.3	15.1	15.7	23.6	28.2	29.2	30.1	26.1	18.9	18.3	16.6	13.2	63.1	35.1	102.7	15.2	3.3	0	7.1	23.3	86.3	73.3	59.8
287	13.5	14.2	14.5	18.5	21.1	26.4	27.2	31.4	27.5	21	19.2	13.9	20.7	10.7	119.9	30.5	62.6	0.5	0.8	0.4	1.9	94	18.1	73.2
288	13.7	12.5	14.3	17.3	23.2	26.4	30	30.2	25.3	21.7	20	14.4	29	75.5	16.3	14.3	12.2	5.8	1.8	0.9	50	10.5	2.3	15.7
289	12.4	14.4	17	17.2	20.2	27.4	32.8	27.4	26.5	23.7	17.9	14.1	11.4	38.5	52	31.7	2.9	3.5	0.5	28.4	2.4	4.9	84.5	48.9
290	12.9	14.9	15.5	16.6	20.7	28.4	29.8	27.8	27.6	23.9	18.3	16.4	19.5	12.4	6.9	14.1	36.9	26	2.4	12	10.7	82	11	64.2
291	13.7	12.5	15.3	16.6	21.3	26.1	28.5	30	26.1	23.1	18.4	14.9	27.4	29.6	66.6	10.6	9.1	2.9	0.7	9.9	46.2	19.4	30.8	6.3
292	14.1	16	16.2	18.9	21.1	26.3	29.6	33.1	28.1	21	18.5	14.7	93.4	29.4	30.2	33	16.3	1.2	0.1	0.1	6.6	85.9	28.9	40
293	13.4	14.9	16.9	16.7	22	26.4	32.9	32.1	28.2	23	19.2	13.4	23.2	49.8	52.9	29.4	31.1	27.6	5.6	0	41	34.6	12.3	66.5
294	14.6	13.9	14.9	18.4	22.5	27	30.1	29.2	27.8	21.6	19.4	16	76.4	46.5	32	7.1	2.9	5.9	0.1	0.4	0.6	12.7	30.6	88.4
295	13.2	12.9	16.4	19.1	19	27.2	24.4	31.1	26.8	22.9	19	14.7	201.8	32.6	24.8	19.2	51.9	1.4	0	2.6	17.7	43.4	207.1	73.8
296	12.7	14.8	16.2	18.1	22.8	26	30.5	31.4	26	21.8	17.8	14	43.5	36.9	42.2	25.7	17.3	1.4	10.4	0.1	32	35	23.2	6.6
297	14.4	15.6	15.1	16.8	25	26.4	29.2	32.7	26.8	22.4	16.1	15.5	39.2	27.1	48.5	20.6	0.3	1.2	4.2	0.3	12.3	76.6	20.2	75.9
298	13.2	14.7	15.3	17.7	20.9	26.4	27.5	30	27.7	24.6	19.2	14.3	13.4	92	6.3	31.3	4.6	10.9	0	5.8	21.3	10.8	51.9	19.3
299	13.8	13.1	13.9	16.9	23.1	26.2	30.9	29.8	28.8	23.1	17.1	14.4	13.1	85.5	30.4	45.4	13.8	7	0.6	4.9	10.1	46	111.2	71.6
300	12.4	13	14	17.5	21.8	26.8	30.9	29.5	28.7	24	16.5	15	61.2	26.1	105.2	11.7	3.6	0.9	0	9.5	37.9	86.5	53.1	123.7
301	13.3	11.1	15.7	17.5	21.7	28.5	31.2	31.2	26	23.1	17.5	13.5	38.1	98.7	19.8	26.7	5.7	27.4	7.8	2.5	64.1	87	51.9	59.2
302	13.9	14.6	15.6	17.7	22.9	27.1	30.5	31.1	28.1	23	19.5	15.9	13	24.3	2.5	28.5	16.9	19.6	6.1	9.2	10.6	81.5	38.5	45.7
303	12.8	16.1	16.1	19.5	22.1	24.3	29	30.2	27.7	24.1	17.8	15.8	8.9	38.5	26.5	0.7	4.9	4.5	0.9	0.5	17.7	101.5	59.1	28.9
304	16	14.5	14.8	17.6	22.6	27.5	27.3	30.3	27	22.3	18.6	15.3	33.3	41.1	71.8	33.4	4.3	4.6	4.9	1.3	90	76.8	50.2	39.9
305	13.7	13.6	14	17.3	22	28.2	29.1	27.7	27.3	22.5	18.3	14.5	7.6	21.9	32	54.1	46.7	23.4	0	1.9	24.8	3.4	92.5	4.7
306	13.6	15.5	15.1	19.5	23	25.6	30	30	27.3	22.6	17.1	15.3	53.9	21.4	8.1	9.3	29.2	14.4	2.3	9.9	2.1	73.9	90.6	48.8
307	13	13.9	15.4	18.7	21.6	28.9	28.9	29.1	26.5	22.5	20.9	13.6	8	90.2	8.5	46.2	41.8	9.4	0.3	0.4	1	3.8	68.9	122
308	12.4	13	14.6	16.9	22.9	27.9	30.1	30.4	28	23	18	14.1	87.6	19	11.1	45.8	18.5	4.6	11.5	14.8	35.9	27.6	36.7	91.9
309	13.4	12.9	15.3	17.1	22.2	25.9	31.6	30.4	27.8	23.1	16.4	15	11.4	11.9	19.9	30.2	11.4	6.3	2.2	1	86	74.3	29.5	143.6
310	13	13.5	16.2	15.9	22.7	27.8	32	31.2	25.8	23.3	18.5	13.8	31.2	30.1	42.6	136.4	15.2	0.5	2.3	0.3	17.2	19	14.6	56.5
311	12.6	13.9	14.2	16.4	22.7	25.4	28.2	29.5	25.8	22.2	20.1	13.7	18.3	56.5	26.2	82.2	25.7	13.7	1.1	1.7	68.7	66.1	59.2	18.4
312	12.9	14	14.1	17.7	20.7	26.8	28.6	31.1	26.3	24.7	19.1	14.8	36.6	131.3	30.4	39.8	5.8	2.1	2.2	2.3	4.7	54.2	32.2	60.3
313	12.7	11.5	13.7	17.1	21.1	28.4	30.1	30.8	25.1	25	19.3	14.5	1.4	40	16.7	90.1	67	6.6	0.1	1.9	13.9	34.5	29.2	23.8
314	13.9	16.3	14.6	18.4	22.3	25.3	29.3	29.6	27.1	21.8	17.2	13.5	83.5	1.2	43.4	4.3	13.5	4.5	2.1	21.6	31.7	10.2	50.9	45
315	13.1	14.2	15.2	18.3	20.5	26.5	33.1	30.8	28.4	23.1	17.9	13.5	4.1	93.3	2.6	5.1	34.5	0.4	0.7	0.3	39.7	16.6	22.3	113
316	12.9	14.1	16	16.7	22.9	26.3	29.9	32.7	30.1	21.8	17.6	13.4	26.8	19.1	8.2	15.2	45.7	1.5	8.5	0.2	7.7	118.6	19.6	82.7
317	12.9	11	16.3	17.5	21.6	27.6	27.7	30.5	25.8	23.4	16.7	16.3	89.8	53	29	16.6	2	1	2	1.7	7.2	14.1	125	72
318	12.9	13.2	13.8	17.9	21.9	26.1	31	31.6	25.6	22.2	17.3	15.4	11.2	60.9	80	9.6	15.8	1.9	0.4	2	2.6	5	87.7	59.4
319	12.5	14	14.9	19.1	22.4	24.9	27.3	29.5	28.7	20.4	18.9	14	16.9	46.5	53.6	15	23.5	12.8	1.7	5.9	42.6	51.8	20.6	24.6
320	15.4	16.4	16	17.1	23.7	26	31.1	31.6	27.6	25	17	14.7	37.3	135.9	31.4	6.3	6.3	0.1	0.8	3.4	2.9	19	23.6	16.6
321	14.8	13.3	15.4	17.2	23.6	26.5	28.6	28.9	25.7	23.4	16.5	16	94.5	19.8	30.9	20.2	0.4	7	0.3	0	6.9	78.7	48.3	93.7
322	14.4	14.9	14.3	18.3	21.1	26.5	32.6	29.3	27.9	23.5	19.2	14.5	53.8	39.5	35.5	8.7	69	7	4.9	11.4	10.4	100.2	13.6	31.6
323	13.3	13.8	14.1	17.5	21.8	27.6	30.6	31.8	28.3	23.2	18.5	15.8	22.6	18.7	44.4	13.8	30.6	1.5	0.7	2.9	20.6	11.6	65.1	56.1
324	13.8	14.4	15.6	17.6	20.7	27.2	30.4	29.1	26.9	20.9	16.8	13	48.4	59.9	6.3	58.5	38.2	5.3	0.9	5.5	4.8	12.5	71.5	40.5
325	13.9	13.7	16.3	17.5	19.6	26.7	31.8	33.7	27.8	24.2	18.5	16.3	53.7	53.3	43.4	9	30.8	57.4	1	4.9	0.1	44.7	37.3	119.9
326	13.7	16.5	15.9	16.1	19.8	27.1	31.3	30.3	27.4	22	18	12.2	53.2	28.1	11.1	11.2	66.2	18.6	0	0.1	17.9	50.8	24.3	54.5
327	13	13.7	15.2	17	22.4	26.9	29.8	29.1	26	23.5	19.5	15.8	50.7	55.7	7.7	41.3	0.7	19.4	13	11.5	8.6	92.9	58	12.1
328	11.8	15.3	16.1	16.1	23.7	27.5	30.3	32.6	27	22.9	17.7	13.3	23.7	26.8	19.8	21.4	2.2	5	0.1	0.1	54.4	53.1	76.7	81.3
329	13.7	12.9	15	19.1	23.2	24.8	30.8	30.5	27.5	21.6	18.3	14.9	18.2	41.8	72.5	12.5	14	21.6	0.2	1.5	4.4	42.4	146.1	33.7
330	14.8	12.2	15.7	20	22.3	25.2	30.4	31.8	26.2	22.7	18.6	16.6	21.7	95.9	20.4	29.4	71.5	18.5	2.3	3.5	3.5	32.7	6.6	75.4
331	14.6	14	13.5	17.7	22.6	24.8	28.7	29.8	28	20.8	17.8	15	9.8	25.6	101.8	19.4	7	8.6	2	4.9	94.7	1.2	45.5	149.8
332	14.5	13.9	16.4	18.6	20.6	27.7	29.2	32	27.4	21.4	18.2	13.5	7.2	37.1	29.8	24.8	26	1	6.8	0.4	42.9	122.1	17.9	67.5
333	14.5	15.3	15.5	17.1	21.8	25.7	31.3	30.5	25.9	23.2	19	14.6	19.7	35.3	35	7.7	13.7	9.2	5.7	0.1	22.9	17	36.9	88.4
334	13.6	13.8	14	16.2	22.1	25.7	29	29.4	28.6	22.6	18.4	15.5	10.3	29.6	11.9	27.4	31.3	6.2	0.8	0.1	15.1	7.9	10.4	48.6
335	12	13.5	12.1	16.1	21.9	25.8	27.7	30.8	26.7	22.5	17.9	15.6	20.4	63.2	81.6	35.7	2.8	7.4	0.2	0.3	10.7	36.2	32	61.6
336	12.4	12.4	15.7	17.7	21.4	23.9	30.6	29.8	26.8	20.7	18	13.7	16.3	27.3	0.9	22.9	51.5	42.9	11.2	2.8	5.2	65.5	79.9	63.9
337	13.4	15.7	14.2	16.4	19.4	26	30	32	27.8	22.4	19.6	16.2	8.8	2.4	54	9.8	39.4	2.2	0.2	4.9	11.6	107.8	40.6	65.7
338	12.2	15.2	14.2	16.5	20.1	26.4	28.2	28.6	25.5	21.8	19.5	14.2	30.6	13.4	54.2	10.7	4.1	24.9	0	0	5.9	56.6	32.6	34
339	16	13.9	16.2	19	21.9	27.5	28.6	31.7	26.8	23.5	17.2	16.3	17.3	28.5	34	37.5	44.9	0.1	4.6	2.1	21.5	0.3	215.1	30.6
340	14.8	13.6	14.5	17.2	20.7	26.4	30.1	30	27.1	22.1	18.1	12.7	12.9	29	1.8	7.4	12.6	18.4	0.4	12	6.4	63.8	71.7	76.3
341	13.3	12	16.4	17.3	21.7	28.4	28.5	30.8	29.1	20.6	16.4	14.7	37.3	26.1	5.4	16.5	24.6	1	9	4.1	0.6	7.8	12.4	18.6
342	12.2	14.4	15.9	19.7	21.8	25.7	29.5	30.5	29.7	22.5	18.1	15.7	5.8	80.5	31.7	19.2	21	7.1	2.9	28.3	41.6	75.7	60.1	49.6
343	14.6	11.7	13.3	16.3	21.6	26.1	28.5	31.3	30.3	23.2	17.8	12.2	21.5	38.6	28.5	38.5	5.6	1.9	0.2	13.6	2.9	21.8	70.5	20.2
344	13.2	15.3	15	17.9	19.5	27.2	26	30.9	25.5	22.2	19.2	15.2	24.2	1.5	12	4	8.1	10.8	1.4	3.2	99.3	96.1	13	50.5
345	14.2	12.6	14.7	18.4	21.1	26.5	29.2	30.3	27.4	22.8	19.1	13.8	5.1	15.3	25.4	34.3	0.1	6	0.8	34.8	19.5	18.1	107.3	23.4
346	13.2	14.1	14.7	17.7	21.6	27.2	28	31.9	27.7	20.1	17.4	11.6	95.4	26.3	90.9	18.3	5.8	80.7	1.8	0	5.2	11.5	2.4	25.8
347	13.9	14.5	15.5	16.4	21.2	25.4	31.9	31.3	26.8	23	16.9	15.7	31	89.3	38.7	24	40	11.8	0	0.5	37	25	24.7	11.9
348	15.6	12.6	15	18.4	22.7	28.9	31.7	29.6	27	24.1	17.1	15.9	43.9	49.2	36	18.1	6.1	10.5	1.3	0.4	9.8	16.9	10.8	5.3
349	13.2	10.9	14.5	17.9	23.1	27.7	30.6	32.1	27.4	20.6	18.1	15	19.8	183.4	43	16.9	16.7	0.8	12	0	36.5	16.4	20.8	23.2
350	13.4	13.4	14.7	17.4	23.6	27.8	30.4	31	27.8	22.1	17.3	15.7	47.2	3.5	32.1	58.9	20.8	1.5	0.8	0	31.8	30.4	70.1	60
351	16.5	15.1	16.7	17.7	20.9	25.6	30.5	30.1	26.9	24	16.1	16.8	22.2	11.8	34.6	37.5	20	2.5	1.2	0.2	10.7	155.4	8.1	60.6
352	12.6	14.3	15.5	17.2	20.9	25.3	29.1	30.1	27.7	20.5	18.3	16	27.4	37	28.4	4.6	9.1	0	3.3	1.9	10.4	18	13.9	70.5
353	13.7	12	14	17.7	21.2	25.8	28.1	30.7	25.8	24.9	18.9	16.5	22.4	19.6	31.4	31.9	15.9	2.6	0.2	5.5	46.6	40.5	19.7	41.8
354	14.7	14.2	17	16	22.9	26.4	31.7	29.5	26.9	20.4	17.3	16.8	14.7	23.5	11.2	26.1	3.5	4.5	2.5	0.6	30.3	35.4	49.5	102.4
355	13.6	15.4	15.8	16.1	22	26.8	29.7	30.7	26.5	23.3	17	11.8	54.7	24.3	4	49.5	34.3	21.5	0.9	71.7	5.8	12.4	69.3	115
356	14.2	14.1	16	17.1	22.6	28.4	30.7	31	24.9	21.9	19.2	15.5	63.7	4.7	16.3	6	7.2	2.4	1.3	0	21.2	18.1	27.5	96
357	14.3	15.3	15.7	17.7	24.5	30.5	30.3	28.8	26.1	25.1	17.3	12.2	51.9	6.2	45.5	10.9	3.8	0	4.9	30.3	28	54	44	17.2
358	15.3	11.4	15.2	16.5	22.6	28.1	28.9	29.1	27.3	26.2	18.4	16.2	111.3	24	43.1	17.7	15.5	0.4	0.8	3.5	13.5	55.1	63.4	32.6
359	13.2	12.8	13.7	17.8	21.3	25.3	30.6	29.7	26.9	21.8	18.1	14.1	39.7	64.7	35.4	13.4	11.9	0	0.6	0.9	1.8	14.9	22.1	16.2
360	12.5	14.7	16.1	16.7	20.8	23.7	31.7	29.2	26.6	21.1	17.5	17	63.2	38.2	13.8	14	8.1	3.2	4.9	9.8	22.8	35.6	12.5	49.1
361	13.4	12.2	14.8	16.3	21.1	24.3	26.9	30.3	27	22.2	17.6	17.5	17.7	39.1	89.3	3.1	2	4.8	2.1	0.7	37.8	8.7	27.3	43.2
362	13	14.3	16.9	16.4	21.3	26.3	31.5	30	29.8	24.7	17.8	15	13.2	5.7	48.3	40.3	11.2	20.4	6.6	12.8	11.8	30.1	49.6	26.3
363	12.2	14	16.7	16.3	21	23.6	28.3	31.4	27.5	22.1	16.8	13.8	3.9	63	24.9	26.4	4.2	41.2	0	0	48.6	43.2	63.5	28.8
364	15.6	12.9	16.2	17.2	21.1	25.9	29	29.4	26.6	25.1	17.6	16.5	60.6	10.6	27.4	19	3.5	14.8	7.9	36.7	7.5	44.3	105.9	4.8
365	13.9	14.9	17	17.3	24	28.1	30.6	32.8	26.4	20.8	17.1	13.4	47.3	13.4	22.4	72	35.7	5.1	0	4.7	1	42.9	44.6	50.7
366	12.6	13.5	15.8	18.4	23.1	23.4	31	31.9	27.2	22.8	19.9	14.1	4	7.9	2.7	32	11.1	19.6	2.3	27.9	0.7	3.6	129.5	14.9
367	15.3	11.8	15.4	16.4	19.7	27.8	31.5	30.4	28.1	21.8	16.7	14.1	16.3	74.8	40.7	31	21.9	6.1	1.9	6.7	7.8	35.5	72.9	64
368	13.1	14.6	15.2	18.6	21.8	27.7	28.5	32.8	27.3	23.5	17.4	14.6	2.2	1.7	62.3	3.8	13.5	0.4	7.1	3.8	72.9	29	86.2	57.3
369	12.1	12.6	14.6	16.9	19.7	24.4	29.1	30.2	26.7	22.4	18.6	14.9	12	39.3	26.1	45.8	26.6	15.8	1.7	1.2	1.6	51.5	112.4	112.3
370	14.9	12.6	14.3	18.7	19.6	27.8	27.6	33.6	26.9	24.3	19.1	15.2	25	35.5	6.9	12.1	19.2	24.3	0	0.4	40	44.7	11.6	135.7
371	12.1	10.6	13.3	16.7	25.2	27.5	28.1	30.9	28.3	24.3	17.8	14.2	81.6	42.6	69.1	47.1	1	1.5	6	22.2	6.8	17.6	42.8	48.1
372	12.4	15.7	15.4	17.4	21.9	27.1	31.5	29.5	27.8	22.5	17.9	14.5	42.1	32.3	58.9	46.9	25.4	10.9	4.6	0.6	30.1	69.9	36	15.7
373	12.1	11.6	15.8	18.9	21.5	26.5	30.5	31.5	27.2	22.1	17.9	14.9	26.8	84.8	24.4	8.4	13.1	10.1	1.3	0	15.8	160	19.1	29.2
374	12.6	14.6	13.8	19.6	21.4	26.2	30.7	28	29	22.4	16.5	14.8	35.7	18	37.8	3.3	7.6	0.1	0	14.9	12.5	28.4	123.8	25.8
375	15.4	11.6	15.6	18	23.3	27	30.7	30.1	27.5	21.8	18.5	16.1	19.3	47.7	35.4	34.3	0.1	0.5	2.8	2.8	18.1	6.9	50.7	24.2
376	14.5	11.8	16.4	17.9	23.2	28	30.5	31.1	27.4	24.9	18.8	16.1	26.3	50.2	39.2	16	22.1	8	0	17.7	8.9	18.4	25.4	14.2
377	13.8	17.8	14.5	17.2	23.7	26	31.8	31.4	28.9	23.3	16.7	16.1	4.3	17.3	65.7	16	12.8	22.7	0.5	6.6	7.6	35.8	38.3	29
378	15.3	14.8	13.7	19.5	20.6	27.2	28	30.9	29.2	24	19.8	14.5	21.7	40.9	42.8	46.4	15	1.6	0.1	4.8	13.4	74.3	31.3	19.8
379	12.9	13.8	15.8	17.9	24.2	25.5	28.5	31	25.5	22	18	13.4	59.7	33.8	44.8	3.7	17.7	7.2	0	2.1	22	1.4	34.7	22.8
380	13.7	12.7	15.1	16	21.2	28.3	26.9	29.4	26.9	19	18.3	14.7	19.8	43.6	18.1	34.9	32.1	0.1	0	2.3	25.6	32.9	40.8	22.2
381	13	12.3	15.4	17.3	21.4	26.4	32.9	32.7	28.3	22.6	18	14.9	144.5	14.4	121.9	72.9	1	0	0.2	0	3.6	29.9	27	75.8
382	13.9	11.7	13.9	18.2	23.8	25.6	30.4	30.9	26.7	21.7	17.9	15	35.4	41.4	32.7	8.5	23.4	2.7	1.5	2.3	0.4	14.5	84.1	73.9
383	13.1	13.1	13.9	17.7	20.9	27.2	30.3	29.5	28.6	23.1	19.2	17.2	45.2	175.7	61	40	2.1	1.7	0.7	27.1	26.6	1.1	7.5	29.1
384	13.8	15.8	15.7	18.6	21.4	26.5	30.9	30.8	27.9	23.3	15.2	14.2	41.8	24.4	39.9	4.5	22.6	14.1	1.2	3.1	38.9	81.1	156.1	57.3
385	10.9	14	15.8	17.1	20.1	25.8	30.2	31.9	25.8	22.1	18.4	16.5	37	48.7	2.6	6.3	40	11.7	5.1	3.3	20.5	0.8	15.6	32.7
386	13.3	13.1	14.8	17.4	21.2	26.6	29.8	30.5	26.6	20.5	17.8	14.8	7.6	115	12.9	47.3	10.1	1.1	2	0	136	3.6	29	44.9
387	12.2	16	15.2	17.5	22.3	27.5	28	30.2	27.2	23.5	17.8	16.2	7.7	12.7	13.2	53.2	10	0.3	0.1	0.1	22.8	44.7	61.1	4.2
388	13.2	12.5	14.4	16	21.4	26.1	29.7	30.3	28.8	24	19.6	14.3	18.8	18.9	38.7	11.7	18.1	3.5	2.6	0	31	57.9	27	14.4
389	13.9	11.3	15.5	18	20.6	29.1	29.1	29.2	26.8	22.3	18	13.7	74	166.7	105.7	4.6	26.8	0.6	0.4	0.1	1.6	78.4	10.9	64.8
390	14.3	13.3	14.6	17.6	20.2	27.8	26.7	30.9	27.2	21.8	18.8	17.9	46	16.6	19.7	4.9	19.9	0.6	0.2	21.8	33.1	17.6	37.9	28.7
391	13.1	13.5	17.2	18.1	20.9	27.3	28.2	31.9	27.3	22.9	18.2	13.3	45.9	36.4	41	31	36.2	16.6	0	8.2	91.2	50.8	143.5	59.1
392	11.5	13.6	14.1	16.6	21	25.8	30.7	31.5	26.7	21.3	18.3	15.3	68.9	43.4	37.1	42.6	13.8	76.6	16.2	0.1	23.9	50.5	21	18.3
393	13.9	13.5	15	17.1	23.2	28.5	30.6	31.3	27.9	22.6	17.2	13.2	70.4	41.1	16.4	5.3	1.1	12.1	4	0.7	34.4	25.4	31.2	81.4
394	13.3	13.9	15.6	18.9	20.5	26.2	28.5	31.1	28.4	24.1	18.6	13.4	50.4	29	24.7	6.7	15.6	2.1	0.1	0.1	15.6	22.9	59	34.2
395	13.2	15.6	15	17.3	19.9	25.9	31.4	30.4	27.5	20.6	18.2	14.6	78.5	0.3	8.8	5.2	7.4	6	6.7	26.1	10.2	40.5	56.9	63
396	13.2	14.9	14.5	17.9	22.1	27.2	31.2	29	28.6	22.8	19.4	16.2	66.5	69.2	32	38.4	1.2	1.5	0.1	0	37.5	32.1	106.8	39.5
397	13	11.7	15.8	16.6	18.9	25.6	29.5	29.2	26.9	20.8	19.2	15	40.2	50.7	30.2	22.4	37.8	4.7	3.1	0.6	5.7	34.3	29.7	32.6
398	11.2	13.7	15.7	16	22.6	26.4	31.1	30.6	27	23.8	17.7	15.8	33.1	61.7	32.1	27.2	3.5	7.5	0.1	0.1	38.2	17.2	50.8	90.3
399	15	11.9	15.2	16.1	21.4	27.1	30.8	31	27.9	24	17.8	15.9	10.1	132	9.9	99.3	63.5	3.7	6.7	3.2	1.1	8.8	11.9	113.9
400	12.4	15.5	14.1	18.8	22.7	27.4	32	27.3	27.5	22.7	18.7	16.5	5.6	12.3	29.6	11.7	0.1	3.3	3.9	3.2	13.4	70.9	14.7	25.7
401	13.3	14.9	17	16.1	22.6	28.4	29.9	31.4	27.6	21.6	17.3	15.9	25	24.7	39.1	74.4	13.4	10.5	0.1	30.6	1	0.7	7.1	15.1
402	13.9	14.7	14.7	18.1	19.8	26.5	29.1	29.9	28.1	23.6	18.7	14.9	54.7	44.9	1.7	42.4	12	19.4	10.9	2.3	105.8	142.5	49.7	42.7
403	14.8	13.6	14.7	18.2	20.9	27.7	32.7	30.4	28.1	25.2	18.4	14.5	19.9	27.3	22.7	24.6	32.2	0.6	5.2	0	12.6	79.2	28.2	30
404	14	14	16.2	17.7	22	25.1	30.8	30.3	28.5	25.2	18	15.7	40.6	56.4	44.3	31.9	5.9	9.6	17	11.5	49.6	11.3	112	18.5
405	14.3	12.8	15.2	17.8	22.5	27.8	30.5	32.1	26.9	22.1	19.8	15.6	39.8	17.2	9.4	21.5	16.4	13.7	8.6	9.2	70.5	56.9	6.9	15.1
406	15.7	15.4	14.5	18.4	23.3	25.4	28.1	30.4	28.8	23.9	18.4	13.7	85.3	47.1	12.9	2.5	11.2	3.2	7.8	3	7.7	25.1	131.5	98.5
407	14.9	14.4	15	15.9	22	28.6	30.4	30.7	26.7	23	17.5	17.3	59.1	18.8	32.2	36.1	42.9	2.8	0.6	0.1	85	46.4	62.3	20.9
408	14	12.7	14.2	17.5	22.1	27.8	32.1	30.4	28.4	23	19.3	13.9	35.7	157.4	126.5	76.3	20.7	2.9	1.2	4.7	13.6	26.3	32.5	22.1
409	12.6	12.7	15.7	17.1	24	26.2	31.5	31.7	27.5	25.2	18.2	15.4	38.9	18.2	41.4	24.2	1.1	4.5	4.2	0.4	15.9	36.6	67.2	53.1
410	10.6	12.5	16.1	18.2	21	26.9	30	28.7	27.4	22.7	17.1	13.7	13.4	45.4	5.6	26.3	78.2	0.6	0.8	1.4	11.6	49.7	17.1	43.4
411	14.3	12.1	14.3	17.3	21.2	28.7	29.2	30.2	28.2	23.8	19.8	13.5	41.2	105	1.5	33.4	22.3	0.9	0.1	1	5.5	69.2	62.4	46.4
412	13.1	12.3	14.9	18.3	22.1	27.2	30.3	30.6	27.3	21.6	17.8	14.8	30.2	52.4	22.2	20.5	19.7	14.1	7.1	34.5	22.3	24.1	53.1	68.2
413	12.8	15.1	15.2	18.9	22.2	26.1	30	32.4	27.7	22	18.3	15.9	23.2	44.2	16.6	56.5	41.4	13.8	6.9	0.3	6.7	2.7	57.3	10.5
414	12.6	12	14.9	16.9	22.6	26.4	29.4	33.3	28.3	22	18.7	15.6	15.1	58.4	22.6	28.9	4.3	0.9	0.3	13.5	23.1	13.2	10.6	50.2
415	12.7	13.6	15.2	16.7	22.1	28.2	28.4	32	27.5	23.9	16.9	16	11.8	84.5	12.4	59.3	20.1	0.8	0.7	0	42.7	71.3	131.6	30.2
416	13.9	13.7	12.9	18	20.8	25	29.1	30.9	27.6	22.2	18.4	15.2	23.9	26.7	46.7	18.4	67.2	2.4	1	0.5	17.3	77.2	70.6	71.9
417	12.9	12.8	15.8	18.1	22	25.5	30.7	30.4	27.7	25	18.3	13.8	31.4	87.1	43.7	8.5	9.1	12.3	0.1	0.8	0.9	7.8	15	19.6
418	14.4	15.9	15.8	17.7	21.8	27.7	30	33.2	25.8	24.3	16.3	14.4	28.7	3.1	12.9	64.9	3.4	1.2	0.1	0	67.1	15.9	155.2	46.4
419	13.9	13.1	14.8	17.9	19.2	28.6	33.3	30.6	26.9	21.7	18.5	16.5	20.4	59	45.2	7.6	38.6	2.1	0.7	20	24.7	41.8	11.1	17
420	14.4	13	13.1	17.9	21.8	25.7	30.2	32.5	28.1	24.1	18.2	13.8	33	52.8	91.9	6.9	12.2	3.3	1.9	1.7	105.7	85.5	56.9	23
421	13.8	14.4	15.1	20.2	21.5	27.1	30.5	33.4	27.6	23.7	19	13.2	91.8	22.3	33.8	22.6	37.4	1.2	3.4	3.1	17.7	10.2	23.1	22.6
422	12.7	16.9	15.9	19.1	22.5	25.1	32.2	31.9	26.6	23.6	19.9	15.6	53.8	41.5	37.7	45.2	16.9	10.2	0.1	10.3	7.8	15.5	41.9	133.5
423	14.1	14.8	15	18.4	23.7	27.8	27.4	29.8	26.6	22.6	20.1	16.2	49.7	25.4	14.9	39.6	11	5	1.7	0	3	25.3	2	3.6
424	14.7	14.1	13.7	16.9	17.3	26.4	30.7	30	27.6	24.4	17.3	16.8	38.5	38.6	118.5	9.2	82.7	7.3	0.1	5	28.8	82	13.8	46
425	12.1	12.8	13.1	18.2	22.6	25.3	29.5	30.1	28.1	23.2	18.1	14.8	75.1	30.8	15.9	53.3	11.1	8.7	0.2	1.2	19	15.1	95.6	33
426	14.4	14.4	15.7	17.3	20.1	24.6	28.2	30.1	26.7	23.5	16	15.3	60.5	148.8	11.8	37.6	17.4	16.4	0.1	5.4	17	22	34.4	39.2
427	14.4	12.9	17	17.5	21.3	28.9	29.5	30.6	28.3	25	18	15.2	48.6	26.3	4.8	58.8	33.4	3.3	5.6	0.1	20.4	77.4	24.5	38.1
428	14.3	14.7	16.8	16.3	21.7	26.2	29.2	30.5	27.5	21.1	17.1	17	47.9	47	11.8	18.7	15.1	2.5	0.2	0.2	2.3	51.1	20.4	32.4
429	13.8	13.7	16.4	14.8	24.5	27	29.8	29.6	25.8	24.7	17.9	16	36	37	31.6	46.7	4.7	12.3	0.2	1.7	0.3	11.2	45.7	10.8
430	12.2	13.9	16.6	16.1	21.9	25.3	29.3	34	26.5	22.6	18	13.5	16.2	34.1	25.5	54.5	60.8	0.7	8	0	10.9	14.7	12.8	67.8
431	12.9	13.3	15.6	17.7	19.9	26.4	29.4	30.9	25.9	22.4	18	15.9	19.2	70.4	7.8	9.4	49.4	29	0.8	0	19.9	124.6	93.1	90
432	14.3	14.4	16.8	16.8	23.4	26.9	29.6	30.9	26.8	21.8	18.1	13	32.5	17.3	3.7	27.3	7	1.6	4.4	29	22.1	8.8	33.5	9
433	11.9	12.9	14.4	18.5	22.3	27.7	30.3	29.4	25.1	22.9	18.5	16.3	30	41.6	122.8	4.7	5.8	1.2	10.3	2.6	88.1	0.8	67.2	65.5
434	13.7	15.4	15.9	16.5	20.8	25.7	30.6	29.2	27.8	22.7	18.7	14.1	15.5	2.2	10.2	18.7	3.8	2.8	0.4	16	9.7	46.6	146.4	53
435	14.2	10.3	12.9	18.8	23.1	27.9	29.1	28.9	29.2	21	19.3	15.3	7.3	142.1	58.2	1.1	6	6.4	4.5	0.1	26.1	95.2	12.9	73.9
436	13.7	13.6	16.3	17.1	19.9	28.2	32.7	33.9	27.1	24.5	17.4	12.9	31.4	38.1	4.5	30.4	51.7	10.3	0.4	0.7	13.9	8.4	48.8	20.3
437	14.8	14	17.5	18.6	21.4	23.7	31.2	29.6	28.3	23.3	17	14.3	21.2	136.1	4.6	13.9	5.7	14.1	0	4.1	46.8	82.2	19.1	41.6
438	13.1	12.7	15.6	19.2	20.9	27	31.9	30.4	25.6	21.8	18.6	16.5	59.3	107.1	20	6	23.5	13.6	1.2	0.8	147.9	151.3	50.5	19.5
439	13.8	12.7	14.9	17.9	23	27.6	28.4	31.9	26.5	22.1	16.8	15.1	31	56.5	191.4	25.6	7.7	0.1	0.1	0.5	17.1	37.8	34.2	13.4
440	14.9	11.6	15.1	16.5	20.8	27.2	30.3	30.8	28.7	21.4	19	14.7	29	44.1	30.4	15.5	2.8	3	0	3.5	3.6	36.7	19.6	72.6
441	13.6	15	16.1	16.5	23.7	25.2	29.1	34	26.6	25.9	18.7	14.8	42.1	18.6	15.9	33.7	0.3	3.1	0	4.1	1	53.3	38.7	39.9
442	14.2	11.5	16.9	18.5	19.4	30.4	29	30.3	25	23.5	17.3	13.3	29.3	24.4	41.8	36.2	21.3	1.1	3.2	15.9	198.4	109.3	6.3	72.8
443	14	15	16.1	17.5	20.7	26	30.7	32.4	25.1	22.8	18.4	13.9	81.6	19.8	27.1	19.1	12.8	2	4.4	0.2	65.1	17.1	37	49.6
444	11.9	14.1	15.9	17.6	21.4	25	29.2	32.1	27.5	23	18.7	14.6	41.9	49.7	10.8	9.8	40.3	0.7	3.5	1.1	61.3	27.5	14.1	19.2
445	13.3	15.3	13.8	17.8	22.2	27.8	29	27.1	27.3	20.8	18.8	14.8	36.4	38.4	171.3	24	18.5	16.5	0	0.6	22.2	8.7	17.3	68.3
446	16.6	12.5	15.3	16.9	22.9	29.2	28.7	32	28.5	23.7	17.7	13.7	60.4	70.2	83.4	16.5	4.6	0	5.1	1.9	21.2	160.6	28.3	57.5
447	14.7	12.7	15.8	19.3	21	28.1	30.5	31.4	27.5	23.6	17.9	15.4	3.4	121.2	7.4	14.6	65.5	2	1	0.2	20	7.2	16.1	22.3
448	13.7	13.8	16.5	16.6	23.8	28.8	28.8	30.7	29.6	23.5	18	14.4	35.8	12	10.3	13	34	5	6.7	0.1	30.3	29.9	11.4	46.9
449	11.2	13.4	14.1	18.4	21.5	26.7	32	32.6	27.8	23.7	16.6	13.4	25.7	13.9	65.9	7.1	83.6	15.9	2.1	2	39.8	205.5	91.8	56.4
450	11.8	14.2	12.3	16.7	21.7	26.4	29.3	28.1	27.4	22.6	17.3	14.8	3.7	15	94.1	80.4	17.9	20.9	8.7	4.9	14.5	94.8	107.8	2.6
451	12.7	14.4	12.9	17.6	21	27.9	30.5	30.1	26.8	20.7	19	15.7	9.9	26.8	56.2	49.7	7.8	2.1	1.6	14.6	32.4	22.5	56.6	39.9
452	13.3	11	15	16.3	20.1	27.3	29.4	31	27.5	21.3	18.4	14.7	22.8	54.7	76.6	115.3	67	9.8	0	0	15.1	14.2	86.8	46.4
453	13.5	9.8	15.9	17.3	20.5	26.4	28.6	30.1	26.3	23.1	17.7	16	48.8	132.3	34.6	14.3	19.7	9.5	0.3	5.9	7.6	12.8	68.4	172
454	13.4	14	15.5	17.4	20.8	29	29.4	32.5	28.1	23.1	18.4	13.4	7	35.8	111.3	26.5	0.4	4.9	4.2	0.6	73.5	19.4	25.8	19.2
455	15	17.1	15.6	18.5	21.9	27.8	30.3	32.3	27.3	22.4	17.8	16.5	55	55.9	20.3	9.6	19.4	1.1	0.1	0.1	51.7	115.4	131.7	50.3
456	12.2	13.7	14.5	18.4	23.9	24.9	32.4	30.9	26.9	25.2	18.1	14.6	3.9	104.1	49.9	48	2.5	12	9.4	3.5	8.7	54	147.3	113.8
457	12.8	13.1	16.4	18	22.3	27.9	29.6	29.8	28.5	22	18	14.6	52.3	42.7	6.2	4.5	21.5	13.5	0.3	11.2	54.8	17.9	76.9	77.8
458	13.3	13.7	14.3	17.3	19.8	25.6	28.8	30.1	25.6	23.8	17.8	15.7	76.6	77.8	24.8	14	45	11.5	7	0.7	22.4	29.6	23.5	29.9
459	12.2	13.1	16.8	17.5	20.8	27.3	29.4	28.8	27	23.9	19.8	13.8	4.8	35.4	25.3	18	18.1	2.7	0.3	3.7	38.4	22.3	7.1	75
460	13.3	14	15.1	15.8	21.2	27	30.4	29.1	27.5	22	17.3	13.1	3.6	77.2	56	49.5	17.7	0.2	0	1.9	42.5	20.4	87.8	65.3
461	14.5	9.3	13.9	17.8	21	27.8	29.7	30.7	27.9	22.5	18.2	14.7	19.1	45.6	27.9	7.8	24.5	10.2	0.2	0.2	96.1	42	24.8	137.4
462	13.7	14.2	13.9	16.4	21.7	28.9	29.1	28.1	27.6	22.5	16.3	15.8	25.3	40.1	6.8	59.1	3.7	10	0.8	7	93.1	42.3	60.6	14.5
463	14.1	13.9	15	18	20	26.3	30.6	32.4	29.4	22.5	19	14.9	63.1	45.8	48.7	38.9	29.4	16.6	0.3	0	9	32	49.8	12.8
464	13	12.2	14.7	16.8	21.3	27.6	29	30.9	28.3	23.4	19.1	14.6	61.8	32.1	71.8	46	39.8	2.2	0.6	13.1	4.6	89.8	29.6	55.2
465	13.4	12.6	17.2	17.9	21.5	25.6	30.6	31.4	26.1	23.4	19	15.1	27.8	34.3	26	15.8	22.7	3.1	0.4	1.4	36.6	58.4	48.5	64.9
466	15	14	13.9	15.9	20.2	28.3	32.5	31.6	26.9	20.1	17.6	15.7	15.8	20.3	3.3	13.5	45	2.1	21.5	0	43	85.1	59.3	79.2
467	13.2	12.9	15.2	17.7	20.6	27.2	28.5	31.2	28.9	22.8	18.9	15.1	49.7	42.9	17	31.6	11.1	18.1	7.6	6.3	9.9	97	3.7	45.4
468	15	12.5	15.4	16.9	19.5	25.2	28.7	31	25.4	24.5	17.9	14.8	7.7	154.3	36.2	73.5	6.3	0.5	2.7	0	62.8	109.5	17.3	26.9
469	15	12.6	13.5	16.6	22.6	26.9	30.5	31.8	26.4	22	21.3	14.7	21.3	24.1	24.5	17.5	50.8	12.7	1.4	0.7	3.2	28.8	83.6	94.9
470	11.8	12.8	14.9	17.3	20.9	27.4	27.5	30.9	26.9	23.2	17.6	14.6	33.5	40	56.2	19.8	7.5	1.7	0.3	12.7	1.1	9.5	16.9	25.4
471	12.6	13.4	16	16.9	23.6	24.6	28.3	30.4	28.1	23.6	18.3	15.7	43.2	74	45.1	22.2	14	2.7	0.4	7.2	44.6	182.1	78	38.5
472	13	14	16.8	19.5	22.4	27.3	28.5	31.2	26.3	21	19.7	16.3	49.2	28.7	45.6	15.7	15.5	2.2	0	5.7	2.4	40.1	29.8	63.4
473	14.5	15.6	14.9	16.7	20.5	26.2	28	32	25.6	22.1	18.8	16.2	22.7	54.8	36.7	32	18.8	28.4	0.3	0.7	6.4	12.9	89.9	138.2
474	13.8	11.6	14.2	17.8	23.3	25.9	30.9	28.1	26.6	25.6	17.9	15.3	28.6	78.8	27.4	21.5	8.5	2.4	3.7	4.2	0.1	24.7	27.9	63.7
475	13.6	16	15	18	23.1	24.8	29	28.8	27.7	24.4	18.2	13.1	86.5	62.1	29.2	37.2	9.2	11.4	0	8.9	24	69.6	27.9	101.3
476	13.3	13	13.3	16.8	22	25.2	29.6	30.3	27.5	23.7	17.1	15.2	23	92.9	71.1	13.6	5.6	2.4	1	1	30.6	118.4	39	24
477	12.4	11.2	17.7	20.9	23.8	29.6	31.9	29.3	27	22.5	18.7	13.7	120.2	30.8	24.5	2.3	2.2	0.3	2.4	0	45	13.2	48.7	106.6
478	16.1	14.2	14.9	19.8	21.3	27.5	32.3	31.3	27.6	27	20.3	15.8	33.9	4.9	32.3	6.5	10	23.1	0	0.2	26.1	72	139.3	56.7
479	12.4	15.6	17.7	17.5	21.7	25.4	26.9	31.6	24.8	22.3	19.3	13.7	20.6	24.5	9.5	31.9	32.4	4.7	0.9	1.2	53.8	46.8	15.7	40.2
480	13.6	13.3	16.5	19.6	20.3	26.2	30.1	30.1	26.8	23.5	17.7	16.1	25.4	3.6	55.2	6.2	58.6	0.4	0	5.9	12.5	5.7	29.3	43.3
481	14.8	11.7	14.3	17.9	20.2	27.5	25.7	29.2	26.1	23.6	19	13.6	60.1	16.2	16	5.5	42.8	30.1	0.8	3.8	8.2	6.3	56.5	10.5
482	13.1	12.5	15.6	17.7	21.5	28.2	29.1	30.4	26.9	21.6	18.4	13.6	28.8	77.8	9.9	64.1	15.6	8.4	0.3	1	30.3	26.4	22.8	63.9
483	13.4	14.1	15.2	16.2	22.1	29.8	30.6	29.6	26.3	24.7	18	13.3	113.1	10.2	26.4	32.8	7.5	0.5	0.5	5.1	18.4	57.9	19.3	45.3
484	14	14.6	16.9	18.7	24.8	25.9	31.4	30.5	27.7	24.8	18.2	14.3	26.3	22.8	4.5	15	1.5	2.3	0.1	0.1	5.7	25.8	148.6	13
485	13	13.7	15.2	17.6	23.6	25.2	29.6	33	28.1	22.3	17.8	15.4	20.4	48.6	14.5	7.9	7	3.1	0	3.2	3.7	78.8	15.4	43.6
486	13.1	15	17.3	17.4	20.5	25.9	29.3	28.4	29	23.5	17.9	14.6	10.3	7.7	3.7	6	33.3	11.8	7.4	1.1	13	7.5	19.3	15.9
487	12.3	14.1	14.9	16.4	19.3	26.1	29.8	30.7	27.5	21.3	17.4	14.5	85.5	28.5	56.2	23.7	39.3	12.5	0.9	17.6	11	30.6	46.8	6.8
488	13.4	15.9	17.4	17.5	24.9	25	29.9	31.1	26.6	23	19	16.7	22.4	2	36.3	73.5	13.4	1.1	0.9	0	0.5	19.3	6.3	43.8
489	12.2	11.9	14.6	18.3	22.4	27.6	29.6	30.1	27.6	22.9	16.7	15.7	13	9.9	8.9	34	1.4	4.5	0.2	4.2	21.6	47.7	116.7	42
490	11.9	14.1	15.5	16.8	23.1	26.3	29.5	31.3	28.6	24.7	17.9	14.3	22.5	7.3	5.1	11.2	5.1	6.7	1.1	0.4	2.4	91.7	53.6	138.8
491	13.8	12.3	15.4	17.7	20	27.2	28.9	31.9	27.4	22.8	17.8	13.1	34.2	19.7	15	40.7	18.6	0.1	1.9	2.8	24.9	45.6	39.3	47.4
