#header info#
39.25	#latitude; used for cacluating drought index in model bugmann#
5	#meter a.s.l. of climate station#

#temperature lapse rate with increasing altitude: #
-0.61	-0.64	-0.58	-0.60	-0.53	-0.44	-0.40	-0.48	-0.57	-0.53	-0.63	-0.64

#precipitation lapse rate with increasing altitude: #
8.19	6.74	6.91	6.83	3.78	1.68	0.99	1.28	3.95	6.34	8.80	11.12

100	#meter: corrections (see above) every x meter. #

#	mean monthly temperature (∞C) total monthly precipitation (mm) #
#year	jan.T	feb.T	mar.T	apr.T	may.T	jun.T	jul.T	aug.T	sep.T	oct.T	nov.T	dec.T	jan.P	feb.P	mar.P	apr.P	may.P	jun.P	jul.P	aug.P	sep.P	oct.P	nov.P	dec.P#
1	8.9	11.9	11.9	14.4	20.1	22.7	24.2	26.8	22.9	19.6	14.3	13.3	26.4	3.4	35.4	17.7	2.4	13.7	0	0	10.1	70.2	2.9	104.1
2	11	10.6	12.8	14.8	18.9	20.7	22.4	24.2	20.7	17.1	16	10.7	4.1	16.4	20.5	24.5	5.6	4.8	0	2.1	4.2	149.9	77.7	46.9
3	10.3	9.9	12.1	12	17.8	23.9	21.8	24.1	22.2	15.9	13.4	10.2	13	162.9	81.3	20	41.7	18	9.8	5.5	5.8	17.4	28.7	70.9
4	9.6	9.9	13.6	14	18.3	20.8	21.3	24.1	22.3	20.3	12.3	9.1	44.6	18.6	18.8	5.3	1.1	1.1	6.8	2.1	40.1	169.6	56.4	27.7
5	11.9	9	13.1	13.4	17.7	23.8	24.3	23.7	23.6	19.2	15.8	11	79.7	39.5	16.1	25.5	93	25.9	0.3	3.1	43.2	66.9	36	25
6	11.1	12.4	11.4	14	15.1	23	26.4	27.2	23.7	21.5	14.1	10.4	65.7	6.9	77.5	62.7	17.7	5.6	0	9.2	17.7	13.1	83.6	59.7
7	11	11.4	10.8	14.8	18.4	23.1	25.8	25.8	22.4	18.2	12.7	12.8	33	36.5	31.8	14.9	4.4	0.1	3.4	6.9	7.9	54.6	75.9	2.8
8	8.3	12.1	12.3	13.1	17.3	22.5	23.7	25.6	23.7	18.6	14.2	9.9	39.2	34.7	36.8	38.2	10.5	0.1	0	0	35.7	64.7	91.1	60.2
9	8.8	12.1	11.3	13.1	17.9	25.7	23.5	25.1	23.2	20.1	14.1	11.6	14.5	31.4	27.9	35.2	5.7	0.7	1.2	1	15.6	30	3.5	60.6
10	11.9	9.6	12.9	14.8	18.3	22.3	24	27.1	22.1	16.7	14.3	11.3	25.9	155.6	36.5	108.2	24.3	16.2	17.4	0	34.2	8.8	87.1	29.5
11	8.6	12.2	12.6	14.5	17.3	22.7	24.9	26.7	22.2	20.1	15	10.4	152.8	26.6	11.8	34.6	18.3	2.3	0.4	3.2	21.8	41.7	16.4	10.2
12	10.1	13.2	12.6	12.1	17.6	23.1	24.8	25	24.7	20.6	16.4	12.7	7.9	14.3	21.4	113.1	6.2	25.1	5.5	3.6	5.2	28.2	44.5	34.4
13	11.5	9.3	12.2	15.3	17.7	20.3	24.8	26.3	23.8	19	14.5	11.8	59.5	93.8	26.6	8.5	1.3	6.4	0.4	0	22.3	89.1	12.3	28.8
14	10.6	10	13.4	14.3	18	23.5	25.5	27.4	23.8	20.2	14.8	12.5	4.8	68.3	13.3	26.5	49.4	5	3.1	25.4	2.9	44.6	78.9	28.2
15	11	12.7	12.6	13.5	18.9	22.3	26.3	27.8	23.5	21.8	14.5	12.3	50	19.7	36.1	68.5	8	19.5	3.1	2.9	77.2	154.1	123.2	42.3
16	11.1	10	9.9	14.8	17.8	22.9	23.9	25.5	24.3	19.1	13.6	11.5	134.5	32.3	60.8	69.2	23.4	46.5	5.3	0.4	118.1	78.3	48.2	26.4
17	12.3	10.7	14	15.4	20	22.4	23.7	26.3	21.1	17.9	14.8	10.1	22.7	35.5	18.7	54.6	14.1	9.5	4.3	10.4	1	14	23.7	6.6
18	11.4	10.3	11.8	13.6	19.1	24.5	26.6	27.9	24.6	19.7	14.1	10.2	59.2	14.6	12.6	15.1	2.3	2.7	0	3.4	14.8	84	118.9	50.2
19	8.6	10.7	12.1	14.2	15.6	20.6	25.8	25.1	21.7	18.4	13.6	13.3	53	34.6	49.9	24	54.7	19.3	0.8	20	103.2	38	38.2	24.7
20	8.8	11.7	12.4	13.9	19.6	23	27.5	28.4	23	19.7	13.8	8.9	95.3	28.7	36.6	24.6	12.7	3.9	0.1	10.8	1.5	19.1	50.5	60.7
21	9.2	9.5	13.2	13.3	16.8	23.7	27.5	26.5	21.5	19	14.8	10.8	23.6	58.5	2.8	74.5	17.7	3.9	0.1	1.4	26.5	45.1	90.6	37.7
22	10	10.2	12.2	13.5	17.4	23.1	28	26.2	23.8	19.8	15.1	12.9	81.3	111.5	124	71.2	125.5	8.2	6.5	10	34.2	49.6	76.7	37.3
23	12.1	7.9	14.6	14.2	20.1	24.4	25.7	25.3	22.8	18.9	15.6	12.3	76.5	87.3	18.8	24.2	3.2	5.7	0.9	40.4	59.8	11.2	222	62
24	10.7	10.9	13	15.9	19	24	23.7	30.1	24	20.8	14.6	12.8	112.9	68.2	120.4	12.1	4.6	0.1	6	4.8	4.9	86.4	49.1	12.9
25	11.5	12.4	12.3	15	18.3	21.5	25.4	25.2	22.6	19.9	15	9.8	59.1	58.2	66.5	54.9	13.7	7	8.8	9.5	35.9	6.1	27.4	33.2
26	9.4	9.5	14.1	15.8	19.1	21.8	26.3	26.3	23.3	18.7	15	12	19	40.6	25.3	61.4	3.6	1.2	3.4	1	1.5	47.9	102.3	49
27	11.6	9.2	12.7	15.1	17.8	22.8	28.8	26.4	21.8	17.7	15.1	10.7	76.2	14.8	4.1	49.8	68.2	1.7	0.6	10.8	4.2	11.8	100	79.2
28	9.9	13.3	12.4	16	17.6	21.1	24.2	28.4	24	20.5	14.8	10.4	13.9	57.2	12.1	11.5	9.6	3.4	11.8	0	3	25.4	206.9	84.4
29	8.8	10.6	12	13.3	16.7	22.8	25	25.6	23	19.9	15	12.1	101.7	21.1	57.6	14.2	55.2	2.2	1.6	1.7	22.6	17.6	19.5	47.4
30	10	12.2	13.8	15.5	19.2	23.1	24.7	23.6	24.7	19.9	14.8	14.5	17.8	38.3	15	71	40.7	4.5	1	39.5	15.4	67.2	17.1	74.3
31	10.5	12.5	12.4	15.6	15	24.5	27.4	28.1	22.2	22.2	16.3	13.3	48.6	3.5	81.8	57.9	52.6	29.5	3.5	3.5	4.8	41	100.8	54.6
32	10.5	11.2	13.6	14.9	18.2	22.9	25	25.5	23.6	19.2	16.9	11.9	22.1	129.5	22.5	17.4	3.3	6.7	0	3.9	33.2	37.6	8.6	20.7
33	10.7	12.4	12.3	14.7	16.5	22.3	26.2	26.7	23.7	21.3	15.1	13.8	16.6	14.2	61	51.3	61.8	0.5	0	4.1	6.9	102.5	69.3	41.5
34	9.6	10.6	12.5	17.4	17	23.3	26.1	28.4	24.5	19.1	13.6	11.7	17.5	33.3	28.9	52.9	3.8	3.4	0.1	39.3	2.3	12.4	18.8	33
35	8.9	11	12	16	16.7	22.7	25.3	27.5	23.6	21	14.9	12.7	9.5	9.7	130.7	14.6	59.3	0.4	17	32	43.8	33.3	13.2	57.5
36	12.1	11.7	12.9	14.8	15.8	21.6	27.3	27.3	25.1	17.9	15.1	13.5	126.4	2.3	17.7	33.1	58.6	8.9	0.3	0.4	0.8	59.6	22.2	98.5
37	8.9	10.1	11.9	15	18.8	22.5	26.6	25.8	25.2	20.7	14.5	11.6	63.6	21.8	12.6	69	24.6	7.4	0.5	9.9	44.5	48.8	146.6	80.1
38	13.2	11.1	11.3	15	19.5	23.4	26.2	26.6	23.9	20.5	13.9	14.5	51.4	39.8	46.9	17.3	24.7	3.8	6.5	1.6	26.8	47	76	30.6
39	11.4	13.6	13	15	20	23.2	26.8	26.5	24	19.3	14.7	12.9	103.9	124.5	69.4	12.9	22.3	5.7	0	4.2	35.6	12.2	35.6	1.8
40	11.3	8.4	13.1	14.6	20.2	21.3	26.3	25.1	23.8	19.7	15.4	11	83.9	114.1	27.4	10.2	6.6	21.9	0.2	3	120.2	66.6	77.7	58.8
41	10.5	11.2	11.4	15.2	21.6	25.1	25.3	24.7	22.3	20.2	14.2	11.5	19.3	15.6	42.3	24.8	9.5	2.7	0	0.1	88	34.2	9.9	46.1
42	10	9.4	11.7	15	20.8	23.8	23.8	26.1	24.8	18.5	14.9	11.7	27	89.1	52.7	50	64.3	9.9	0.1	0	29.5	35.9	110.3	23.7
43	9.8	11.6	13.7	15.3	17.9	25.1	25.6	25.9	24.3	17.8	16.7	12.4	55.1	71.2	34.5	16	5.7	2.3	3.9	2.4	66.4	102.4	46.1	71.8
44	12	12.4	11.6	17	17.6	22.3	25	25.9	25.2	19.1	13.2	10.4	73.8	13.6	168.5	39.8	8.3	10.9	0.1	1.3	9.8	35.2	50.1	40
45	10.9	11.2	11.2	15.7	18.8	24.5	26.1	28.2	25.2	18.7	15.9	13.7	16.3	15	87.1	8.6	45.5	5.4	4.3	1.5	15.1	46.2	19.9	16.7
46	10.8	13.5	12.1	13.7	18	23.1	24.9	28.4	22.3	19.3	14.4	10.8	189.9	35.6	11.5	23.4	37.5	3.1	0.1	0	25.4	70.1	20.5	68.4
47	9.4	12.2	13.8	13.8	18.5	21.6	27.8	26.6	24.3	22.3	14.1	12.2	64.3	11.1	56.9	35.9	9.9	12	2	1.5	87.4	41.1	64.4	13.9
48	10.8	12.7	12.8	15.1	18.7	23.5	24.9	28.1	22.4	20.8	15.3	10.3	142.7	11.3	30.6	12.5	18.1	8.1	1.8	1.8	0	96.9	14.4	55.8
49	11.8	10.4	14.2	14.6	21.3	24.6	25.4	27	23.1	19.9	15	11.8	35.8	28.5	5.5	71.8	11.7	0.2	5.2	5.1	26.8	138.5	54.6	95.9
50	9.7	11.4	11	14.9	19.7	23.4	28	28.5	22.7	20.1	14.8	13	44.2	10.1	127.9	55.4	2.3	7.9	6.6	2.3	13.4	31.7	21	61.3
51	11.9	11.3	11.9	16.3	18.2	23	25.9	26.9	23.2	18.6	14.6	12.8	16.9	72.9	16.7	4.2	37.8	8	3.7	0.4	7.8	19.2	11.3	18.3
52	11.7	11.9	13.6	14.2	18.4	23.8	25.5	27.7	22.9	21.1	14.6	10.3	52.7	21.8	31.6	6	10.4	5	6.8	0	3.2	102.9	59	125.9
53	12.9	9.9	12.6	15.2	16.8	23.7	26.8	26.8	23.8	20.8	15.5	12	33.4	26.6	158.1	14.2	32.5	0.6	5.7	45.3	1.4	58.4	77	55.4
54	10.9	14.2	13.4	15.4	20.1	26.3	27.4	25.5	23.8	20.1	16.4	11	27.7	15.9	42	20	10.1	0.2	4	1.5	57.3	303.4	11.5	29
55	13.3	10.8	11.7	16.1	18.1	22.3	27.8	25.9	23.2	20	16.1	12.8	37.5	34.5	105.4	17.9	74.6	6.5	4.4	36.9	19.3	55.6	124.7	24.7
56	10.6	12.4	13.6	15.5	17.8	24.5	27.9	26	22.9	20.2	15.4	10.4	51.9	35.1	39.2	47.5	25.6	3.7	2	16.5	63.5	10.6	43.9	56.1
57	12.3	10.2	13.9	14.8	22.2	23.9	23.1	26.9	23.3	21.5	13	11.6	40.8	7.9	6.7	27	0	2.3	0	3.3	60.7	61.9	10.7	36.5
58	10.8	11.8	12.8	14.3	20.3	23.6	28.3	26.3	21.9	18.1	15.8	11.7	49.1	158.4	54.1	33.2	10.9	2.7	0.2	0	11.2	30.8	43.1	91.5
59	11	11.9	14.6	15	21.5	23	27.1	29.5	23.9	19.5	15.4	12.4	100.3	68.4	38	10.8	29.4	1.2	0	0	22.2	92.8	97.6	60.4
60	9.4	13.5	11.7	14.7	18.9	23.3	26.3	27.3	24.7	21.6	14.2	14	127.7	90.7	108.2	46.6	38.7	13.7	0.1	2.1	7.9	22.9	43.2	37.6
61	11.4	10.9	13.1	15.3	19.8	24.1	27.9	27.7	24.3	18.5	15.8	11.8	54.6	13.2	73.8	20.2	12.6	5.5	0.8	0.1	11.7	29.7	142.7	47.4
62	11.1	12	13.4	14.5	19	23.6	25.2	25.8	23.4	19.9	15.3	13.6	17.6	27	36.5	14.6	9.2	59	2.8	4.1	77.5	61.9	35.3	59.5
63	9.7	13.1	13.9	14.8	19.1	25.5	25.2	29.4	23.2	22.9	15.5	11.2	18.8	19.4	18.6	14.8	5.5	3.3	0.7	0.4	6.8	84.9	64.6	21.1
64	10	11.3	11.8	15.8	20.1	22.9	28.3	26.5	24.7	20.7	14.8	14.1	51.1	20.5	34.9	23.2	37.2	4	9.2	0.9	14.4	71.5	22.3	58.3
65	11.6	11.5	12	15.1	18.4	19.8	27.6	25.6	23.9	18.9	16.6	12.5	51.6	8.4	88.1	29.2	48.8	7.9	24.3	0	84.4	39.6	76.8	53.2
66	10.2	12.5	14.6	14.5	18	24	24.3	26.8	24.8	19.3	14.8	13.5	39.4	37.3	43.1	132	10.9	14.1	0	2.1	104.5	96.1	70.2	49.6
67	12.7	10.7	13	15.2	17.4	21.7	28.3	27.5	24.2	19.9	15	12.4	22.7	58.6	36.3	25	22.4	20.7	0.5	2.5	11.8	109.5	81.2	25.8
68	11.9	9.4	13.6	15.9	19.6	22.4	23	28	22.2	20.1	15.4	13	71.7	146.2	105	3.8	27.2	15.3	0.3	0.2	79.7	6.7	100.7	18.4
69	10.2	11.3	13.4	17.7	19.8	24.3	25.9	26.2	21.9	21.3	16	13	44.9	44	23.7	15.2	13.8	1.6	0.4	4	31.4	59.5	60.6	103.3
70	10.5	11.4	12.9	15.1	20.6	24.9	27.3	29.5	22.6	19.3	14.6	13.5	49.3	11.7	64.3	4.1	1.9	0.1	0.1	16.5	2.8	160.1	58.9	116.5
71	11.1	11.5	13.7	14	19.8	23.9	25.9	29	24.2	20.9	16.3	13.3	4	42.8	15.9	8.4	17.2	1.5	1.5	0.6	16.9	32.8	23.3	48.8
72	12.4	10.5	14.8	15.7	17.1	22.9	24.8	25	24.2	21	15.5	14.5	30.2	17.7	3.7	3.4	19.8	1	1.8	32.5	15.9	30.5	44.1	71.6
73	11.7	12.5	13.3	11.2	17.8	24.3	25.6	25	23.5	18.7	14.3	10.8	45.3	5.3	43.7	49.5	38.8	6.7	0.9	24.1	43.3	7.2	13.9	7.6
74	9.2	9.1	13.9	16.2	20.9	23.2	27.6	27.4	22.5	23.2	15.2	12.1	26.9	54.5	63.7	68	11.2	7.6	0.6	28.1	35.1	81.4	50.8	5
75	11.9	13.2	13.5	14.5	17.3	21.9	25.9	30.1	22.4	20.6	14	13.5	53.8	5.9	13.9	44	8.7	5.9	0.3	0	53.2	39.3	70.2	26.6
76	13.3	13.2	10.5	17	18.6	23.3	31.3	29.1	25	19.2	15.3	13	58.3	60.5	40.5	13	73.5	10.1	8.4	0	3.6	28.2	68.8	38.7
77	11	12.4	13.2	15.6	19.2	24	24.3	24.6	25	21	16	13.3	49.8	48.8	31.7	30.6	10.3	1	0	12.8	2.1	14.8	66.9	81.2
78	11.8	10.4	13.5	16.4	21	23.9	26.1	27.3	25.2	20.5	14.6	12.6	62.8	69.5	82.1	22.9	21.8	47.7	12.2	11	50.2	107.6	92.6	48.9
79	10.8	13.4	14.3	16.4	19.1	25.2	26.2	29.6	25.2	19.5	15.2	13.4	8	14	22.7	23.6	24.9	9.2	6.5	0.1	1.4	35	117.1	5.8
80	12.9	12.4	13.8	14.7	17.1	23.1	27.3	26.5	23.8	20.7	14.5	12.8	58.6	30.1	31.1	21.2	26.5	0.5	1.2	0.2	19.8	4.9	29.8	45
81	10.8	10.7	13.6	16.4	20.6	21.7	26.8	26.1	25.8	17.7	14.2	13.6	62.9	41.2	33.7	6.1	11.8	1.7	0.1	0	2.2	55.9	22.7	42.6
82	10.4	10.4	12.9	15.5	17.5	21.5	24.9	26.5	21.9	20.4	14.8	12.6	94.9	88	24.1	7.9	10.7	0.3	1.3	2.2	61.4	178.3	6.8	53.7
83	10.6	11.9	11.1	15.4	20	19.8	29.6	24.7	24.2	18.9	14.9	10.5	43.2	29.1	31.1	21.8	13.3	4.8	3.5	1.7	10.7	66.6	154.8	52.8
84	11.2	13	13.9	16.2	17.5	23.1	28.3	25.5	25.1	20.6	13.2	11.6	60.7	45.3	55	19.6	98.3	22.5	0	21	10.9	30.9	42.6	82.7
85	9.7	11.6	12.6	15.4	21.4	22	25.1	28.4	26	22	15.2	13.3	142.2	64.2	112.3	41	62.5	2.6	13.9	1.2	12.5	54.2	53	24.6
86	11.3	10.8	12	15.7	15.4	25	25.9	23.8	25.6	19.4	15.4	11.5	9.3	58.8	20.9	31.8	35.3	8.9	16.9	0.7	6.6	10.1	31	44.7
87	11	10.8	13.3	14.9	19.4	22.7	26.7	29	23.9	22.5	16.1	11.8	102.6	109	42.8	52.8	1.2	3.6	6	9.7	22.8	110.2	76.7	60.3
88	10.5	15.4	13.1	13.4	19.7	22.4	26.8	25.4	24.8	19.6	16.2	13.1	27.9	9.9	27.2	36.3	8.2	3.9	8.2	61.5	30.6	115.2	32.4	39.4
89	10	11.7	12.9	14.2	18.3	24	26.1	28.4	26.8	21.5	14.2	12.6	31.4	38.8	48.2	28	51.4	10.5	20.1	0.3	16.1	71.6	83.9	47.1
90	13.4	7.4	12.7	14.2	18	23.1	25.8	28.7	22.9	20.3	13.9	12.4	124	101	3.6	22.7	21.7	3.1	3	0	7.4	121.1	49.6	18.9
91	11.2	12.1	13.3	15.1	18.4	24.8	25.4	27.6	24.2	18.5	14.8	14	50	37.2	12.1	9.3	30.1	8.4	0.1	2.3	40.6	27.5	22.6	152.5
92	10.7	13.9	13.2	14	18.6	25.3	28.2	24.8	23.7	20.2	14.7	12.9	43.6	16.2	57.4	18.3	15	1.5	8.8	3.6	22.2	20.9	112.7	93.1
93	12.6	12.2	13.4	15.2	18.4	22.2	28.4	27.6	24.6	18.7	15.3	14.2	59.2	33.4	53.8	17.9	70.8	4.4	1.1	4.8	24.1	31.1	25.2	23.7
94	10.8	11.6	14.2	15.7	14.9	21.4	27	28.2	21.6	21.9	16	10.4	11	66.1	69.5	97.5	116.9	1.1	1.2	0.6	13.3	70.9	33.4	16.4
95	11.5	10.7	15.3	15.9	21.2	23	27.1	27.7	25	18.6	16.7	12.1	13	50.9	15.9	5.6	21	6.8	6.4	0.6	31.5	11.9	56.2	44.4
96	10.3	9.7	13.1	18.1	21.1	23.7	27.6	24.6	25.1	20.1	13.9	14.4	47.1	49.1	92.3	29.2	7.7	42.4	8.1	25.8	31.7	7	53.3	105.1
97	13.2	12.2	12.8	15.7	19.4	22.7	27.4	25.3	24.1	18.4	15.1	12.8	60.8	8.1	53.3	79.4	38.2	15.7	2.7	5	10.7	282.8	140.1	70.5
98	10.9	11.5	13.7	13.8	19.2	24.3	27	25.4	22	19.6	15.3	11.9	80.2	54.8	28.4	59.1	22	0.1	0	0.1	30.8	71.2	27.6	16.6
99	13.4	11.4	14	14.6	18.9	21.4	26.4	26.4	24.6	20.3	15.2	13.6	24.2	102.6	39.8	69.5	73.6	25.6	2.1	3.4	13.8	26.4	10	64.5
100	12.5	11.9	12.2	15	19.1	22.4	26.9	27.1	24.4	20.8	15.3	12.2	59.1	7.1	52.6	22.9	0.1	1.4	4.4	0.1	0.4	29.1	81.7	11
101	9.6	12.8	12	15.2	19.9	24.5	27.9	28.2	24.5	18.6	15.4	13.3	26.3	13.2	71.7	105.2	18.4	3	6.5	7.2	12.4	79.8	57.6	18.6
102	9.3	10.7	14.2	17.5	21.1	23	26.9	26.7	25	20.6	15.4	11.8	63	41.4	31.1	40.5	7.7	28.2	0.6	27.4	7.1	40.6	52.1	47.6
103	9.7	14.2	13.4	16	19.6	21.8	25.5	28.4	25.2	20.5	13.1	12.2	7	2.9	1.1	72.1	12.3	18	2.4	4.2	2.4	47.8	46	45.3
104	12.7	10.1	12	15	19.6	22.1	27.1	26.6	24.3	24.2	13.7	11.3	60.9	65.8	27.2	2.8	9.5	19.4	0.2	0	18	81.9	37.4	132.2
105	10	11.5	11.6	14.9	16.7	23	26.4	28.1	24.8	21.9	17	15.1	51	70	27.2	9	60.7	12	9.4	1.3	2.9	74.3	69	55.5
106	12.5	10.2	14.6	16.2	18.3	25	28.2	26.6	24.7	20.8	15.6	12.5	57.2	80.9	40.7	25.5	42.5	37.5	16.3	5.5	17.4	86.6	7	18.1
107	11.9	16	12.6	13.4	20.4	25.9	27.7	25.7	24.3	21.1	15.8	12.2	22.8	23.8	47.4	19.6	27.3	0.1	0.3	22.1	7.6	32.2	99.1	39.3
108	10.6	12.7	12.2	15.3	17.5	24.2	27.5	25.8	25	20.3	15.1	13.8	33.3	89.7	16.3	100.6	42.1	9.8	1.6	1.9	34	54.9	66.1	14.9
109	11	9.8	12.5	14.6	19.9	23.6	24.8	25.1	22.7	20.1	15.6	12.8	45.3	46.8	44.6	42.5	13.8	2.1	0	3	10.9	55.9	49.7	33.5
110	10.2	10.7	12.3	15.8	19	23.4	28.8	27	24.4	21.4	15.8	13.8	10.7	188.8	5.2	23.2	21.6	2	0	2.8	50	4.9	51.3	41.1
111	12.4	12.1	14.5	14.5	19.6	25.4	28	29	23.8	19.4	16	12.9	43.5	33.8	24.7	7.2	32.7	4.7	0.4	0.2	31.4	27.5	8.3	34.8
112	11.9	11.4	13.1	14.2	18.6	26.5	27	27.4	23.6	19.2	13.2	12.1	70.3	93.1	22.9	68.1	46.3	19.2	0.5	6.8	28.5	41.8	13.7	52.1
113	12.3	12.8	12.9	15	18	24.8	24.4	27.6	22.2	21.1	14.8	13.5	158.2	14.4	10.2	5.1	1.5	9.6	0.9	17.9	40.9	139.8	14.2	64.5
114	11.5	13.2	13.6	15.8	17.8	26.6	23.7	29.2	24.5	19.6	15.8	11.8	14.7	29.2	20.2	10.6	30.1	2.9	2.5	0	48.3	15.5	61.7	71
115	10.9	12.9	10.2	16	17.6	24.7	24.4	28.7	25.9	20.8	15	11.7	35.5	21	4	27.5	24.3	0.2	0	0.4	9.3	20.6	37.1	5
116	10.4	11.1	11.5	14.8	20.4	23.4	26.4	28.4	24.6	19.3	14.7	14.7	41.2	33.2	77.2	23.1	14.1	18.4	4.4	0	35.3	49.3	48.2	45
117	10.4	12	11.3	15.4	18.8	23.5	28.2	28.2	23.7	19.7	15.5	13	53.6	16	76.9	35.1	29	8.7	1.9	0	1.9	198.8	17.3	24.7
118	9.8	11.4	12.7	14.1	19.9	21.9	25.8	27.5	25.5	20.5	14.3	12.5	28.4	27.9	19.4	13	12.9	2.4	2.4	1.4	34	79	50.8	98.7
119	11.6	9.8	13.5	15.3	19.2	23.7	25.6	28.4	25.5	22.9	16.1	12.7	54.7	39.3	31.4	25.1	10.3	1.2	0.1	7.5	14.2	100.8	66.4	54.8
120	11.6	11	12.7	13.4	20.7	24.4	26.5	25.5	24.3	17.3	15.5	12.7	40.3	10	9.2	28.1	8.3	1	0	2.5	37.3	52.2	11.4	46.6
121	12.7	9.4	12.3	15.3	20.5	22.4	24.8	26.9	24.4	18.2	13.8	14.1	41	96.3	14.6	111.9	14.4	4.3	0	15	24.2	65.4	121.1	68.6
122	10.6	11.3	13	14.9	18.1	25.7	24.5	28.3	24.8	20.9	16.2	12.4	23.6	85.8	35.3	13.7	55.7	2.4	0	0.2	3.9	58.1	2.1	14.7
123	11.4	11.1	14.3	15.6	21.1	22.6	27.4	27.7	23.9	18.7	15.5	13	5.5	19	50.6	20.2	0.1	9.7	16.1	18.1	0	31.1	17.9	25.4
124	10.2	13.8	12.6	15.5	19.6	21.9	25	26.2	25.1	18.5	14.2	12.4	9.4	3	26.7	54.2	5.3	2.2	2.9	0.7	62.2	13.8	126.1	63.6
125	11.1	11.1	14.1	14.7	21	25.5	26.1	27.6	23.9	21.9	15.3	13.1	67.3	15.6	59	20.8	0.5	5.7	0	0	50.5	57	14.1	5.3
126	9.4	12	13.7	16.1	20.4	23.9	27.6	26.2	24.8	19.8	16.7	12.1	4.2	69.4	4.1	6.6	14.9	20	0.3	0.1	68.6	54.3	118.3	68.9
127	9.7	11.1	12	15.4	19.4	21.7	25.7	27.1	25	19.1	16.9	13.1	52.8	15.8	56.9	59.6	54.1	1.9	2.4	0	6	69.5	125.3	61.2
128	11.9	10	12.5	14.9	17.2	24	26.6	26	23.9	21.3	16.1	12.6	26	85	84.9	113.1	23	0.2	0.7	21.7	38.5	27.9	137.2	10.4
129	12.5	13.5	13.6	16.8	17.5	23.6	27.6	28.4	23.6	21.3	14.3	12.9	37.6	46	42.1	27.3	2.6	34.5	4.4	2.6	34.1	13	13.3	150.8
130	10.5	12.5	12.9	16.4	18.8	25.5	25.1	27.4	25	20.5	16.8	11.2	35.6	17.2	28.9	39.5	8.3	0.4	0	0.6	11.4	36	70.5	41
131	10.2	11.9	12.8	16.1	20.6	24	25.7	28	24.5	20.2	17.1	12.2	33.2	26.4	54.4	19.5	7.4	10.4	0.1	0	28.3	2.4	67	12.1
132	11.9	11	15.4	12.9	21.2	22.4	24	29.4	24.2	21.2	15.8	12.8	135.6	49.2	23	25.1	13.3	43.5	5	1.1	23.9	113.8	49.6	50
133	11.5	10.7	12.8	13.7	20.7	23.1	25.7	28	23.6	20.7	14.4	13	83.7	136.6	13.8	23.4	4.7	24.7	0.2	0.3	29.5	47.2	22.1	14.6
134	12	12.5	12.9	16	20.1	24.1	26.9	27.5	24	20.2	15.7	13.9	63.8	67.3	39.6	59.1	46.1	1.4	2.5	2.4	10.2	31.6	18.4	30.4
135	10.9	12.6	14.5	14.7	19.8	23.5	25.2	25.3	23.6	21.3	14.8	14.7	31.9	23.2	5.6	13.7	21.4	0.5	0.8	0	10.8	27	59.6	152
136	10.9	12.1	14.1	14.9	19	22.7	26.6	26.2	23.5	21	13.8	11.7	43.4	17.3	3.2	55.3	7.6	11.7	4.8	34.3	3.9	14.8	38.3	15.5
137	11.7	12	11.5	15.1	17	23.5	27	28.2	25.2	21.1	16.3	11.3	11.5	19.4	75.9	59.3	78	0.1	0	15.3	11.2	178	5.9	61.5
138	11.3	11	11.1	15.3	20.8	24.7	24.1	26.5	24.5	20	14.7	10.1	14.8	58.9	29.7	7.3	29.6	3.2	0	13.9	21.1	7.2	98.7	29.3
139	9.3	9.3	14.5	14.8	19.2	25.8	25.5	29.8	24.5	19.2	14.3	10.8	17.2	53.3	6.7	74.7	52	0.8	3.4	0.2	37.3	159.1	41.2	36.9
140	9.3	12	13.7	15.8	18.3	23.4	27.3	25.7	24.9	18.8	15.8	12.9	23.3	16.6	69.9	15.1	95.7	9	7.3	1.3	35.3	57	13.8	62.3
141	8.4	11.7	12.7	14.3	19.6	21.8	27.2	27.3	23.4	19.4	16.1	14.2	11.7	45.6	15.3	20.1	18.2	4.7	1.4	0	39.5	74	174.9	14.2
142	12.2	10.2	11.1	16.1	17.8	23.8	26.6	29.4	23.5	18.8	15.9	11.9	12.6	23.2	28.4	36.4	17	8.2	1	0.7	58.9	15.7	62.6	45.6
143	10.6	13.2	13	15.8	16.1	21.7	29.1	26.3	24.1	21.3	14.3	14.1	78	2.4	25.1	74.5	40	8.3	3.9	3.8	12.6	20.9	41.1	153.2
144	10.4	14.8	13.9	15	17.7	22.5	29.4	25.7	24.8	21.6	16.2	10.7	9.3	36.4	15.5	30.4	22.8	0.8	5.5	1.4	33.1	81	131.6	58.7
145	12.7	10.4	14.4	15.9	19.2	21.6	26.6	27.4	27	17.7	15.2	14.4	46.3	17.8	169.3	36.8	26.8	1	1.4	1.8	0.7	43.2	99	29.3
146	13.2	12.5	12.1	13.6	19.9	24.5	27	28.7	24.6	19.1	15.3	12.9	18.6	14.8	44.9	43.6	31	0	8.7	0	17.4	86.3	58.8	37.6
147	10.1	13.2	14.1	15.5	19.3	23.2	30.1	29.2	24.2	18.8	15.3	13	11	73	12	72.6	26.4	8.9	10.4	3.9	29.4	52.7	65.6	42.3
148	11.1	12.1	11.2	15.4	18.8	22.3	28.7	27.1	24.2	20.8	14.1	12.4	3.7	23.2	39.5	23.5	33.7	7.2	0	15.2	9.9	89.4	11.6	53.7
149	11.7	9.9	12.8	15.9	18	24.7	26.8	25.3	25	19.2	16.4	13.9	7.9	65.3	17.6	17.9	17.5	1.6	0.7	5.6	4.1	27.3	61.6	65.6
150	9.3	11.1	11.9	14.2	19.1	24.3	25.9	29.3	22.6	18.9	15.2	13.4	84	17.2	5.6	7.2	12.3	44.8	0.8	0.6	6.6	54.8	40.4	117.7
151	10.7	12.7	11.7	14.7	20.7	20.7	23.8	27.1	25	20.1	15.8	14.3	18.9	22.8	69	67	12.9	2.9	1.7	2	65.3	83.3	74.2	117.6
152	11.6	10	13	16.8	17.1	21	26.6	27.1	24.1	20.4	15.8	11.6	13.4	8.8	245.8	6.1	46.9	11.5	0	0	50.2	10.7	28.4	26.9
153	11.9	11.5	12	14.2	20.6	23.2	26.2	25.6	25	18.2	17.1	12.4	28.8	34.1	92.8	99.1	0.5	10.2	0	10.6	11.9	93.2	61.5	52.2
154	11.4	10.6	13.4	16.3	19.1	25.8	28.5	30	24.2	20.8	15	13.5	24.6	162.1	25.3	48.5	9	0.2	2.3	0.1	0	8.5	51	48.1
155	11.2	10.8	14.3	15.9	19.7	22.9	26.8	25.4	23.1	20.3	15.3	11.1	12.7	61.1	30.1	27.6	12.8	1.5	6.8	24.3	31.8	27	112.4	130.9
156	12.2	11.6	14.4	16.3	21	23.4	25.7	26	22.5	21.1	15	11.4	109.9	34.2	45.3	21	10.8	7.9	2	1.4	30.5	30.5	36.9	78.5
157	13.2	10.9	14.8	14.8	18.7	24.9	27	26.7	26.4	21.4	15.6	10.7	49.9	91.9	19.3	140.3	8.9	0.4	3.3	2.4	3.9	19.1	105.7	97.1
158	10.6	9.5	13.6	15.5	19.9	23.4	28.2	27.3	23.8	19.1	14.5	12.9	10.9	27.6	20.2	4.6	56.8	4	1.1	10.6	35.2	2.5	9.7	3.8
159	13	12.3	11.5	15.5	19.4	24.4	25.3	27.8	23	19	14.2	11.5	134.9	18.3	24.5	19.2	9.2	20.8	2.4	0.2	58.5	97.5	16.8	10.5
160	10.2	13	13.6	15.6	18.6	23.8	25.1	26.5	23.2	21	16.1	13	44.9	15.1	17	33.4	31.2	2.3	0.9	16.4	36.1	148.1	28.4	42.1
161	10.1	10.9	12.6	17	19.9	23.3	24.6	26.8	22.5	18.5	16.8	11.8	29.9	163	27.7	46.7	15.8	10.4	0.2	2.7	3.6	60.7	50.3	34.8
162	11.6	10.6	13.3	15.9	17.7	23.3	28	25.9	22.6	19.7	15.2	10.8	32.2	88.8	48.2	18.3	10.4	3.6	0	0	34.7	25.6	24.1	59.3
163	12.6	13.4	12.2	14.8	17.7	23.5	28.7	27.1	23.1	21.2	15.7	10.2	12.6	53.1	30.2	14	19.2	0.9	0	11.4	8.7	38.9	125.8	62.9
164	11	10.4	11	15.3	17.9	21.5	29.7	26.8	24.7	17.5	14.8	13.6	23.9	77.5	75.5	32.6	15.5	7.2	0.9	9.6	30.2	91.2	21.7	13.1
165	9.9	12.8	12.8	15.3	18.9	24.5	26.2	26.9	22.4	20.3	16.3	12.4	35.5	3.6	56.9	28.3	17.1	5.2	1.2	7	74	17.5	104.1	61.2
166	9.6	11.6	12.4	15	18.6	23.7	26	28.2	25.2	18.7	17.7	11.4	7.5	26.4	76.5	14.7	114.7	10.6	6	6.5	52.1	45.6	49.8	69.8
167	10.8	13.7	12.3	15.4	20.8	24.1	26.5	26.2	23.6	19.2	14.6	11.3	34.1	51.6	43.3	23	13.8	2.5	3.3	24.9	1.5	4.6	22.5	76.5
168	9.5	11.4	11.2	16.3	18.5	23	28.9	28.1	21.7	20.8	16.2	12	10.5	9.1	64.5	32.1	55.3	13.2	10.1	0.3	62.9	75.2	46.8	5.1
169	11.1	9.8	11.6	13.8	18	25	25.7	27.3	26	19.7	15.4	10.2	53.4	109.1	22.9	14	33.9	7.6	2.4	0.8	6.8	67.9	75.4	164
170	10.8	11.6	14.4	14.1	20.7	23.4	24.9	27.1	24.2	18.6	15.8	14.3	46.9	16.7	21.5	26.8	3.6	4.8	9.8	0.1	18.3	24.7	115.3	43.4
171	10.9	11.2	13.2	14.2	19.8	24.1	24.1	29.3	24.3	18.8	15.1	13.5	109.7	32.7	129.3	11	53.9	7.3	1.4	0	113.5	50.1	8.3	20.9
172	11.5	12.5	13.2	14.4	18.5	25.3	26.5	26.4	24.8	20.6	16	13.4	66.1	98	22.2	42	29.9	1.7	0.9	3.3	10.5	5.9	30.1	150.5
173	12.2	10.9	12.6	15.1	20	25.7	26.8	26.5	24.9	18.5	15.1	10.4	29.6	121.2	2.7	17.4	1.7	9.3	0.3	0	17.1	55.5	120.2	65.7
174	10.7	11.4	14.5	16	19.7	23.2	25.7	28.4	23.6	19.7	16	11.2	130.2	4.3	2.4	48.7	39.2	25.9	0	9.4	8.6	89	74.6	27.7
175	11.8	11.7	14	15	17.4	25	24.9	23.8	24.8	18.8	14.4	11.8	20.7	4.1	37.2	4	15.1	25.1	0	0.8	7.2	36.6	83.4	89.5
176	13.1	12.1	12.6	14.9	19	22	29.8	25.1	26.2	20.5	13.5	14.1	28.3	31.9	2.8	166.4	10.4	1	4.9	9.7	3.2	27.2	61.8	37.9
177	11.2	9.9	12.5	15.5	18.9	23.7	25.2	26.3	26	20.4	15.7	12.6	25.8	58.3	119.2	7.3	43.5	8	0.1	3.6	0.1	24.8	58.7	38.5
178	12.5	13.7	13.3	15.8	19.8	24.6	27.6	26.9	24.7	20.3	14.1	12.6	21.9	11.7	6.6	80.6	22	4.9	1.9	4.9	29.8	54.2	90.7	15
179	10.8	9.7	13.1	17.1	19.7	24.8	28.3	28.3	24	19.6	16.3	11.5	8.6	26.2	24.7	13.6	16.3	0.2	0	1.1	7.6	25	68.4	150.8
180	10.7	11.8	12.9	16.1	18.7	23.3	23.4	26.9	22.3	20.4	15.3	12.4	45.4	57.9	36.5	77.6	18.2	9.1	0.3	31.1	63.5	64.7	55	60.9
181	11.3	8.4	13.8	17.4	18.9	23.9	25.2	29.5	23.2	18.9	15.6	13.2	69.9	86.6	27.9	10	19.9	2.9	0.8	0.1	6.7	26.6	24.7	59
182	9.7	10.3	12	15.7	16.8	24.6	23.4	28.8	23	18.8	17.6	12	16.5	43.2	31.6	93.6	56.3	0.7	16.1	7.9	80	27.2	23.4	23.8
183	11.3	9.8	12.4	16.6	17.4	24.6	27.9	26	24.6	19.5	15.8	13.4	41.8	59.3	60.7	6.7	40.3	1.7	6.5	0.7	6.4	67.7	2.4	80.9
184	11.9	12.3	14.5	15.9	18.4	21.4	25.6	26	24.3	20.3	15.4	12.7	43.6	37.3	10.2	31.2	39.5	41.9	0	2	31.6	41.8	70.9	19.9
185	11.9	12.1	12.6	15.7	19.6	24.2	28.8	25.9	24	20.1	15.5	13	19.7	37.3	66.7	109.7	30.6	11	5.3	0.8	14	89.7	69.1	154.8
186	10.8	15.1	10.3	15.1	18.1	24.2	28.7	27.2	22.3	21.3	16.6	12.6	57.8	9.3	208.2	15.4	12.7	0.5	2.6	0.9	57.1	12.5	21	32.5
187	11.8	11.9	12.5	15.4	20.2	22.3	24.9	25.7	25.1	20	15.8	12.1	26.2	48.9	50.4	10.1	12	1.6	1	0.9	21.4	52.5	69.3	49.6
188	13	11.8	13.5	14.4	20	22.6	26.2	29.9	25.3	22.5	16.6	13.1	64.2	76.1	29.3	32.6	24	4.7	1.1	2.5	18.5	88.7	41.6	22.3
189	9.6	13	13.2	15.6	20.2	24.7	24.6	28.6	24.9	21.1	15.6	13.1	55.4	78.6	168.9	42.5	18.5	8.3	0.9	0.5	73.7	66.6	64	47.6
190	11.1	10.8	15.1	15	17.5	26.1	26.6	28	24.9	21.5	15.1	12.2	67.9	79.3	1.8	84.2	27.7	0	0.1	3.8	33.7	16.2	121.1	14.5
191	10.6	9.6	14	14.4	18.7	21.2	28.5	27.2	25.1	20.7	15.2	13.5	173.3	55.7	81.3	33.5	22.8	23.8	0.1	0.2	73.5	7.5	81.3	41.4
192	13	12	13.7	14.7	18.8	23.8	26.2	26.7	23.2	19.9	15.7	12.6	52.4	27.7	5.5	38.9	10.6	5.5	0.9	0.2	16.1	26.9	34.4	170.4
193	10.8	10	12.6	16.2	18	22.6	28.7	24.4	23.9	19.7	14.6	13.7	20.9	74.7	84.2	45	29.6	25.6	5.2	20.3	5	66.8	72.5	47.5
194	10.9	10.9	12.3	16.3	20.3	23.8	26.5	27	23.9	18.4	15.6	12.1	40.6	75.6	75.5	36.2	7	0	0	20.8	21.7	25.8	102.9	54.7
195	10.6	13.4	12	15.8	19.4	23.8	27.8	26.9	26.1	19.8	16.4	11.5	33.9	49.7	24.4	33.1	6	0.2	5.6	59.7	82.6	38.5	42.1	34
196	10.8	12.5	14.8	15.3	21.2	23	28.7	25.4	23.3	18.5	13.9	11.2	65.4	23.7	2.3	16.1	18.4	8.2	1.2	0.6	13.3	83.2	20.9	125.2
197	11	12.7	14.2	15.6	18.9	22.6	27.4	27.3	22.4	19.2	16.5	14.1	55	51.8	36.7	40	54.9	3.9	0.1	0.5	157.2	73.4	49.8	26.4
198	9.6	12.2	13.9	16.5	18.4	24.3	26.3	27	25.4	16.9	13.6	12.9	40.3	23.4	7.2	31	15.3	0.3	0.1	8.6	9.4	94.7	45	121.1
199	12.3	12.3	14.1	15	18.5	23.8	26.2	28.4	22.5	20.7	13.2	14.2	50.8	33.7	9.1	5.4	77	4.5	17.6	1.9	11.8	33.1	136.1	72.8
200	9.7	10.9	13.1	15.5	19.2	22.3	24.8	27	24	21.2	15	12.7	25.1	63.7	29.8	2.2	25.5	5.3	1.6	1.2	1.9	16.6	34.7	83
201	11.3	10.5	12.7	15.6	19.1	24	27.2	28.5	23.2	21.3	14.4	12.1	70.4	25.7	10.9	62.6	3.6	11.4	0.1	0	48.9	2.4	65.7	21
202	11.4	9	13.3	15.5	20.7	22.5	27.3	26.3	23.5	19.3	13.5	13.5	41.1	78	105.7	14.4	5.3	13.6	0.1	0.5	13.1	33.7	64.9	20.1
203	10.8	10.9	12.6	14.4	19.8	22.8	24.4	28.4	23.8	21	14.8	13.5	81.9	116.1	25	18.1	26.2	1.6	0	4.3	34.9	11.7	55.4	38.3
204	11.3	14.1	15.2	14	16.4	24	28.2	28.3	25.1	18.8	13.8	11.1	22.7	7.5	4.4	43.6	27.8	4.9	1.8	2.2	10.9	32.1	64.6	3.9
205	11.7	11.8	11.9	15.4	19.1	20.6	25.9	26.8	25.6	19.8	15	12.9	21	13.5	26.3	15.3	6.2	1.8	13.9	0.6	7.6	91.1	29.6	32.1
206	11.5	11.2	15	14.6	19.2	23.9	29.3	24.9	23.2	20.4	16	11.8	27.2	16.3	14.9	72.5	23.6	7.9	4.5	15.8	72.2	107.8	77.4	54.4
207	10.8	11	11.7	15.9	18.9	25.6	24.8	26.4	23.8	19.6	14.8	12.3	39.9	26.8	117.7	8.6	5.4	0.2	3.8	5.7	0.1	45.7	65.5	55.3
208	10.7	10.5	13.4	13.8	17.1	21.8	25.9	28.2	23.5	19.8	14.9	11.8	40.8	42.4	20	5.1	18.7	1.8	0	0	17.1	55.5	21.7	42.1
209	10.9	10.7	12.5	16.1	16.9	23.1	25.9	26.4	25.6	20.5	17.7	10.4	4.1	49.3	24.4	13.9	39.2	10.5	0	11.4	3.4	30.6	6.3	128.6
210	12.1	10.3	13.3	15.3	18.5	25.3	27.5	29.2	24.8	17.9	15.2	13.2	6.8	56.3	48.8	34.6	22.7	5.7	4.5	0.9	44.3	10.3	38.6	54.9
211	11.1	12.1	13.7	15.5	21.5	23.9	27.8	27.4	24.2	20	13.8	12.1	26	28.3	16.8	41.3	19.6	1.9	14.2	7.8	45.2	30.6	20.5	48.3
212	9.7	13.6	13.7	14.9	18.6	23.9	25.6	26.8	24.5	19.3	15.7	13.9	21.6	19.1	8	9	2	18.5	0.2	12.1	11.5	117	37.9	48.4
213	10.4	14.2	13.1	15.3	17.8	24	27.1	25.9	23.6	19.8	15.6	13.4	34.4	6.9	53.4	78.7	11.7	12.1	0.5	2.3	1.7	90.8	54.8	54.1
214	11.5	9.8	12.4	16	18.1	24.4	23	28.9	24.5	20.6	15.2	12.1	48	69.5	69.1	25	3.3	8.5	0	0.1	3.5	37.2	29.9	108.3
215	10.2	10.5	14.8	15.3	17.3	23.2	25.3	28.2	24.4	19.3	16	12.7	32.8	31.8	15.7	14.3	39.7	6.1	2.6	0.3	3	33.8	64.3	25.6
216	12.3	10.6	12.4	16.8	19.6	24.3	26.1	27.3	25.4	20.5	15.9	12.9	27.9	57	23.5	24.5	2.1	0.8	0.1	10.7	50.2	60.5	7.5	9.4
217	10.5	8.7	11.3	13.7	19	23.3	26.1	27	23.6	20	14.7	12.7	67.2	24.1	73.4	14.2	8.8	0.1	4.8	4.9	8.1	102	75.7	71.8
218	11.7	10.9	13.6	15.2	20.1	21.5	23.7	27	25.6	19.8	15.3	10.7	13.8	38.1	32.2	16.8	0.9	9.8	0	0.2	37.5	85.8	208.6	50.4
219	13.4	12.5	13.9	16.5	19.6	24.4	27.6	25.9	24.2	18.8	14.1	12.8	83.2	20.1	7	9.3	15.9	6	5	2.3	81.9	7.5	12	35.7
220	11.8	9.5	13.3	15.1	17.4	24.5	23	26	23	17.5	15.5	12.7	63	150.8	30.1	78.5	54.8	36.4	8.1	16.2	31.1	14.7	31.3	48.9
221	9.4	12.1	13.5	14.4	18.8	23.6	24	28.2	23.8	19.4	14.5	13	19.5	32.4	72.8	11.5	43.7	9.6	0	3.4	23.3	67.5	97.3	103
222	12.8	13.4	12.8	15.2	19.2	23.5	26.5	25.7	23	19.9	14.2	11.5	16.3	38.9	26.3	36.6	17	0.2	8.7	28.8	66.8	55.9	238.8	47.8
223	12.9	9.7	13.1	17.4	18.7	22.2	28.4	28	22.5	20.5	15.9	12.3	61.5	239.3	12.7	59.3	22.3	38.8	4.2	5.5	3.1	59.9	22.5	45.5
224	10.7	11.5	12.4	16.7	19.2	24.8	26	27.3	24.9	21.8	15.2	12.5	20.6	42.9	37.1	13.4	21.1	2.9	1	10.9	28	101.3	99.8	17.6
225	11.9	12.4	13.1	17	19.8	22.7	27.4	28.5	23.1	20	16.1	12.1	10.3	33.2	15.6	11	19	7.5	0	45.5	20.4	6.4	56.2	17.7
226	11.7	10.9	11.7	15.8	19.2	22.3	28.8	26	24.2	19.2	16.2	12.6	8.6	26	83.3	9.5	71.4	1.5	0.8	0.9	13.2	42.9	32.2	130.6
227	12.1	9.3	12.5	18	18.1	24.5	25.4	27.4	23.4	19.8	15	12.5	64.3	9.1	11.9	8.3	8.7	31.1	0.1	1.6	15.4	15.8	116.2	196.1
228	10.5	14.4	12	14.1	17.9	23.4	25.2	27.6	24	19.8	17.1	11.2	66.5	1.8	43.6	100.2	6.6	2	0.1	0	24.4	42.3	90.5	106.4
229	11.9	10.7	11.7	16.1	21.1	22.5	25.8	27.4	24.3	20.9	14.8	11.8	51.7	40.5	7.4	37.4	38.2	4.4	1	9.5	13.6	1.7	59.9	24.4
230	12.8	13.5	15.2	14.5	19.1	22.2	28	28.4	24.9	20.1	16.7	11.7	25	8.3	28.3	36.2	9.9	1	0.4	0.1	5.2	95.8	60.8	25.3
231	12.6	12	13.5	16	18	23.4	25.7	27	24.3	20.8	15	10.9	16.3	7.5	31.2	22.5	36.4	0.2	0.3	1.9	32.8	25	43	39.1
232	10.7	9.8	13	16.2	21.3	23.5	24.8	26.9	24	20.9	14.1	12.5	14.5	21.4	147.4	5.3	42.2	8.8	0.1	0.1	12.2	30.7	24.5	54.4
233	11.1	12.4	10.9	15.6	17.2	23.2	25.5	26.5	23.3	19.7	17.2	12.2	32.2	18.5	77	45.5	81.7	3	0.4	3.7	9.8	213.4	58.3	18.2
234	11.3	12.2	11.4	16.1	19.9	23.3	25.8	26.3	26.4	21.3	15	10.2	111.3	8.2	13.3	27	25.8	7.1	0.1	0.1	18.6	17.5	61.7	47.5
235	8.5	11.1	13.2	15.1	19.4	24.2	26.7	26.8	22.7	19.1	15.9	13.1	33.4	48.2	29.5	35	15.8	3.5	0.6	0.2	10.8	7	8.3	13.5
236	11.3	10.3	12.9	15.1	20.8	22.5	27.1	27.9	23.3	19.9	16.6	11.9	57.4	11.3	25.7	3.6	3.6	1	1.1	0.3	2.8	4.7	30.4	57.4
237	9.8	11.9	12.1	14.7	17.8	23.3	26.3	27	23.3	18.5	15.6	12.6	15.8	6.5	64.7	24.6	35.9	31.2	0	26.5	37.9	2.7	62.1	33.9
238	11.8	11.4	11.9	15.5	19	25.9	27.6	27.4	25.2	18.9	16	12.3	40.5	16.4	28.2	12.9	10.1	1.4	2.5	0.5	81.4	154.3	83	48.1
239	12.4	11.4	12.7	16.6	19.1	24.3	25.4	24.5	23.7	20.2	16.1	12.8	53.3	112	4.6	67.5	3.9	10.9	1.6	3.3	31	22.3	148.9	27.1
240	11.6	11.1	13.1	14.5	18.8	23.1	25.9	30.3	23.4	22.1	15.3	13.4	50.7	27.5	61	27.2	16.4	1.2	4.6	1.6	39.6	104.8	63.9	37.1
241	9.8	12.5	13.3	13.9	18.8	23	24.8	25.9	26.2	20.2	14.5	12.6	33.6	14.6	5.7	73.5	32.1	13.9	5	1.2	26	3.3	34.6	34.2
242	10	11.5	14.7	15.4	16	23.3	26.5	28.7	23.8	18.9	15	10.9	41.9	16.9	12	66.9	20.5	2	28.5	1.1	1.2	60.5	10.2	39.6
243	9.7	14.7	13.4	16	19.6	22.1	26.4	26.2	22.3	20.3	16.1	12	48.6	22.6	89	40.6	7.3	1.3	0.2	0.2	1.8	57.4	84.4	97.4
244	9.4	13.5	12.6	15.7	18.6	26.4	27.7	27.4	24.4	20.9	16.8	13.1	10.5	7.3	107.5	54.3	28.9	2.2	0	0.4	15.4	23	26.7	126.3
245	11.2	12.8	12	15.7	22.4	23.2	27.2	27.7	25	19.2	15.1	13.3	24.7	3.1	9.4	29	0.5	4.2	18.6	2.7	2.8	74.9	10.6	47.7
246	11.2	11.6	14	15.4	18.1	24.3	25.4	25.9	21.6	18.2	12.9	12.6	61.9	75.5	39.4	22.9	18.8	7.2	0	4.6	13.9	125.8	71.6	49.4
247	13.3	11.5	14.1	17.2	17.8	23.6	27.2	27.8	26	19	14.3	11.4	91.8	191.8	29	15.5	32.7	3.5	0.2	0	14.7	27.9	27.5	8.6
248	10.1	11.8	14.8	16.1	18	22.6	29	27.3	22.7	18.9	16.1	13.4	9.9	9.4	7.5	48.4	64.5	1.8	1	0.8	54	126.4	73	35.9
249	10.7	12.3	13.4	14.5	17.3	22.7	26.9	25.5	26.3	20.4	14.6	11.1	41.7	12.6	49.5	53	13.9	6.4	0	1.8	40.4	53.4	28.1	45.4
250	10.9	10.1	12	15.9	22.1	22.4	25.7	25.8	24.7	17.8	16.2	10.2	32.8	44.8	36.6	33.3	3	17.4	1.5	11.7	34.5	176.4	35.6	38.9
251	9.7	11.3	11.3	14.2	18.5	24.2	24.3	25.8	24.5	18.7	14.5	11.1	34.6	25.2	36.9	15.7	51	0	0.6	0.6	4	27.1	26.9	17.5
252	11.5	11.4	12.7	16.1	18.5	24.1	24.4	27.4	24.8	20.3	15.9	12.4	24.8	32.5	50.6	25.9	2.9	4.3	1.4	0	11.3	22.8	21.3	47.7
253	10.4	8	12.6	15.8	18.7	23.7	24	25.9	23.7	20	16.3	11.6	7.2	68	104.9	16.9	29.1	0.5	0.9	0.1	134.3	57.7	87.7	72
254	12.6	10.7	11.9	15.8	19.9	21.4	28.8	28.9	24.6	19.9	14.7	13.2	66	28.2	81.8	17.9	99.6	31.8	0	10.8	2.7	34.3	70	84.5
255	9.8	11.9	12.4	14.7	18.6	20.5	25.3	27.3	23.2	19.2	14.4	10.2	13.9	8.1	10.6	13.9	18.5	2.9	4.2	8.6	94.7	92.8	24.5	144.6
256	10.3	9.5	12.4	16.3	18.7	23.8	25.1	27.2	22	19.5	17	13.2	40.7	61.4	116.7	54.6	29.9	15	1	0	18	23.3	113.4	79.7
257	10.8	8.9	12.8	17.3	19.5	22	26.9	26.5	24.6	17.5	13	11.8	59	246	39	50.8	104	9.4	4.7	0	31.6	18.7	115.2	61.5
258	10.5	12.7	13.7	13.8	18.2	22.5	25.1	28.5	24.2	19.4	14.3	11.8	31.8	39.6	54	9.4	13.1	1.9	18.1	2.8	11.8	87	160.2	44.2
259	10.9	9.6	13.3	14.8	19.3	24.2	26.4	27	24.4	18.6	15.6	11.7	3.7	6.1	8.6	84.4	4	16	1.8	1	7.9	12.3	9.3	21.1
260	10.8	13.1	12.1	13.7	18.2	25	23.1	25.7	24.1	20.2	14.8	9.7	12.1	21.4	37.9	25	29.4	17.2	0	0.1	3.8	36	78.3	120
261	11.6	12.7	14.3	14.9	18.1	24.8	28.3	25.2	22.9	18.8	14.4	14	24.6	36.8	7.9	4.9	44.7	0	0.1	79.3	108.7	92.9	24.9	28.9
262	13.1	9.6	15.3	15	19.4	23.3	26.5	24.6	24.3	20.6	16.9	10.7	96	92.1	10.4	77.3	32.5	0.5	5.7	10.4	30.9	112.6	10.4	74.5
263	11.1	11.8	12.4	13.8	17.4	21.1	25.5	26.6	23.5	21.9	13.6	12.5	6.2	12.6	3.5	37.3	41.2	13.7	2.5	0	75.4	23.1	14.2	74
264	11.3	14.8	14.9	17.4	19.7	25.8	25.4	25.8	22.9	22	16.6	11.6	73.8	4.5	15.5	25.7	19.6	0.1	0	5.2	35.3	19.6	41.6	20.5
265	12.5	10.8	12.2	14.7	18.4	25.3	27.6	28	24.6	20.2	14.5	12.8	57.5	40.2	70.6	35.8	49.2	4.6	1.1	75.7	51.8	31.1	6	56.9
266	10.8	9.3	12.3	14.2	17.8	23	27.6	27.3	22.4	21.1	16	13.1	30.2	54.9	86.3	123.4	15.1	5.8	5.6	2.8	34.1	74.7	23.2	88
267	11.1	10.4	13.1	14.6	17.1	22.1	25.3	25.9	23.3	20.2	16.4	9.5	70.9	21.1	64.5	46.3	37.3	8.4	0.6	27.8	3.1	15.2	92.2	70
268	13.1	11.2	14.2	16.2	19	21.5	23.6	23.3	23.8	21.1	17.1	12	48.6	105.8	6.9	27.3	46.7	18.5	0.4	8.9	47.1	69.7	43.7	73.8
269	11.7	9.3	14.3	14.6	18.3	22.7	26.1	27	23.1	21.2	13.9	12.1	34.4	9.8	24.2	44.3	7.2	37.1	0.4	2	133.1	47.9	9.7	31
270	12.3	10.7	10.4	15.2	17.8	20.5	27.1	27.3	25.1	19	15.8	12.5	16.4	78.1	88.3	7.1	20.7	12.2	4.7	0	26.9	40.7	124.9	58.3
271	13.9	11.1	12.7	14.7	19.4	22.4	25.3	27.1	24.2	21.3	15.1	11.5	21.1	35.3	22.5	9	13.4	3	0	8.9	15.2	84	35.1	32
272	8.5	13	14	17.4	17.4	23.6	28.5	24.1	22.5	19.5	15.2	12.4	6.6	72.3	22.3	7.4	14.3	11.5	0.1	14.1	35.9	3.4	32.7	3.3
273	11.5	9.6	16	15.2	17.8	24.8	30.4	27.8	24.3	17	15	12.3	33.6	59.3	10.7	44.5	57.6	0.9	4.4	1	45.8	31.5	42.9	83.5
274	12.1	14.4	11.1	15.6	19	24.3	26.7	28.2	24.2	18	16	12.3	96.5	0.9	10.8	5.2	40	3.7	0.1	5.9	90.9	13	41.8	18.8
275	11.7	10.5	14.7	16.6	20.8	23.5	25.9	26.5	22.8	20.6	13.6	10.9	24.4	74.7	0.5	33.5	5.9	10.7	2.7	4.4	75.2	84.8	120.8	173.9
276	11.2	10.1	13.4	15.5	22	24.7	27.7	27.1	24.3	20.6	14	12.9	28.1	67.8	84.8	17.8	0.5	15.2	2.1	4	12.5	17.5	54.8	83.4
277	10.5	10.8	10.2	14.5	19.9	21.1	25.4	24.3	25.3	18.3	15.3	11.7	5.3	51.8	152.8	21.6	54.8	29.8	0	2.5	0.5	19.7	99.4	105.8
278	10.8	12.9	12.7	15.8	17.8	23.5	27.3	27.3	23.7	18.5	16.5	12	5.8	6.6	22.5	36.3	43.4	5.1	5.5	6.2	37	137.1	36.8	69.8
279	12.8	11.1	12.6	15.2	19.1	23.3	25.4	26	25.6	21	15.1	12.9	45.9	99.2	16.6	46.6	19.8	8.2	0.8	51.4	15.8	118.9	21.3	146.3
280	9.2	10.8	13.4	15.8	20.7	22.3	26.6	27	24	18.7	16.1	11.3	38.6	8.8	51.5	34.1	14.7	33.7	3.8	1	1.7	43.9	90.1	19.7
281	11.5	10.4	12.6	14.7	20.9	24.2	27.5	28.1	25.1	18.7	14	13.2	59.5	102.8	24.4	6.4	20.2	13.3	12.5	0	0.8	11.2	21.9	8.5
282	11	13.2	14.1	16.1	20.7	24.2	28.2	27.2	22.6	19.2	16.4	13	46.6	38.5	31.9	37.2	17.4	9.1	3.3	16.4	69.1	54.4	72.3	55.6
283	9.8	13.4	14.1	14.9	19	24.3	26.1	26	23.2	22.3	15.7	10.2	36.9	58.7	106.5	125.3	12.7	11.2	0.1	15.6	5.2	95.9	35.4	71.6
284	10.6	13.5	13.9	15.5	20.2	24.1	29.3	26.7	23.1	21.3	13.3	11.9	27.7	12.9	68.8	19.4	25.2	0.7	0	0	47.6	136.3	86.2	51.5
285	11.6	6.3	13.1	15.6	16.5	23	25.3	26.1	23.5	17.8	13.6	12.3	32	63.5	52	110.1	44.3	7.3	0	0	49.9	11.3	29.2	37.8
286	10.3	8.9	13	13.4	21	25	25.8	26.5	22.8	16.1	15.6	14.2	14.5	72	39.6	122.3	16.9	3.5	0	7.4	25.5	98.4	79.2	64.8
287	11.2	11.9	12.3	16.2	18.5	23.2	23.7	27.8	24.3	18.1	16.4	11.5	22.8	12.3	135.2	36.3	69.7	0.5	0.8	0.4	2.1	107.2	19.6	79.3
288	11.4	10.2	12.2	15.1	20.6	23.2	26.5	26.6	22.1	18.8	17.2	12	31.8	86.2	18.3	17	13.6	6.2	1.9	0.9	54.8	12	2.5	17
289	10	12.1	14.9	15	17.6	24.2	29.3	23.8	23.3	20.9	15.2	11.6	12.5	43.9	58.6	37.7	3.2	3.7	0.5	29.6	2.6	5.6	91.2	52.9
290	10.6	12.6	13.4	14.4	18.1	25.2	26.3	24.2	24.4	21	15.5	13.9	21.5	14.2	7.8	16.8	41.1	27.5	2.5	12.5	11.8	93.5	11.9	69.5
291	11.4	10.1	13.1	14.4	18.7	22.8	25	26.4	22.8	20.3	15.6	12.5	30.2	33.8	75.1	12.6	10.1	3	0.7	10.3	50.6	22.1	33.2	6.8
292	11.8	13.7	14.1	16.7	18.5	23.1	26.1	29.5	24.9	18.1	15.8	12.2	102.6	33.6	34.1	39.3	18.1	1.3	0.1	0.1	7.3	98	31.2	43.3
293	11.1	12.5	14.8	14.4	19.3	23.1	29.4	28.5	25	20.2	16.4	10.9	25.5	56.9	59.6	35.1	34.6	29.1	5.7	0	44.9	39.4	13.3	72
294	12.3	11.6	12.7	16.1	19.9	23.8	26.6	25.5	24.5	18.7	16.6	13.5	84	53.1	36	8.5	3.2	6.2	0.1	0.4	0.7	14.5	33	95.7
295	10.9	10.6	14.3	16.8	16.4	23.9	20.9	27.5	23.6	20.1	16.3	12.2	221.9	37.2	28	22.9	57.8	1.5	0	2.8	19.4	49.4	223.7	79.9
296	10.4	12.5	14.1	15.9	20.2	22.8	27	27.8	22.7	19	15.1	11.6	47.9	42.2	47.6	30.6	19.2	1.4	10.6	0.1	35.1	39.9	25.1	7.1
297	12.1	13.3	13	14.5	22.4	23.2	25.7	29.1	23.5	19.5	13.4	13	43.1	31	54.7	24.5	0.4	1.3	4.3	0.3	13.5	87.3	21.8	82.2
298	10.9	12.4	13.2	15.5	18.3	23.1	24.1	26.3	24.5	21.8	16.5	11.8	14.8	105.1	7.1	37.3	5.1	11.5	0	6.1	23.3	12.3	56.1	20.9
299	11.4	10.7	11.8	14.6	20.5	23	27.4	26.2	25.6	20.3	14.4	12	14.4	97.6	34.3	54	15.4	7.4	0.6	5.2	11.1	52.4	120.1	77.6
300	10.1	10.7	11.9	15.3	19.2	23.6	27.4	25.9	25.5	21.2	13.8	12.5	67.2	29.8	118.6	13.9	4	0.9	0	9.9	41.5	98.7	57.3	134
301	11	8.7	13.6	15.3	19.1	25.3	27.7	27.6	22.8	20.3	14.8	11	41.9	112.7	22.3	31.8	6.3	28.9	8	2.6	70.2	99.1	56.1	64.1
302	11.6	12.3	13.5	15.4	20.3	23.8	27	27.4	24.9	20.2	16.8	13.5	14.3	27.8	2.8	34	18.8	20.7	6.2	9.6	11.6	92.9	41.5	49.5
303	10.5	13.8	13.9	17.3	19.4	21.1	25.6	26.6	24.5	21.3	15.1	13.4	9.7	44	29.9	0.9	5.4	4.8	0.9	0.5	19.4	115.7	63.8	31.3
304	13.7	12.1	12.7	15.3	20	24.3	23.8	26.7	23.8	19.4	15.9	12.9	36.6	47	80.9	39.7	4.8	4.8	5.1	1.3	98.6	87.5	54.2	43.2
305	11.4	11.3	11.9	15	19.4	24.9	25.6	24.1	24	19.7	15.6	12.1	8.3	25	36.1	64.4	52	24.7	0	2	27.2	3.8	100	5
306	11.3	13.1	13	17.3	20.3	22.4	26.5	26.3	24.1	19.7	14.4	12.9	59.2	24.5	9.1	11.1	32.5	15.2	2.3	10.3	2.3	84.2	97.9	52.8
307	10.7	11.6	13.3	16.5	19	25.7	25.4	25.5	23.3	19.7	18.2	11.2	8.8	103	9.5	55	46.5	9.9	0.3	0.5	1.1	4.3	74.4	132.1
308	10.1	10.7	12.5	14.7	20.3	24.7	26.6	26.8	24.8	20.1	15.2	11.7	96.3	21.7	12.5	54.5	20.6	4.8	11.7	15.4	39.4	31.4	39.6	99.5
309	11.1	10.6	13.2	14.9	19.5	22.7	28.1	26.8	24.5	20.2	13.7	12.5	12.5	13.6	22.4	35.9	12.7	6.7	2.2	1.1	94.3	84.7	31.8	155.5
310	10.7	11.2	14	13.7	20.1	24.6	28.6	27.5	22.6	20.5	15.8	11.3	34.3	34.4	48	162.4	16.9	0.6	2.4	0.3	18.9	21.7	15.8	61.2
311	10.3	11.5	12	14.1	20	22.2	24.7	25.9	22.6	19.4	17.4	11.2	20.2	64.5	29.5	97.9	28.6	14.5	1.2	1.8	75.3	75.3	63.9	19.9
312	10.6	11.7	12	15.4	18.1	23.6	25.1	27.4	23.1	21.9	16.3	12.3	40.2	150	34.3	47.4	6.5	2.2	2.2	2.4	5.2	61.8	34.8	65.3
313	10.3	9.2	11.5	14.9	18.5	25.2	26.6	27.2	21.9	22.1	16.6	12.1	1.5	45.7	18.9	107.3	74.6	7	0.1	2	15.2	39.4	31.6	25.8
314	11.6	14	12.5	16.1	19.6	22.1	25.8	25.9	23.9	18.9	14.4	11.1	91.8	1.3	48.9	5.1	15	4.7	2.1	22.6	34.8	11.6	55	48.7
315	10.8	11.9	13.1	16.1	17.9	23.3	29.6	27.1	25.2	20.3	15.2	11	4.5	106.6	2.9	6.1	38.4	0.4	0.8	0.3	43.5	18.9	24.1	122.4
316	10.6	11.8	13.9	14.5	20.3	23.1	26.4	29.1	26.9	19	14.9	10.9	29.5	21.8	9.2	18.1	50.8	1.6	8.6	0.2	8.4	135.2	21.2	89.6
317	10.6	8.6	14.2	15.3	19	24.4	24.2	26.9	22.6	20.5	14	13.9	98.7	60.5	32.6	19.8	2.2	1	2	1.8	7.9	16.1	135	78
318	10.6	10.9	11.7	15.6	19.3	22.9	27.5	28	22.4	19.3	14.5	13	12.3	69.6	90.2	11.5	17.6	2	0.4	2.1	2.9	5.7	94.8	64.3
319	10.2	11.6	12.7	16.9	19.8	21.7	23.8	25.9	25.5	17.5	16.2	11.6	18.6	53.1	60.4	17.8	26.1	13.6	1.8	6.1	46.7	59.1	22.3	26.7
320	13.1	14	13.8	14.9	21	22.7	27.6	28	24.4	22.1	14.2	12.3	41	155.2	35.4	7.5	7	0.1	0.9	3.5	3.2	21.7	25.4	18
321	12.4	10.9	13.3	14.9	21	23.2	25.1	25.3	22.5	20.5	13.8	13.5	103.9	22.6	34.9	24.1	0.4	7.4	0.3	0	7.6	89.8	52.2	101.5
322	12.1	12.6	12.2	16.1	18.4	23.3	29.2	25.6	24.7	20.7	16.4	12	59.2	45.2	40	10.3	76.9	7.4	5	11.9	11.4	114.2	14.7	34.2
323	11	11.4	12	15.3	19.2	24.4	27.1	28.1	25.1	20.4	15.8	13.4	24.8	21.3	50	16.4	34	1.6	0.7	3	22.6	13.3	70.3	60.7
324	11.5	12	13.4	15.3	18.1	23.9	26.9	25.5	23.7	18	14	10.6	53.2	68.4	7	69.6	42.5	5.6	0.9	5.8	5.3	14.3	77.2	43.8
325	11.6	11.4	14.2	15.3	16.9	23.5	28.4	30.1	24.6	21.4	15.7	13.9	59.1	60.9	48.9	10.8	34.3	60.7	1	5.1	0.1	51	40.3	129.8
326	11.4	14.2	13.8	13.8	17.2	23.9	27.8	26.7	24.2	19.1	15.2	9.8	58.5	32.1	12.5	13.3	73.7	19.6	0	0.1	19.6	58	26.3	59.1
327	10.7	11.4	13.1	14.7	19.8	23.6	26.3	25.5	22.8	20.6	16.8	13.4	55.7	63.6	8.7	49.2	0.8	20.5	13.3	12	9.4	105.9	62.7	13.1
328	9.5	13	14	13.8	21.1	24.3	26.9	29	23.8	20	15	10.8	26.1	30.6	22.3	25.5	2.4	5.3	0.1	0.1	59.7	60.5	82.8	88
329	11.3	10.6	12.9	16.8	20.6	21.6	27.3	26.9	24.3	18.8	15.6	12.5	20.1	47.7	81.7	14.8	15.6	22.8	0.2	1.6	4.8	48.4	157.8	36.5
330	12.4	9.8	13.6	17.7	19.6	21.9	26.9	28.2	22.9	19.9	15.9	14.1	23.9	109.6	23	35.1	79.7	19.5	2.4	3.7	3.8	37.2	7.2	81.7
331	12.3	11.7	11.4	15.4	19.9	21.5	25.3	26.2	24.8	18	15.1	12.5	10.8	29.2	114.8	23.1	7.7	9.1	2.1	5.1	103.8	1.4	49.1	162.3
332	12.1	11.6	14.2	16.3	18	24.5	25.7	28.4	24.2	18.5	15.5	11	7.9	42.3	33.6	29.6	28.9	1.1	7	0.4	47	139.2	19.3	73.1
333	12.2	13	13.4	14.9	19.2	22.5	27.8	26.8	22.7	20.4	16.3	12.2	21.7	40.4	39.5	9.1	15.3	9.7	5.8	0.1	25	19.4	39.8	95.7
334	11.3	11.5	11.8	14	19.5	22.5	25.5	25.8	25.4	19.8	15.6	13.1	11.4	33.8	13.4	32.6	34.8	6.6	0.8	0.1	16.6	9	11.3	52.6
335	9.6	11.2	10	13.9	19.3	22.6	24.3	27.2	23.4	19.6	15.2	13.1	22.4	72.2	92	42.6	3.2	7.8	0.2	0.3	11.7	41.3	34.6	66.7
336	10.1	10	13.6	15.5	18.8	20.7	27.1	26.2	23.6	17.8	15.3	11.2	18	31.2	1	27.2	57.4	45.3	11.4	2.9	5.7	74.7	86.3	69.2
337	11.1	13.3	12	14.1	16.8	22.7	26.5	28.4	24.6	19.5	16.8	13.8	9.6	2.8	60.9	11.7	43.8	2.4	0.2	5.1	12.7	122.9	43.9	71.1
338	9.9	12.9	12.1	14.2	17.5	23.2	24.8	25	22.2	18.9	16.8	11.8	33.7	15.3	61.1	12.8	4.6	26.3	0	0	6.5	64.6	35.2	36.8
339	13.7	11.5	14.1	16.7	19.3	24.3	25.1	28	23.5	20.7	14.5	13.9	19.1	32.5	38.4	44.6	50	0.1	4.7	2.2	23.5	0.4	232.3	33.2
340	12.5	11.3	12.3	14.9	18.1	23.2	26.7	26.3	23.8	19.3	15.3	10.3	14.2	33.1	2.1	8.8	14	19.4	0.4	12.5	7	72.7	77.4	82.6
341	11	9.6	14.3	15.1	19	25.2	25	27.2	25.9	17.7	13.7	12.3	41	29.8	6.1	19.7	27.4	1	9.1	4.3	0.7	8.9	13.4	20.1
342	9.8	12	13.7	17.4	19.2	22.4	26.1	26.9	26.5	19.7	15.4	13.3	6.4	91.9	35.8	22.9	23.4	7.5	3	29.5	45.5	86.3	64.9	53.7
343	12.3	9.4	11.2	14	19	22.9	25.1	27.6	27	20.4	15.1	9.8	23.7	44.1	32.1	45.9	6.3	2.1	0.2	14.2	3.1	24.9	76.2	21.8
344	10.9	12.9	12.9	15.6	16.9	24	22.5	27.3	22.3	19.4	16.5	12.8	26.6	1.7	13.6	4.8	9	11.4	1.4	3.4	108.9	109.6	14.1	54.7
345	11.9	10.3	12.5	16.2	18.4	23.3	25.7	26.7	24.2	20	16.4	11.4	5.6	17.5	28.6	40.8	0.1	6.3	0.8	36.3	21.4	20.7	115.8	25.4
346	10.9	11.7	12.6	15.5	19	24	24.5	28.3	24.5	17.3	14.6	9.1	104.9	30	102.5	21.8	6.4	85.3	1.9	0	5.7	13.1	2.6	27.9
347	11.6	12.2	13.3	14.2	18.5	22.2	28.4	27.7	23.6	20.1	14.2	13.2	34.1	102	43.6	28.6	44.5	12.4	0	0.5	40.6	28.5	26.7	12.9
348	13.2	10.2	12.9	16.2	20	25.7	28.3	26	23.7	21.3	14.4	13.5	48.2	56.1	40.6	21.6	6.8	11.1	1.3	0.4	10.8	19.3	11.7	5.7
349	10.9	8.5	12.4	15.6	20.5	24.5	27.1	28.5	24.2	17.8	15.4	12.5	21.7	209.5	48.4	20.2	18.6	0.8	12.2	0	40	18.7	22.5	25.1
350	11.1	11.1	12.6	15.1	21	24.6	26.9	27.3	24.6	19.3	14.6	13.2	51.9	4	36.2	70.1	23.1	1.6	0.9	0	34.9	34.7	75.7	65
351	14.2	12.7	14.6	15.5	18.2	22.4	27	26.5	23.6	21.1	13.3	14.3	24.4	13.4	39	44.6	22.2	2.6	1.2	0.2	11.7	177.1	8.8	65.6
352	10.3	12	13.4	15	18.3	22	25.6	26.5	24.5	17.6	15.6	13.5	30.2	42.2	32	5.4	10.2	0	3.3	2	11.4	20.6	15	76.4
353	11.4	9.6	11.8	15.5	18.6	22.6	24.7	27.1	22.5	22.1	16.2	14.1	24.7	22.3	35.3	38	17.7	2.8	0.2	5.7	51.1	46.2	21.3	45.2
354	12.4	11.9	14.9	13.8	20.3	23.2	28.2	25.9	23.7	17.6	14.6	14.4	16.1	26.9	12.6	31	3.9	4.7	2.5	0.7	33.2	40.3	53.5	110.9
355	11.3	13.1	13.7	13.9	19.4	23.5	26.3	27.1	23.2	20.4	14.3	9.4	60.1	27.7	4.6	58.9	38.2	22.7	0.9	74.8	6.4	14.2	74.9	124.5
356	11.9	11.8	13.9	14.9	20	25.1	27.2	27.3	21.7	19	16.5	13.1	70	5.4	18.3	7.1	8	2.6	1.4	0	23.2	20.6	29.7	104
357	11.9	12.9	13.6	15.5	21.9	27.3	26.8	25.2	22.9	22.3	14.5	9.7	57.1	7.1	51.3	13	4.3	0	5	31.6	30.6	61.5	47.5	18.7
358	13	9.1	13	14.2	20	24.9	25.4	25.5	24.1	23.4	15.7	13.7	122.3	27.4	48.6	21.1	17.3	0.4	0.8	3.6	14.8	62.9	68.5	35.3
359	10.9	10.5	11.5	15.6	18.7	22	27.2	26.1	23.7	19	15.4	11.7	43.6	73.9	40	15.9	13.3	0	0.6	0.9	2	17	23.9	17.5
360	10.2	12.3	14	14.5	18.2	20.5	28.2	25.6	23.4	18.3	14.8	14.6	69.5	43.6	15.5	16.6	9	3.4	5	10.2	25	40.6	13.5	53.1
361	11.1	9.8	12.7	14.1	18.5	21.1	23.4	26.7	23.8	19.3	14.9	15	19.5	44.6	100.7	3.6	2.2	5.1	2.1	0.7	41.5	9.9	29.4	46.8
362	10.7	12	14.7	14.2	18.7	23	28.1	26.4	26.6	21.9	15	12.6	14.5	6.5	54.5	48	12.4	21.5	6.7	13.4	13	34.4	53.5	28.5
363	9.9	11.7	14.5	14.1	18.4	20.4	24.8	27.8	24.3	19.3	14.1	11.4	4.3	71.9	28	31.4	4.7	43.5	0	0	53.3	49.3	68.6	31.2
364	13.3	10.5	14	14.9	18.5	22.7	25.6	25.8	23.4	22.3	14.8	14	66.6	12.1	30.8	22.6	3.9	15.7	8.1	38.3	8.2	50.5	114.3	5.2
365	11.6	12.6	14.9	15.1	21.4	24.9	27.2	29.1	23.2	18	14.4	11	52	15.3	25.2	85.7	39.8	5.4	0	4.9	1.1	48.9	48.2	54.9
366	10.3	11.2	13.7	16.1	20.5	20.1	27.5	28.3	24	19.9	17.1	11.7	4.4	9	3.1	38	12.3	20.7	2.4	29.2	0.8	4.1	139.8	16.2
367	12.9	9.5	13.3	14.1	17.1	24.6	28	26.7	24.9	19	13.9	11.7	17.9	85.4	45.9	36.9	24.3	6.5	2	7	8.6	40.4	78.8	69.3
368	10.8	12.2	13.1	16.4	19.1	24.5	25	29.2	24.1	20.6	14.6	12.2	2.4	2	70.3	4.5	15	0.4	7.2	4	79.9	33	93.1	62
369	9.8	10.2	12.5	14.7	17	21.1	25.6	26.5	23.5	19.6	15.8	12.5	13.2	44.8	29.4	54.6	29.6	16.7	1.7	1.3	1.7	58.8	121.4	121.6
370	12.6	10.3	12.1	16.5	17	24.6	24.1	30	23.7	21.5	16.3	12.7	27.5	40.5	7.8	14.4	21.3	25.7	0	0.4	43.9	51	12.5	146.9
371	9.8	8.3	11.2	14.5	22.6	24.3	24.6	27.3	25	21.4	15.1	11.7	89.6	48.7	77.9	56.1	1.1	1.6	6.2	23.2	7.5	20.1	46.3	52.1
372	10.1	13.4	13.2	15.2	19.3	23.9	28.1	25.9	24.6	19.7	15.1	12	46.2	36.9	66.4	55.8	28.3	11.5	4.7	0.6	33	79.7	38.9	17
373	9.8	9.3	13.6	16.6	18.9	23.3	27	27.8	24	19.3	15.1	12.5	29.4	96.8	27.6	10	14.6	10.7	1.3	0	17.3	182.5	20.7	31.6
374	10.2	12.3	11.7	17.3	18.8	23	27.2	24.4	25.7	19.6	13.8	12.3	39.2	20.6	42.6	3.9	8.5	0.1	0	15.5	13.7	32.4	133.8	27.9
375	13	9.3	13.5	15.8	20.6	23.8	27.2	26.5	24.3	19	15.8	13.7	21.2	54.5	40	40.9	0.1	0.5	2.8	2.9	19.9	7.8	54.7	26.3
376	12.2	9.5	14.3	15.6	20.6	24.8	27	27.5	24.2	22.1	16.1	13.6	28.9	57.3	44.2	19	24.6	8.5	0	18.5	9.8	21	27.4	15.4
377	11.4	15.4	12.3	15	21.1	22.8	28.3	27.8	25.6	20.5	14	13.6	4.8	19.8	74	19	14.3	24	0.5	6.9	8.4	40.8	41.3	31.4
378	12.9	12.4	11.6	17.3	18	24	24.5	27.3	26	21.1	17	12.1	23.8	46.7	48.3	55.3	16.7	1.7	0.1	5	14.7	84.7	33.8	21.5
379	10.6	11.4	13.6	15.7	21.6	22.2	25	27.4	22.3	19.2	15.3	10.9	65.6	38.6	50.5	4.4	19.7	7.6	0	2.2	24.2	1.6	37.5	24.7
380	11.4	10.3	13	13.7	18.6	25.1	23.4	25.8	23.7	16.1	15.6	12.2	21.8	49.8	20.4	41.6	35.8	0.1	0	2.4	28.1	37.5	44.1	24.1
381	10.7	9.9	13.3	15.1	18.8	23.2	29.4	29.1	25	19.7	15.3	12.4	158.8	16.4	137.4	86.8	1.1	0	0.2	0	4	34.1	29.2	82.1
382	11.6	9.3	11.7	16	21.2	22.4	26.9	27.3	23.5	18.9	15.2	12.6	38.9	47.3	36.9	10.1	26.1	2.9	1.6	2.4	0.5	16.6	90.9	80
383	10.8	10.7	11.8	15.4	18.3	24	26.8	25.9	25.3	20.3	16.5	14.7	49.7	200.7	68.7	47.6	2.4	1.8	0.7	28.3	29.2	1.2	8.1	31.6
384	11.5	13.5	13.6	16.4	18.7	23.3	27.4	27.2	24.6	20.5	12.5	11.7	45.9	27.8	45	5.4	25.2	14.9	1.2	3.2	42.7	92.4	168.6	62
385	8.6	11.7	13.7	14.9	17.5	22.6	26.7	28.3	22.6	19.3	15.7	14	40.7	55.7	2.9	7.4	44.5	12.3	5.2	3.5	22.5	1	16.9	35.4
386	11	10.8	12.6	15.1	18.6	23.3	26.3	26.9	23.4	17.7	15.1	12.3	8.3	131.4	14.6	56.3	11.3	1.2	2	0	149	4.1	31.4	48.6
387	9.9	13.6	13.1	15.3	19.7	24.2	24.5	26.6	24	20.7	15	13.7	8.4	14.5	14.9	63.4	11.1	0.3	0.1	0.2	25	51	66	4.5
388	10.9	10.2	12.3	13.8	18.8	22.8	26.2	26.6	25.6	21.2	16.9	11.9	20.7	21.6	43.6	13.9	20.1	3.7	2.7	0	33.9	66	29.1	15.6
389	11.6	9	13.3	15.7	18	25.9	25.6	25.6	23.6	19.4	15.3	11.2	81.4	190.4	119.1	5.5	29.8	0.6	0.4	0.1	1.7	89.3	11.7	70.2
390	12	11	12.5	15.3	17.6	24.6	23.2	27.3	24	19	16.1	15.5	50.5	18.9	22.2	5.8	22.2	0.6	0.2	22.8	36.3	20.1	41	31.1
391	10.8	11.2	15.1	15.9	18.3	24.1	24.7	28.3	24.1	20.1	15.5	10.9	50.4	41.6	46.2	36.9	40.3	17.5	0	8.5	99.9	57.9	155	64
392	9.2	11.3	12	14.3	18.3	22.6	27.2	27.9	23.5	18.5	15.6	12.8	75.7	49.6	41.8	50.7	15.3	80.9	16.5	0.1	26.2	57.5	22.7	19.8
393	11.6	11.2	12.8	14.9	20.6	25.2	27.1	27.7	24.7	19.8	14.5	10.8	77.4	46.9	18.5	6.3	1.2	12.8	4.1	0.7	37.7	29	33.7	88.1
394	11	11.5	13.5	16.7	17.9	23	25	27.5	25.1	21.2	15.9	11	55.4	33.1	27.9	8	17.4	2.2	0.1	0.1	17.1	26.1	63.7	37
395	10.9	13.2	12.9	15	17.3	22.6	27.9	26.8	24.3	17.8	15.5	12.2	86.3	0.4	9.9	6.2	8.2	6.3	6.8	27.2	11.2	46.2	61.4	68.2
396	10.9	12.6	12.4	15.6	19.4	24	27.7	25.4	25.4	19.9	16.7	13.8	73.1	79.1	36.1	45.8	1.4	1.5	0.1	0	41.1	36.6	115.3	42.7
397	10.7	9.3	13.6	14.4	16.3	22.4	26.1	25.6	23.7	18	16.5	12.6	44.2	57.9	34	26.6	42.1	5	3.1	0.6	6.2	39.2	32.1	35.3
398	8.8	11.3	13.6	13.8	20	23.1	27.6	27	23.8	20.9	15	13.3	36.4	70.4	36.2	32.3	3.9	7.9	0.1	0.1	41.8	19.6	54.9	97.8
399	12.6	9.5	13.1	13.9	18.8	23.8	27.3	27.4	24.7	21.1	15	13.5	11.1	150.8	11.2	118.2	70.7	3.9	6.9	3.3	1.3	10	12.9	123.3
400	10	13.1	12	16.6	20.1	24.1	28.5	23.7	24.3	19.9	16	14	6.2	14	33.4	14	0.1	3.5	4	3.3	14.7	80.8	15.9	27.9
401	11	12.6	14.9	13.9	19.9	25.2	26.4	27.8	24.4	18.7	14.5	13.4	27.5	28.2	44.1	88.5	14.9	11.1	0.1	31.9	1.1	0.9	7.6	16.4
402	11.6	12.3	12.6	15.8	17.2	23.3	25.6	26.3	24.9	20.8	16	12.5	60.1	51.3	2	50.4	13.4	20.5	11.1	2.4	116	162.4	53.7	46.3
403	12.4	11.3	12.6	16	18.2	24.4	29.2	26.8	24.8	22.4	15.7	12.1	21.9	31.2	25.6	29.3	35.9	0.6	5.3	0	13.8	90.3	30.4	32.5
404	11.7	11.7	14.1	15.4	19.4	21.9	27.3	26.6	25.3	22.3	15.3	13.3	44.6	64.4	49.9	38	6.6	10.2	17.4	12	54.4	12.9	121	20
405	12	10.5	13	15.5	19.9	24.6	27	28.5	23.7	19.3	17	13.1	43.7	19.6	10.6	25.6	18.3	14.5	8.8	9.6	77.3	64.9	7.4	16.4
406	13.4	13.1	12.3	16.1	20.7	22.2	24.6	26.8	25.6	21	15.7	11.2	93.7	53.8	14.6	2.9	12.4	3.4	8	3.1	8.4	28.6	142.1	106.6
407	12.6	12.1	12.9	13.7	19.4	25.3	26.9	27	23.4	20.1	14.8	14.8	65	21.5	36.3	43	47.7	2.9	0.6	0.1	93.2	52.9	67.3	22.6
408	11.7	10.4	12.1	15.2	19.5	24.5	28.6	26.7	25.2	20.2	16.6	11.5	39.3	179.8	142.6	90.9	23	3.1	1.2	4.9	14.9	29.9	35.1	24
409	10.3	10.3	13.6	14.8	21.4	23	28	28	24.2	22.3	15.5	12.9	42.8	20.8	46.6	28.8	1.2	4.8	4.3	0.4	17.4	41.7	72.6	57.5
410	8.3	10.2	14	15.9	18.4	23.7	26.5	25.1	24.2	19.9	14.4	11.2	14.7	51.9	6.4	31.3	87.1	0.6	0.8	1.4	12.7	56.7	18.4	47
411	12	9.8	12.2	15.1	18.6	25.5	25.7	26.5	25	20.9	17.1	11	45.3	119.9	1.7	39.8	24.8	1	0.1	1	6	79	67.4	50.3
412	10.8	9.9	12.8	16.1	19.5	24	26.8	26.9	24.1	18.8	15.1	12.4	33.2	59.8	25	24.5	22	14.9	7.2	36	24.4	27.4	57.3	73.8
413	10.5	12.8	13.1	16.6	19.6	22.9	26.5	28.8	24.5	19.1	15.5	13.5	25.5	50.5	18.8	67.3	46.1	14.6	7	0.3	7.4	3.1	61.9	11.4
414	10.3	9.7	12.8	14.7	20	23.1	26	29.7	25.1	19.2	15.9	13.2	16.5	66.7	25.5	34.4	4.8	1	0.3	14.1	25.3	15.1	11.5	54.4
415	10.4	11.3	13	14.4	19.5	25	24.9	28.4	24.3	21	14.1	13.6	13	96.5	14	70.6	22.3	0.8	0.7	0	46.8	81.3	142.1	32.7
416	11.5	11.4	10.8	15.8	18.1	21.8	25.6	27.3	24.4	19.3	15.7	12.8	26.3	30.5	52.7	21.9	74.8	2.6	1	0.5	19	88	76.3	77.9
417	10.6	10.5	13.6	15.9	19.4	22.3	27.3	26.8	24.5	22.1	15.6	11.3	34.5	99.5	49.2	10.1	10.1	13	0.1	0.8	1	8.9	16.2	21.3
418	12.1	13.6	13.7	15.4	19.1	24.4	26.5	29.6	22.5	21.5	13.6	12	31.5	3.6	14.5	77.3	3.7	1.2	0.1	0	73.5	18.2	167.7	50.2
419	11.6	10.7	12.7	15.7	16.6	25.4	29.8	27	23.6	18.8	15.7	14	22.4	67.4	51	9	43	2.3	0.7	20.8	27	47.6	12	18.4
420	12.1	10.6	11	15.6	19.2	22.5	26.8	28.9	24.8	21.2	15.5	11.4	36.2	60.3	103.7	8.3	13.6	3.5	1.9	1.8	115.8	97.5	61.5	24.9
421	11.5	12	12.9	17.9	18.9	23.9	27.1	29.8	24.4	20.8	16.3	10.8	100.9	25.5	38.1	26.9	41.6	1.3	3.5	3.2	19.4	11.6	25	24.4
422	10.4	14.5	13.8	16.9	19.9	21.9	28.8	28.2	23.4	20.7	17.2	13.1	59.1	47.4	42.4	53.8	18.8	10.8	0.1	10.8	8.5	17.7	45.3	144.6
423	11.7	12.4	12.8	16.2	21	24.6	23.9	26.2	23.4	19.7	17.4	13.7	54.6	29	16.7	47.1	12.2	5.3	1.8	0	3.3	28.9	2.2	3.9
424	12.3	11.8	11.6	14.7	14.7	23.2	27.2	26.3	24.4	21.6	14.6	14.3	42.3	44.1	133.5	11	92.1	7.8	0.2	5.2	31.6	93.5	14.9	49.8
425	9.8	10.4	11	16	20	22	26	26.4	24.8	20.4	15.4	12.3	82.5	35.2	17.9	63.4	12.3	9.2	0.2	1.3	20.9	17.2	103.3	35.8
426	12.1	12.1	13.6	15.1	17.5	21.4	24.7	26.5	23.4	20.6	13.3	12.8	66.5	170	13.3	44.8	19.4	17.3	0.1	5.6	18.7	25.1	37.2	42.5
427	12.1	10.6	14.9	15.3	18.7	25.7	26	27	25.1	22.1	15.2	12.8	53.4	30	5.5	70	37.2	3.5	5.7	0.1	22.4	88.3	26.4	41.3
428	11.9	12.3	14.6	14	19.1	23	25.7	26.8	24.3	18.3	14.4	14.6	52.6	53.7	13.3	22.2	16.8	2.7	0.2	0.2	2.5	58.3	22.1	35.1
429	11.5	11.3	14.3	12.6	21.9	23.7	26.3	26	22.5	21.9	15.2	13.5	39.6	42.2	35.6	55.6	5.3	13	0.2	1.8	0.4	12.7	49.3	11.7
430	9.9	11.5	14.5	13.9	19.3	22.1	25.8	30.4	23.2	19.8	15.2	11.1	17.8	38.9	28.7	64.9	67.6	0.8	8.2	0	11.9	16.8	13.9	73.4
431	10.5	11	13.5	15.5	17.2	23.2	25.9	27.3	22.7	19.6	15.3	13.5	21.1	80.4	8.7	11.2	55	30.6	0.8	0	21.8	142.1	100.6	97.4
432	12	12.1	14.7	14.6	20.7	23.7	26.1	27.3	23.6	19	15.4	10.6	35.7	19.7	4.1	32.6	7.8	1.7	4.5	30.2	24.2	10.1	36.2	9.8
433	9.6	10.5	12.3	16.2	19.6	24.5	26.8	25.8	21.8	20.1	15.8	13.9	33	47.5	138.5	5.6	6.5	1.3	10.5	2.7	96.6	0.9	72.5	70.9
434	11.4	13	13.8	14.3	18.1	22.5	27.1	25.6	24.6	19.9	16	11.7	17.1	2.5	11.5	22.3	4.2	3	0.5	16.7	10.6	53.2	158.2	57.4
435	11.8	8	10.8	16.6	20.5	24.7	25.6	25.2	26	18.2	16.6	12.9	8	162.3	65.6	1.3	6.7	6.7	4.6	0.1	28.6	108.6	13.9	80.1
436	11.4	11.3	14.2	14.8	17.3	25	29.2	30.3	23.9	21.7	14.7	10.4	34.5	43.5	5	36.2	57.6	10.9	0.4	0.8	15.3	9.6	52.7	22
437	12.4	11.6	15.4	16.3	18.8	20.4	27.7	25.9	25	20.4	14.3	11.9	23.3	155.5	5.1	16.6	6.4	14.9	0	4.3	51.3	93.7	20.6	45.1
438	10.8	10.4	13.5	17	18.3	23.8	28.4	26.8	22.4	18.9	15.8	14.1	65.2	122.4	22.5	7.1	26.2	14.4	1.2	0.9	162.1	172.5	54.6	21.2
439	11.5	10.3	12.8	15.6	20.4	24.4	24.9	28.2	23.3	19.3	14.1	12.7	34.1	64.5	215.8	30.5	8.6	0.1	0.1	0.5	18.7	43.2	36.9	14.5
440	12.6	9.3	12.9	14.3	18.2	24	26.8	27.2	25.5	18.5	16.3	12.3	31.9	50.4	34.3	18.5	3.1	3.1	0	3.7	3.9	41.8	21.1	78.6
441	11.3	12.7	14	14.3	21.1	22	25.7	30.4	23.4	23.1	15.9	12.3	46.3	21.3	17.9	40.1	0.4	3.3	0	4.2	1.1	60.7	41.8	43.3
442	11.9	9.2	14.8	16.3	16.8	27.1	25.5	26.7	21.8	20.7	14.6	10.9	32.3	27.8	47.1	43.1	23.7	1.1	3.3	16.6	217.4	124.6	6.8	78.8
443	11.7	12.6	13.9	15.2	18	22.8	27.2	28.8	21.9	20	15.6	11.5	89.7	22.6	30.5	22.7	14.3	2.1	4.5	0.2	71.3	19.5	39.9	53.7
444	9.6	11.8	13.8	15.4	18.8	21.8	25.8	28.5	24.3	20.2	16	12.2	46.1	56.8	12.1	11.7	44.9	0.7	3.6	1.1	67.2	31.3	15.2	20.8
445	11	12.9	11.7	15.5	19.6	24.6	25.5	23.5	24.1	18	16.1	12.3	40	43.9	193.1	28.5	20.6	17.4	0	0.6	24.4	10	18.7	74
446	14.3	10.1	13.2	14.6	20.3	26	25.2	28.4	25.2	20.8	15	11.2	66.4	80.2	94.1	19.6	5.2	0	5.2	2	23.2	183.1	30.5	62.2
447	12.3	10.4	13.7	17.1	18.4	24.9	27	27.8	24.3	20.7	15.1	13	3.8	138.4	8.3	17.4	73	2.1	1	0.2	21.9	8.2	17.4	24.1
448	11.4	11.5	14.4	14.4	21.2	25.6	25.3	27	26.4	20.6	15.3	12	39.4	13.8	11.6	15.5	37.9	5.2	6.8	0.1	33.2	34.1	12.4	50.7
449	8.9	11.1	11.9	16.2	18.9	23.5	28.5	28.9	24.5	20.9	13.9	11	28.3	15.9	74.3	8.4	93.1	16.8	2.1	2.1	43.6	234.3	99.1	61.1
450	9.5	11.9	10.2	14.5	19.1	23.2	25.9	24.4	24.2	19.8	14.5	12.4	4.1	17.1	106	95.7	19.9	22.1	8.9	5.2	15.9	108	116.4	2.8
451	10.4	12.1	10.8	15.3	18.4	24.6	27	26.5	23.6	17.9	16.3	13.2	10.9	30.6	63.4	59.2	8.7	2.2	1.6	15.3	35.5	25.7	61.1	43.2
452	11	8.6	12.8	14.1	17.4	24.1	25.9	27.4	24.3	18.5	15.7	12.3	25.1	62.5	86.4	137.3	74.6	10.4	0	0	16.5	16.2	93.7	50.3
453	11.1	7.5	13.8	15	17.8	23.2	25.1	26.5	23.1	20.3	15	13.5	53.7	151.1	39.1	17.1	21.9	10.1	0.3	6.1	8.3	14.6	73.8	186.2
454	11	11.7	13.4	15.1	18.2	25.8	26	28.9	24.9	20.2	15.7	10.9	7.7	40.8	125.4	31.6	0.4	5.2	4.3	0.6	80.5	22.1	27.9	20.8
455	12.7	14.7	13.5	16.3	19.3	24.6	26.8	28.7	24.1	19.6	15	14	60.5	63.9	22.9	11.4	21.6	1.2	0.1	0.1	56.7	131.6	142.3	54.5
456	9.9	11.3	12.4	16.2	21.3	21.7	28.9	27.3	23.7	22.3	15.3	12.1	4.3	118.9	56.3	57.2	2.7	12.6	9.6	3.6	9.6	61.5	159.1	123.2
457	10.5	10.7	14.3	15.8	19.7	24.7	26.2	26.2	25.2	19.2	15.3	12.2	57.5	48.8	7	5.3	24	14.2	0.3	11.7	60	20.4	83.1	84.2
458	11	11.3	12.2	15	17.2	22.4	25.4	26.5	22.3	20.9	15.1	13.2	84.2	88.9	28	16.6	50.1	12.2	7.1	0.7	24.6	33.8	25.4	32.4
459	9.9	10.7	14.7	15.2	18.2	24.1	25.9	25.2	23.8	21.1	17.1	11.3	5.3	40.5	28.5	21.4	20.2	2.8	0.3	3.9	42.1	25.4	7.6	81.3
460	11	11.7	13	13.5	18.6	23.8	26.9	25.4	24.3	19.2	14.5	10.7	4	88.2	63.1	58.9	19.7	0.2	0	2	46.5	23.3	94.8	70.7
461	12.2	6.9	11.8	15.6	18.4	24.6	26.2	27.1	24.7	19.6	15.5	12.3	21	52.1	31.5	9.3	27.3	10.7	0.2	0.2	105.3	47.8	26.8	148.8
462	11.4	11.8	11.8	14.2	19.1	25.7	25.6	24.5	24.4	19.7	13.6	13.4	27.8	45.8	7.6	70.4	4.2	10.6	0.9	7.3	102.1	48.2	65.5	15.7
463	11.8	11.5	12.9	15.8	17.4	23.1	27.2	28.8	26.2	19.7	16.3	12.5	69.4	52.4	54.9	46.4	32.7	17.5	0.3	0	9.9	36.5	53.8	13.8
464	10.7	9.9	12.6	14.6	18.7	24.3	25.5	27.3	25.1	20.6	16.3	12.2	67.9	36.6	81	54.8	44.4	2.3	0.6	13.6	5	102.4	32	59.8
465	11.1	10.3	15.1	15.6	18.9	22.4	27.1	27.8	22.9	20.5	16.3	12.7	30.5	39.2	29.3	18.8	25.3	3.3	0.4	1.4	40.1	66.5	52.4	70.3
466	12.6	11.7	11.8	13.6	17.6	25.1	29.1	28	23.6	17.3	14.9	13.3	17.4	23.2	3.7	16.1	50.1	2.2	21.9	0	47.1	97	64	85.7
467	10.9	10.5	13.1	15.5	17.9	24	25	27.5	25.7	20	16.2	12.6	54.6	49	19.2	37.6	12.3	19.1	7.8	6.5	10.8	110.6	4	49.2
468	12.7	10.1	13.2	14.7	16.9	22	25.2	27.3	22.2	21.7	15.2	12.4	8.4	176.2	40.9	87.6	7	0.5	2.8	0	68.8	124.8	18.7	29.2
469	12.6	10.3	11.4	14.3	20	23.7	27	28.2	23.1	19.1	18.6	12.3	23.4	27.5	27.7	20.9	56.5	13.5	1.5	0.7	3.5	32.9	90.2	102.8
470	9.5	10.5	12.8	15.1	18.3	24.2	24.1	27.3	23.7	20.4	14.9	12.2	36.8	45.7	63.4	23.5	8.4	1.8	0.3	13.2	1.2	10.9	18.2	27.5
471	10.3	11.1	13.9	14.7	21	21.4	24.8	26.8	24.9	20.7	15.6	13.3	47.5	84.6	50.8	26.4	15.6	2.9	0.4	7.5	48.9	207.6	84.2	41.7
472	10.7	11.7	14.7	17.3	19.8	24	25.1	27.6	23.1	18.2	17	13.8	54.1	32.7	51.4	18.7	17.3	2.3	0	5.9	2.6	45.7	32.2	68.6
473	12.2	13.2	12.8	14.5	17.9	23	24.5	28.3	22.4	19.3	16.1	13.7	24.9	62.6	41.4	38	20.9	30	0.3	0.8	7.1	14.7	97.1	149.7
474	11.4	9.3	12.1	15.6	20.6	22.7	27.4	24.5	23.4	22.7	15.2	12.8	31.5	90	30.9	25.6	9.5	2.6	3.8	4.4	0.1	28.2	30.1	69
475	11.3	13.6	12.9	15.7	20.5	21.6	25.5	25.2	24.5	21.5	15.5	10.7	95.1	70.9	32.9	44.3	10.3	12	0	9.2	26.3	79.3	30.2	109.7
476	11	10.7	11.2	14.5	19.4	22	26.1	26.7	24.2	20.9	14.4	12.7	25.3	106.1	80.2	16.2	6.2	2.6	1	1.1	33.5	135	42.1	26
477	10.1	8.8	15.6	18.7	21.2	26.4	28.4	25.7	23.8	19.7	16	11.3	132.1	35.2	27.6	2.8	2.5	0.3	2.5	0	49.3	15	52.7	115.4
478	13.8	11.9	12.7	17.5	18.7	24.2	28.8	27.7	24.4	24.1	17.5	13.4	37.2	5.6	36.4	7.7	11.1	24.4	0	0.2	28.6	82.1	150.4	61.4
479	10.1	13.2	15.6	15.3	19.1	22.2	23.4	28	21.6	19.5	16.5	11.2	22.7	28	10.7	38	36.1	5	1	1.3	59	53.4	17	43.6
480	11.2	11	14.3	17.4	17.7	23	26.6	26.5	23.5	20.7	15	13.6	28	4.1	62.3	7.4	65.2	0.4	0	6.1	13.7	6.5	31.7	46.9
481	12.5	9.3	12.1	15.7	17.5	24.3	22.3	25.6	22.9	20.8	16.3	11.2	66.1	18.4	18.1	6.5	47.7	31.7	0.8	3.9	9	7.2	61.1	11.4
482	10.8	10.2	13.4	15.4	18.9	25	25.7	26.8	23.7	18.8	15.7	11.1	31.7	88.8	11.1	76.4	17.4	8.9	0.3	1	33.2	30.1	24.6	69.2
483	11.1	11.7	13.1	14	19.4	26.6	27.1	26	23	21.8	15.3	10.8	124.3	11.7	29.8	39	8.3	0.6	0.5	5.4	20.1	66	20.8	49.1
484	11.7	12.3	14.8	16.5	22.2	22.7	28	26.9	24.4	21.9	15.5	11.9	28.9	26.1	5	17.9	1.6	2.5	0.1	0.1	6.2	29.4	160.5	14
485	10.6	11.3	13.1	15.4	21	22	26.1	29.4	24.9	19.4	15.1	13	22.4	55.5	16.3	9.4	7.8	3.2	0	3.4	4.1	89.8	16.6	47.2
486	10.8	12.7	15.2	15.1	17.9	22.7	25.9	24.8	25.7	20.7	15.2	12.2	11.3	8.8	4.2	7.1	37.1	12.4	7.6	1.1	14.2	8.6	20.8	17.2
487	9.9	11.8	12.8	14.2	16.7	22.9	26.3	27	24.3	18.5	14.6	12.1	94	32.6	63.4	28.3	43.8	13.2	0.9	18.3	12.1	34.9	50.6	7.4
488	11.1	13.6	15.3	15.2	22.3	21.8	26.5	27.5	23.4	20.2	16.3	14.2	24.6	2.3	40.9	87.5	15	1.2	0.9	0	0.6	22	6.8	47.4
489	9.8	9.6	12.5	16.1	19.8	24.4	26.1	26.4	24.4	20	14	13.2	14.3	11.3	10.1	40.4	1.6	4.7	0.2	4.4	23.7	54.4	126.1	45.4
490	9.5	11.7	13.4	14.6	20.5	23.1	26	27.7	25.4	21.9	15.1	11.8	24.7	8.3	5.8	13.3	5.7	7.1	1.1	0.5	2.6	104.6	57.8	150.3
491	11.5	9.9	13.3	15.4	17.4	24	25.5	28.2	24.2	20	15	10.7	37.6	22.5	16.9	48.5	20.7	0.1	2	2.9	27.3	52	42.5	51.3
