#header info#
39.25	#latitude; used for cacluating drought index in model bugmann#
5	#meter a.s.l. of climate station#

#temperature lapse rate with increasing altitude: #
-0.61	-0.64	-0.58	-0.60	-0.53	-0.44	-0.40	-0.48	-0.57	-0.53	-0.63	-0.64

#precipitation lapse rate with increasing altitude: #
8.19	6.74	6.91	6.83	3.78	1.68	0.99	1.28	3.95	6.34	8.80	11.12

100	#meter: corrections (see above) every x meter. #

#	mean monthly temperature (∞C) total monthly precipitation (mm) #
#year	jan.T	feb.T	mar.T	apr.T	may.T	jun.T	jul.T	aug.T	sep.T	oct.T	nov.T	dec.T	jan.P	feb.P	mar.P	apr.P	may.P	jun.P	jul.P	aug.P	sep.P	oct.P	nov.P	dec.P#
1	8.9	11.9	11.9	14.4	20.1	22.7	24.2	26.8	22.9	19.6	14.3	13.3	26.4	3.4	35.4	17.7	2.4	13.7	0	0	10.1	70.2	2.9	104.1
2	11	10.6	12.8	14.8	19	20.7	22.4	24.2	20.7	17	16	10.7	4.1	16.4	20.5	24.5	5.5	4.8	0	2.1	4.2	149.7	77.4	46.9
3	10.3	9.9	12.1	12	17.8	23.9	21.8	24.1	22.2	15.9	13.4	10.2	12.9	162.9	80.8	20	41.5	18	9.8	5.5	5.8	17.4	28.5	70.8
4	9.6	9.9	13.6	14	18.3	20.8	21.3	24.2	22.3	20.3	12.3	9.1	44.4	18.6	18.6	5.3	1.1	1.1	6.8	2.1	40.5	168.8	55.9	27.6
5	11.9	9	13.1	13.4	17.7	23.8	24.2	23.7	23.6	19.2	15.8	11	79.1	39.5	15.9	25.5	92.2	25.9	0.3	3.1	43.7	66.5	35.6	24.9
6	11.1	12.4	11.4	14	15.2	23	26.4	27.2	23.7	21.5	14.1	10.3	65.2	6.9	76.4	62.6	17.5	5.6	0	9.3	17.9	13	82.3	59.4
7	11.1	11.4	10.8	14.8	18.5	23.1	25.8	25.8	22.4	18.2	12.7	12.8	32.6	36.5	31.3	14.9	4.3	0.1	3.5	7	8.1	54.1	74.5	2.8
8	8.4	12.2	12.3	13.1	17.3	22.5	23.7	25.6	23.7	18.6	14.2	9.9	38.7	34.7	36.1	38.1	10.3	0.1	0	0	36.4	64	89.1	59.8
9	8.9	12.1	11.3	13.1	18	25.7	23.5	25.1	23.2	20.1	14.2	11.6	14.3	31.4	27.3	35.2	5.6	0.7	1.2	1.1	15.9	29.6	3.4	60.1
10	11.9	9.6	12.9	14.8	18.4	22.3	24	27.1	22.1	16.6	14.3	11.2	25.5	155.6	35.6	108.1	23.8	16.3	17.6	0	35.1	8.7	84.6	29.2
11	8.7	12.2	12.6	14.5	17.4	22.7	24.8	26.7	22.2	20	15	10.4	150.1	26.6	11.5	34.5	17.9	2.3	0.4	3.3	22.4	41.1	15.9	10.1
12	10.2	13.2	12.7	12.1	17.6	23.1	24.8	25	24.7	20.5	16.5	12.6	7.8	14.3	20.7	112.9	6	25.2	5.5	3.7	5.3	27.7	43	34
13	11.5	9.3	12.2	15.3	17.8	20.3	24.7	26.3	23.8	18.9	14.6	11.8	58.3	93.8	25.7	8.4	1.3	6.4	0.4	0	23.1	87.5	11.8	28.5
14	10.7	10	13.5	14.3	18.1	23.5	25.5	27.4	23.8	20.1	14.9	12.5	4.7	68.3	12.8	26.4	47.9	5	3.1	25.8	3	43.7	75.8	27.8
15	11	12.7	12.7	13.5	19	22.3	26.3	27.8	23.5	21.7	14.5	12.3	48.8	19.7	34.7	68.4	7.8	19.5	3.2	2.9	80.3	150.9	117.9	41.8
16	11.2	10	10	14.8	17.9	22.9	23.9	25.5	24.2	19	13.6	11.4	131	32.3	58.3	69	22.6	46.6	5.4	0.4	123.3	76.5	46	26.1
17	12.4	10.7	14.1	15.4	20.1	22.4	23.7	26.3	21	17.8	14.8	10	22.1	35.5	17.9	54.5	13.6	9.5	4.4	10.6	1	13.6	22.5	6.5
18	11.5	10.3	11.9	13.6	19.2	24.5	26.6	27.9	24.5	19.6	14.1	10.2	57.5	14.6	12	15.1	2.2	2.7	0	3.5	15.5	81.8	112.8	49.4
19	8.7	10.7	12.1	14.2	15.8	20.6	25.8	25.2	21.7	18.2	13.6	13.2	51.4	34.6	47.5	23.9	52.4	19.4	0.9	20.5	108.7	36.9	36.1	24.3
20	8.9	11.7	12.5	13.9	19.7	23	27.5	28.4	22.9	19.5	13.9	8.9	92.1	28.7	34.8	24.5	12.2	3.9	0.1	11	1.6	18.5	47.6	59.6
21	9.3	9.5	13.3	13.3	16.9	23.7	27.5	26.5	21.5	18.8	14.8	10.7	22.8	58.5	2.6	74.3	16.9	3.9	0.1	1.5	28.1	43.8	85.2	37
22	10.1	10.2	12.3	13.5	17.6	23.1	27.9	26.2	23.7	19.6	15.2	12.8	78.3	111.5	117	71	119.4	8.3	6.6	10.3	36.4	48	71.9	36.5
23	12.2	7.9	14.7	14.2	20.2	24.4	25.7	25.4	22.7	18.7	15.7	12.3	73.6	87.3	17.7	24.2	3	5.7	0.9	41.6	63.8	10.8	207.6	60.7
24	10.8	10.9	13.1	15.9	19.1	24	23.6	30.2	23.9	20.6	14.7	12.7	108.5	68.2	113.1	12.1	4.4	0.1	6.1	4.9	5.3	83.4	45.8	12.6
25	11.6	12.4	12.4	15	18.5	21.5	25.4	25.3	22.5	19.7	15.1	9.8	56.7	58.2	62.3	54.7	12.9	7.1	9.1	9.8	38.6	5.9	25.5	32.5
26	9.6	9.5	14.2	15.8	19.2	21.8	26.3	26.4	23.3	18.5	15.1	12	18.2	40.6	23.6	61.2	3.4	1.3	3.5	1.1	1.6	46.1	94.8	47.9
27	11.8	9.2	12.9	15.1	18	22.8	28.8	26.5	21.7	17.5	15.1	10.7	72.8	14.8	3.8	49.6	64	1.7	0.6	11.1	4.5	11.4	92.4	77.3
28	10	13.3	12.5	16.1	17.8	21.1	24.2	28.5	23.9	20.3	14.9	10.4	13.3	57.2	11.2	11.4	9	3.5	12.2	0	3.2	24.4	190.8	82.3
29	8.9	10.7	12.1	13.4	16.9	22.8	24.9	25.7	22.9	19.7	15.1	12.1	96.8	21.1	53.4	14.2	51.6	2.2	1.7	1.7	24.5	16.9	17.9	46.2
30	10.2	12.2	14	15.6	19.4	23.1	24.6	23.6	24.6	19.7	14.9	14.4	17	38.3	13.9	70.7	38	4.5	1.1	41	16.8	64.2	15.7	72.3
31	10.7	12.5	12.6	15.6	15.2	24.5	27.4	28.2	22.1	22	16.4	13.2	46.1	3.5	75.4	57.6	48.9	29.7	3.6	3.6	5.2	39.1	92.1	53.1
32	10.6	11.2	13.7	15	18.4	23	25	25.6	23.5	19	17.1	11.9	21	129.9	20.7	17.3	3.1	6.7	0	4.1	36.2	35.8	7.9	20.1
33	10.9	12.5	12.5	14.8	16.7	22.4	26.2	26.9	23.7	21.1	15.3	13.8	15.8	14.3	56.1	50.9	57.5	0.5	0	4.3	7.5	97.8	63.5	40.1
34	9.8	10.6	12.7	17.4	17.2	23.4	26.1	28.6	24.5	19	13.8	11.8	16.7	33.7	26.6	52.4	3.5	3.4	0.2	40.7	2.4	11.9	17.3	31.8
35	9.2	11.1	12.2	16	16.9	22.7	25.4	27.7	23.6	21	15.1	12.7	9.1	9.8	120.2	14.4	55.3	0.4	17.4	33.1	47.1	31.7	12.1	55.2
36	12.4	11.8	13.1	14.9	16	21.6	27.4	27.5	25.2	17.8	15.3	13.6	120.7	2.3	16.3	32.7	54.6	8.9	0.3	0.4	0.8	56.8	20.5	94.3
37	9.2	10.2	12.1	15.1	19	22.6	26.7	26	25.3	20.7	14.8	11.7	60.8	22.3	11.5	67.9	23	7.5	0.5	10.2	47.3	46.5	135.5	76.4
38	13.5	11.3	11.6	15.1	19.7	23.5	26.3	26.8	24	20.5	14.2	14.7	49.2	40.8	43	17	23.1	3.8	6.6	1.6	28.3	44.8	70.3	29.1
39	11.7	13.7	13.3	15.1	20.2	23.3	27	26.8	24.1	19.4	15	13.1	99.5	128	63.7	12.6	20.9	5.7	0	4.4	37.4	11.6	33	1.7
40	11.6	8.5	13.4	14.7	20.5	21.5	26.5	25.4	24	19.8	15.7	11.2	80.5	117.7	25.1	10	6.1	22.1	0.2	3.1	125.9	63.5	72.2	55.6
41	10.9	11.4	11.7	15.3	21.8	25.3	25.6	25.1	22.5	20.3	14.6	11.7	18.6	16.1	38.8	24.2	8.9	2.7	0	0.1	91.7	32.6	9.2	43.4
42	10.5	9.6	12.1	15.2	21.1	24	24.1	26.5	25	18.7	15.3	12	26	92.7	48.3	48.8	60.3	10	0.1	0	30.6	34.3	102.8	22.2
43	10.2	11.8	14	15.5	18.1	25.2	25.8	26.3	24.6	18	17	12.7	53	74.3	31.6	15.6	5.4	2.4	3.9	2.5	68.5	97.6	43	67.1
44	12.4	12.6	11.9	17.1	17.9	22.5	25.3	26.3	25.5	19.3	13.6	10.8	71.1	14.3	154.3	38.7	7.8	11	0.1	1.4	10.1	33.6	46.8	37.2
45	11.4	11.4	11.6	15.9	19.1	24.7	26.5	28.6	25.6	18.9	16.3	14.1	15.8	15.8	79.7	8.3	42.7	5.4	4.4	1.6	15.4	44	18.7	15.5
46	11.3	13.7	12.5	13.9	18.2	23.3	25.2	28.8	22.7	19.6	14.8	11.3	183.6	37.6	10.5	22.7	35.2	3.1	0.1	0	25.8	66.8	19.2	63.4
47	10	12.5	14.2	14	18.8	21.8	28.2	27.1	24.8	22.6	14.6	12.6	62.2	11.8	52	34.7	9.3	12.1	2	1.6	88.3	39.1	60.6	12.9
48	11.3	12.9	13.2	15.3	18.9	23.7	25.4	28.6	22.8	21.1	15.8	10.8	138.3	12	27.9	12.1	17	8.2	1.8	1.9	0	92.4	13.6	51.3
49	12.4	10.7	14.6	14.9	21.5	24.8	25.8	27.5	23.6	20.3	15.5	12.3	34.7	30.4	5	69.2	11	0.2	5.2	5.2	26.9	132	51.5	87.9
50	10.3	11.6	11.5	15.1	20	23.7	28.4	29	23.3	20.5	15.3	13.6	43	10.8	116.7	53.3	2.2	8	6.6	2.4	13.4	30.3	19.8	56
51	12.5	11.6	12.4	16.6	18.5	23.2	26.4	27.5	23.8	19.1	15.2	13.4	16.5	78.3	15.3	4	35.8	8.1	3.7	0.4	7.7	18.3	10.7	16.7
52	12.3	12.2	14.1	14.4	18.6	24.1	26.1	28.3	23.5	21.6	15.2	10.9	51.3	23.5	28.8	5.7	9.9	5	6.9	0	3.2	98.1	56.1	114.2
53	13.5	10.2	13.1	15.5	17.1	24	27.4	27.4	24.5	21.3	16.1	12.6	32.5	28.8	144	13.6	30.8	0.6	5.7	46.2	1.3	55.7	73.3	50.1
54	11.6	14.5	14	15.7	20.4	26.6	28	26.1	24.5	20.7	17	11.7	27	17.3	38.2	19.1	9.6	0.2	4	1.6	55.9	289.1	11	26.1
55	14	11.1	12.3	16.4	18.4	22.6	28.4	26.5	23.9	20.6	16.7	13.5	36.6	37.7	95.9	17	70.7	6.5	4.4	37.6	18.8	53	119.1	22.2
56	11.3	12.8	14.2	15.8	18	24.8	28.6	26.7	23.6	20.8	16.1	11.1	50.9	38.4	35.7	45.3	24.3	3.8	1.9	16.8	61.4	10.1	42	50.2
57	13.1	10.6	14.5	15.1	22.5	24.3	23.7	27.6	24	22.2	13.7	12.4	40.1	8.7	6.1	25.6	0	2.3	0	3.4	58.3	58.9	10.2	32.5
58	11.5	12.2	13.4	14.6	20.6	24	29	27	22.7	18.8	16.5	12.4	48.2	175	49.1	31.5	10.4	2.7	0.2	0	10.7	29.3	41.4	81.3
59	11.7	12.2	15.2	15.3	21.8	23.4	27.8	30.2	24.7	20.3	16.1	13.2	98.7	75.9	34.5	10.2	27.9	1.2	0	0	21.1	88.4	94	53.5
60	10.2	13.9	12.4	15	19.2	23.7	27.1	28.1	25.6	22.4	14.9	14.9	125.7	100.9	98.1	44.1	36.9	13.9	0.1	2.1	7.5	21.8	41.7	33.2
61	12.2	11.3	13.7	15.6	20.1	24.5	28.7	28.5	25.2	19.3	16.6	12.7	53.8	14.8	66.9	19.1	12	5.6	0.8	0.1	11	28.3	137.9	41.7
62	12	12.5	14.1	14.9	19.3	24	26	26.6	24.3	20.7	16.1	14.5	17.4	30.1	33.2	13.8	8.7	59.7	2.7	4.1	73	59	34	52.4
63	10.6	13.6	14.7	15.2	19.5	26	26.1	30.4	24.2	23.8	16.3	12.2	18.6	21.5	17	13.9	5.2	3.3	0.7	0.5	6.4	80.7	62.3	18.6
64	10.9	11.8	12.5	16.3	20.6	23.5	29.2	27.4	25.8	21.6	15.7	15.1	50.4	22.6	32	21.8	35.1	4.1	9.1	0.9	13.6	67.9	21.5	51.5
65	12.5	12.1	12.8	15.6	18.9	20.4	28.6	26.6	25	19.9	17.5	13.5	50.9	9.2	81	27.4	45.9	8	24	0	79.6	37.6	74	47.2
66	11.1	13.1	15.4	15.1	18.5	24.7	25.4	27.9	25.9	20.4	15.7	14.5	38.9	40.8	39.8	123.9	10.2	14.2	0	2.1	98.7	91	67.6	44
67	13.6	11.4	13.8	15.8	18	22.5	29.4	28.6	25.4	21	16	13.4	22.4	63.8	33.7	23.4	20.9	20.8	0.5	2.5	11.2	103.7	78.1	23
68	13	10.1	14.5	16.6	20.2	23.2	24.2	29.2	23.4	21.2	16.5	14.1	70.8	158.2	97.8	3.6	25.2	15.4	0.3	0.2	75.4	6.3	96.8	16.4
69	11.2	12.1	14.3	18.4	20.5	25.2	27.1	27.4	23.2	22.5	17.1	14.1	44.3	47.4	22.2	14.2	12.7	1.6	0.4	4	29.7	56.2	58.2	92.2
70	11.6	12.2	13.9	15.8	21.3	25.8	28.6	30.8	23.9	20.5	15.7	14.7	48.6	12.5	60.3	3.8	1.7	0.1	0.1	16.3	2.6	151.1	56.5	104.1
71	12.2	12.4	14.7	14.8	20.6	24.8	27.2	30.4	25.6	22.2	17.4	14.4	3.9	45.7	15	7.8	15.8	1.5	1.5	0.6	16	30.9	22.3	43.7
72	13.5	11.4	15.8	16.5	18	23.9	26.1	26.4	25.6	22.4	16.6	15.7	29.8	18.8	3.5	3.2	18.1	1	1.8	31.9	15.1	28.7	42.3	64.3
73	12.9	13.5	14.4	12.1	18.7	25.4	27	26.6	24.9	20.1	15.5	12	44.7	5.6	41.5	46.1	35.4	6.7	0.9	23.6	41	6.8	13.3	6.9
74	10.3	10.1	14.9	17.1	21.8	24.3	29	29	24	24.6	16.5	13.4	26.5	57.4	60.7	63.2	10.1	7.5	0.6	27.5	33.3	76.4	48.6	4.5
75	13.1	14.2	14.5	15.4	18.3	23.1	27.4	31.8	24	22.1	15.3	14.8	53.1	6.2	13.3	40.8	7.8	5.9	0.3	0	50.5	36.9	67.1	24
76	14.5	14.3	11.6	17.9	19.7	24.5	32.8	30.8	26.6	20.6	16.7	14.3	57.5	63.1	38.8	12	66.3	10	8.4	0	3.5	26.4	65.7	35
77	12.2	13.5	14.3	16.6	20.2	25.3	25.9	26.4	26.6	22.5	17.4	14.6	49.1	50.7	30.6	28.3	9.3	1	0	12.5	2	13.8	63.9	73.5
78	13.1	11.5	14.6	17.4	22.2	25.3	27.7	29.1	26.8	22.1	16.1	14	61.9	71.8	79.4	21.2	19.6	47.3	12.2	10.7	47.7	100.6	88.3	44.4
79	12	14.6	15.5	17.5	20.2	26.6	27.9	31.4	26.9	21.2	16.7	14.8	7.9	14.5	22.1	21.8	22.3	9.1	6.4	0.1	1.3	32.7	111.6	5.3
80	14.2	13.7	15.1	15.8	18.3	24.6	29	28.4	25.5	22.3	16	14.2	57.8	30.9	30.3	19.6	23.6	0.5	1.2	0.2	18.8	4.6	28.4	40.9
81	12.1	12	14.9	17.6	21.9	23.2	28.6	28	27.6	19.4	15.7	15.1	62	42.1	33	5.6	10.5	1.7	0.1	0	2.1	52.1	21.6	38.8
82	11.7	11.7	14.2	16.7	18.8	23.1	26.7	28.5	23.8	22.2	16.3	14.1	93.7	89.4	23.7	7.3	9.5	0.3	1.3	2.1	58.5	165.9	6.5	49
83	11.9	13.2	12.4	16.7	21.3	21.4	31.5	26.8	26.1	20.7	16.5	12	42.7	29.5	30.6	20.1	11.7	4.8	3.5	1.6	10.2	61.9	147	48.3
84	12.6	14.4	15.3	17.4	18.9	24.8	30.2	27.6	27	22.4	14.9	13.2	59.9	45.6	54.5	18	86.2	22.2	0	20	10.4	28.7	40.4	75.9
85	11.1	13	14	16.7	22.8	23.7	27.1	30.6	28	23.9	16.8	14.9	140.3	64.4	111.6	37.6	54.7	2.6	13.9	1.1	11.9	50.2	50.2	22.6
86	12.8	12.3	13.4	17.1	16.9	26.8	28	26	27.7	21.3	17.2	13.1	9.1	58.6	20.9	29.1	30.7	8.7	16.9	0.7	6.3	9.3	29.4	41.1
87	12.5	12.3	14.7	16.3	20.9	24.6	28.8	31.3	26	24.4	17.8	13.5	101.3	108.3	42.9	48.3	1	3.5	6	9.2	21.8	101.9	72.6	55.6
88	12	17	14.6	14.9	21.3	24.3	28.9	27.8	26.9	21.7	18	14.8	27.6	9.8	27.3	33.1	7.1	3.8	8.2	57.9	29.2	106.4	30.7	36.4
89	11.5	13.2	14.4	15.7	20	26	28.3	30.9	28.9	23.5	16	14.3	31	38.2	48.7	25.5	44.3	10.3	20.2	0.3	15.4	66.1	79.2	43.6
90	14.9	9	14.2	15.7	19.7	25.1	28	31.2	25.1	22.5	15.8	14.1	122.4	99.1	3.6	20.7	18.7	3	3	0	7.1	111.6	46.9	17.5
91	12.7	13.7	14.8	16.6	20.2	26.9	27.6	30.2	26.4	20.7	16.7	15.8	49.3	36.3	12.3	8.4	25.8	8.2	0.1	2.1	38.9	25.3	21.3	141.6
92	12.2	15.6	14.7	15.6	20.3	27.4	30.5	27.4	25.9	22.4	16.6	14.7	43	15.8	58.4	16.6	12.8	1.5	8.9	3.4	21.2	19.2	106.3	86.4
93	14.1	13.9	14.9	16.8	20.1	24.3	30.7	30.1	26.8	20.9	17.2	16	58.4	32.6	54.8	16.3	60.7	4.3	1.1	4.5	23.1	28.6	23.8	22
94	12.4	13.3	15.8	17.2	16.7	23.4	29.3	30.8	23.9	24.1	17.9	12.2	10.9	64.5	70.8	88.7	100.1	1.1	1.2	0.6	12.7	65.3	31.5	15.2
95	13	12.3	16.8	17.5	22.9	25.1	29.4	30.2	27.2	20.7	18.6	13.9	12.8	49.7	16.2	5.1	18	6.6	6.4	0.6	30.1	11	53	41.2
96	11.9	11.3	14.6	19.6	22.8	25.8	29.9	27.2	27.3	22.2	15.8	16.1	46.5	47.9	94	26.6	6.6	41.4	8.1	24.1	30.3	6.5	50.2	97.6
97	14.8	13.9	14.3	17.3	21.1	24.8	29.7	27.9	26.3	20.5	17	14.5	60	7.9	54.3	72.3	32.7	15.4	2.7	4.7	10.3	260.4	132.1	65.4
98	12.5	13.1	15.3	15.4	21	26.4	29.3	27.9	24.3	21.8	17.3	13.7	79.2	53.5	28.9	53.8	18.8	0.1	0	0.1	29.5	65.6	26	15.4
99	14.9	13.1	15.6	16.2	20.6	23.5	28.7	29	26.9	22.5	17.1	15.3	23.9	100.2	40.5	63.3	63	25.1	2.1	3.2	13.2	24.3	9.4	59.9
100	14	13.6	13.7	16.6	20.9	24.4	29.2	29.7	26.7	23	17.2	14	58.3	6.9	53.5	20.9	0.1	1.4	4.5	0.1	0.4	26.8	77.1	10.2
101	11.2	14.5	13.5	16.8	21.7	26.6	30.2	30.7	26.7	20.7	17.3	15.1	25.9	12.9	72.9	95.7	15.7	2.9	6.6	6.7	11.9	73.5	54.3	17.2
102	10.9	12.4	15.8	19.1	22.9	25.1	29.1	29.2	27.2	22.7	17.3	13.6	62.2	40.4	31.6	36.8	6.6	27.6	0.6	25.6	6.8	37.3	49.2	44.2
103	11.3	15.9	14.9	17.5	21.3	23.9	27.8	31	27.4	22.7	15	14	6.9	2.8	1.1	65.6	10.5	17.6	2.4	3.9	2.3	44.1	43.4	42.1
104	14.3	11.7	13.5	16.6	21.4	24.1	29.4	29.2	26.5	26.4	15.6	13	60.1	64.2	27.7	2.6	8.2	18.9	0.2	0	17.2	75.4	35.3	122.7
105	11.5	13.2	13.1	16.4	18.5	25.1	28.6	30.6	27.1	24	18.9	16.9	50.3	68.3	27.7	8.2	52	11.7	9.5	1.2	2.8	68.5	65	51.6
106	14.1	11.8	16.1	17.7	20	27.1	30.5	29.1	27	23	17.5	14.3	56.5	79	41.4	23.2	36.4	36.6	16.4	5.2	16.7	79.7	6.6	16.8
107	13.5	17.7	14.1	15	22.2	28	30	28.2	26.6	23.3	17.7	14	22.5	23.2	48.2	17.8	23.4	0.1	0.3	20.6	7.3	29.7	93.4	36.5
108	12.2	14.3	13.8	16.9	19.3	26.3	29.8	28.4	27.2	22.5	17	15.6	32.9	87.6	16.6	91.5	36.1	9.6	1.6	1.7	32.5	50.5	62.3	13.8
109	12.6	11.5	14.1	16.1	21.7	25.7	27.1	27.7	24.9	22.2	17.5	14.6	44.7	45.7	45.4	38.7	11.8	2	0	2.8	10.4	51.5	46.9	31.1
110	11.7	12.3	13.8	17.3	20.7	25.5	31.1	29.5	26.6	23.6	17.7	15.6	10.5	184.3	5.3	21.1	18.5	1.9	0	2.6	47.9	4.5	48.4	38.2
111	14	13.8	16	16.1	21.3	27.5	30.3	31.6	26.1	21.5	17.9	14.7	42.9	33	25.1	6.6	28	4.6	0.4	0.2	30.1	25.4	7.8	32.3
112	13.5	13	14.6	15.8	20.3	28.6	29.2	29.9	25.8	21.4	15.2	13.9	69.4	90.9	23.4	62	39.7	18.8	0.6	6.4	27.3	38.5	12.9	48.3
113	13.9	14.4	14.4	16.5	19.8	26.9	26.7	30.2	24.4	23.2	16.7	15.3	156.2	14.1	10.4	4.6	1.3	9.3	0.9	16.7	39.1	128.7	13.4	59.9
114	13.1	14.8	15.2	17.3	19.5	28.7	26	31.8	26.8	21.7	17.8	13.6	14.5	28.5	20.6	9.7	25.7	2.9	2.6	0	46.2	14.2	58.2	65.9
115	12.5	14.5	11.7	17.5	19.3	26.8	26.7	31.3	28.2	23	16.9	13.5	35	20.5	4.1	25	20.8	0.2	0	0.4	8.9	18.9	35	4.6
116	12	12.8	13.1	16.4	22.2	25.5	28.7	30.9	26.8	21.4	16.6	16.5	40.7	32.4	78.5	21	12.1	18	4.5	0	33.8	45.4	45.5	41.8
117	11.9	13.6	12.9	16.9	20.5	25.6	30.5	30.8	25.9	21.9	17.4	14.8	52.9	15.6	78.3	31.9	24.8	8.5	1.9	0	1.8	183.1	16.3	22.9
118	11.4	13.1	14.3	15.6	21.6	24	28.1	30.1	27.8	22.6	16.2	14.3	28	27.2	19.8	11.8	11	2.4	2.4	1.3	32.6	72.7	47.9	91.7
119	13.2	11.5	15	16.9	20.9	25.8	27.9	30.9	27.8	25.1	18.1	14.5	54	38.4	31.9	22.8	8.8	1.1	0.1	7	13.5	92.8	62.6	50.9
120	13.2	12.6	14.2	15	22.4	26.5	28.8	28.1	26.5	19.4	17.4	14.5	39.8	9.7	9.4	25.6	7.1	1	0	2.3	35.6	48	10.8	43.3
121	14.2	11	13.8	16.9	22.3	24.5	27.1	29.5	26.6	20.4	15.7	15.9	40.5	94.1	14.9	101.8	12.3	4.2	0	14	23.2	60.2	114.2	63.7
122	12.2	13	14.6	16.5	19.8	27.8	26.7	30.9	27.1	23	18.1	14.2	23.3	83.7	36	12.4	47.7	2.3	0	0.2	3.7	53.5	2	13.6
123	13	12.8	15.8	17.2	22.9	24.7	29.7	30.2	26.1	20.9	17.4	14.8	5.5	18.6	51.5	18.4	0.1	9.5	16.2	16.9	0	28.7	16.9	23.6
124	11.8	15.4	14.2	17.1	21.4	24	27.3	28.8	27.3	20.7	16.1	14.1	9.3	2.9	27.2	49.3	4.5	2.1	2.9	0.7	59.5	12.8	118.9	59.1
125	12.6	12.8	15.7	16.3	22.8	27.6	28.4	30.1	26.1	24	17.2	14.9	66.5	15.2	60.1	18.9	0.5	5.6	0	0	48.3	52.5	13.3	4.9
126	11	13.7	15.2	17.7	22.2	25.9	29.8	28.8	27	21.9	18.6	13.9	4.1	67.8	4.2	6	12.8	19.6	0.3	0.1	65.6	50	111.6	64
127	11.2	12.7	13.5	17	21.2	23.7	27.9	29.7	27.2	21.3	18.8	14.9	52.1	15.4	57.9	54.2	46.4	1.8	2.4	0	5.8	64	118.1	56.8
128	13.5	11.7	14	16.5	18.9	26	28.9	28.5	26.1	23.5	18	14.4	25.7	83	86.4	103	19.7	0.2	0.7	20.3	36.8	25.7	129.4	9.7
129	14.1	15.2	15.1	18.4	19.2	25.7	29.9	31	25.9	23.5	16.2	14.7	37.2	44.9	42.9	24.9	2.2	33.7	4.5	2.4	32.6	12	12.5	140
130	12.1	14.1	14.5	17.9	20.6	27.6	27.3	29.9	27.2	22.7	18.7	13	35.2	16.8	29.4	35.9	7.1	0.4	0	0.5	10.9	33.1	66.5	38.1
131	11.8	13.5	14.4	17.6	22.4	26.1	27.9	30.6	26.7	22.3	19	14	32.8	25.8	55.4	17.7	6.4	10.2	0.1	0	27.1	2.2	63.2	11.3
132	13.4	12.6	16.9	14.5	22.9	24.5	26.3	31.9	26.5	23.3	17.7	14.6	133.9	48	23.5	22.8	11.4	42.5	5	1	22.9	104.8	46.7	46.4
133	13.1	12.3	14.4	15.2	22.4	25.2	28	30.6	25.8	22.9	16.3	14.8	82.7	133.3	14	21.3	4	24.1	0.2	0.3	28.2	43.5	20.9	13.5
134	13.5	14.1	14.5	17.6	21.9	26.2	29.2	30	26.3	22.3	17.6	15.7	63	65.7	40.3	53.7	39.5	1.4	2.5	2.2	9.7	29.1	17.4	28.2
135	12.5	14.3	16.1	16.3	21.6	25.5	27.5	27.9	25.9	23.5	16.7	16.5	31.5	22.6	5.7	12.4	18.3	0.5	0.8	0	10.3	24.9	56.2	141.1
136	12.5	13.8	15.6	16.5	20.8	24.7	28.9	28.8	25.8	23.1	15.7	13.5	42.9	16.8	3.2	50.4	6.5	11.4	4.9	32	3.7	13.6	36.1	14.4
137	13.3	13.7	13	16.7	18.7	25.6	29.2	30.8	27.4	23.3	18.2	13.1	11.4	19	77.3	54	66.8	0.1	0	14.3	10.7	163.9	5.5	57.1
138	12.9	12.7	12.6	16.8	22.6	26.7	26.3	29	26.7	22.1	16.6	11.9	14.7	57.5	30.2	6.6	25.3	3.1	0	13	20.2	6.6	93.1	27.2
139	10.8	11	16	16.3	21	27.9	27.8	32.4	26.7	21.3	16.2	12.6	16.9	52	6.8	68	44.5	0.8	3.4	0.2	35.7	146.5	38.9	34.2
140	10.9	13.7	15.2	17.3	20	25.5	29.6	28.3	27.1	20.9	17.8	14.7	23	16.2	71.2	13.7	82	8.8	7.3	1.2	33.8	52.5	13	57.8
141	10	13.4	14.3	15.9	21.4	23.9	29.5	29.8	25.6	21.5	18	15.9	11.6	44.5	15.6	18.3	15.6	4.6	1.4	0	37.8	68.1	164.9	13.2
142	13.8	11.9	12.7	17.6	19.6	25.9	28.9	32	25.7	21	17.8	13.7	12.4	22.6	28.9	33.1	14.6	8	1	0.6	56.3	14.5	59.1	42.4
143	12.2	14.9	14.5	17.4	17.8	23.8	31.4	28.8	26.3	23.4	16.2	15.9	77	2.3	25.5	67.8	34.3	8.1	3.9	3.5	12	19.2	38.8	142.2
144	12	16.5	15.5	16.6	19.5	24.6	31.7	28.2	27	23.8	18.1	12.5	9.2	35.5	15.7	27.6	19.5	0.8	5.5	1.3	31.7	74.6	124.1	54.5
145	14.2	12.1	15.9	17.5	20.9	23.7	28.8	29.9	29.2	19.9	17.1	16.2	45.7	17.3	172.4	33.5	23	1	1.5	1.7	0.7	39.8	93.4	27.2
146	14.8	14.1	13.7	15.1	21.7	26.6	29.3	31.3	26.8	21.2	17.2	14.6	18.4	14.4	45.7	39.7	26.5	0	8.7	0	16.7	79.4	55.4	34.9
147	11.6	14.9	15.6	17.1	21	25.2	32.4	31.7	26.4	20.9	17.2	14.8	10.9	71.3	12.2	66	22.6	8.7	10.5	3.6	28.2	48.6	61.9	39.2
148	12.7	13.7	12.8	16.9	20.5	24.4	31	29.7	26.5	23	16.1	14.1	3.6	22.7	40.2	21.4	28.8	7	0	14.2	9.4	82.4	10.9	49.8
149	13.2	11.6	14.4	17.4	19.8	26.7	29.1	27.8	27.2	21.3	18.3	15.7	7.8	63.7	17.9	16.3	15	1.6	0.7	5.2	3.9	25.2	58.1	60.9
150	10.9	12.7	13.5	15.7	20.8	26.4	28.2	31.8	24.9	21	17.1	15.2	82.9	16.8	5.7	6.5	10.5	43.8	0.8	0.5	6.3	50.4	38.1	109.3
151	12.3	14.4	13.3	16.3	22.5	22.8	26.1	29.7	27.3	22.3	17.7	16	18.6	22.3	70.3	61	11.1	2.8	1.8	1.8	62.5	76.7	70	109.1
152	13.1	11.7	14.5	18.4	18.8	23.1	28.9	29.7	26.3	22.6	17.7	13.4	13.2	8.6	250.2	5.6	40.1	11.3	0	0	48	9.8	26.8	25
153	13.5	13.1	13.6	15.8	22.3	25.3	28.5	28.2	27.2	20.4	19	14.2	28.4	33.3	94.5	90.2	0.5	10	0	9.9	11.4	85.8	58	48.5
154	13	12.3	15	17.9	20.9	27.8	30.8	32.6	26.4	23	16.9	15.2	24.3	158.3	25.8	44.2	7.7	0.2	2.3	0.1	0	7.8	48.1	44.7
155	12.7	12.5	15.9	17.5	21.4	25	29.1	27.9	25.3	22.5	17.3	12.9	12.6	59.7	30.6	25.2	11	1.5	6.9	22.7	30.4	24.8	106	121.5
156	13.7	13.3	15.9	17.9	22.8	25.5	28	28.6	24.7	23.3	16.9	13.2	108.5	33.4	46.1	19.1	9.2	7.7	2	1.3	29.2	28.1	34.8	72.9
157	14.7	12.5	16.3	16.3	20.5	27	29.2	29.2	28.6	23.5	17.5	12.5	49.3	89.7	19.7	127.7	7.6	0.4	3.4	2.2	3.7	17.6	99.7	90.1
158	12.2	11.2	15.2	17.1	21.6	25.5	30.5	29.9	26	21.3	16.4	14.7	10.7	26.9	20.6	4.2	48.7	3.9	1.1	9.9	33.7	2.3	9.1	3.6
159	14.6	13.9	13.1	17.1	21.1	26.5	27.6	30.3	25.2	21.2	16.2	13.3	133.2	17.9	24.9	17.4	7.9	20.3	2.4	0.2	56	89.8	15.8	9.7
160	11.8	14.7	15.1	17.1	20.4	25.9	27.4	29.1	25.4	23.2	18	14.8	44.3	14.8	17.3	30.4	26.7	2.3	0.9	15.3	34.6	136.4	26.8	39.1
161	11.7	12.5	14.1	18.6	21.6	25.4	26.9	29.4	24.8	20.7	18.7	13.6	29.5	159.2	28.2	42.5	13.5	10.2	0.2	2.5	3.4	55.9	47.4	32.3
162	13.2	12.3	14.9	17.4	19.5	25.4	30.3	28.5	24.8	21.8	17.1	12.6	31.8	86.7	49.1	16.7	8.9	3.5	0	0	33.2	23.6	22.8	55
163	14.1	15.1	13.7	16.4	19.5	25.6	31	29.6	25.3	23.3	17.6	12	12.5	51.8	30.8	12.8	16.5	0.9	0	10.6	8.3	35.8	118.6	58.4
164	12.6	12	12.5	16.8	19.6	23.5	31.9	29.3	26.9	19.7	16.7	15.4	23.6	75.6	76.9	29.7	13.3	7	0.9	9	28.9	84	20.5	12.2
165	11.4	14.4	14.3	16.9	20.6	26.6	28.5	29.5	24.6	22.4	18.2	14.1	35	3.5	57.9	25.7	14.7	5.1	1.2	6.6	70.8	16.2	98.2	56.8
166	11.1	13.3	13.9	16.5	20.3	25.8	28.3	30.7	27.4	20.8	19.7	13.1	7.4	25.8	77.9	13.4	98.2	10.3	6.1	6.1	49.8	42	46.9	64.8
167	12.3	15.4	13.8	17	22.5	26.2	28.7	28.8	25.9	21.4	16.5	13.1	33.7	50.3	44.1	20.9	11.9	2.4	3.4	23.3	1.4	4.2	21.3	71.1
168	11.1	13.1	12.8	17.9	20.2	25.1	31.2	30.7	23.9	23	18.1	13.8	10.4	8.9	65.7	29.2	47.3	12.9	10.1	0.3	60.2	69.2	44.1	4.8
169	12.6	11.5	13.1	15.4	19.7	27	28	29.8	28.3	21.8	17.3	12	52.7	106.6	23.3	12.7	29.1	7.4	2.4	0.8	6.5	62.5	71.1	152.3
170	12.4	13.3	15.9	15.7	22.4	25.5	27.2	29.6	26.5	20.8	17.7	16.1	46.3	16.3	21.9	24.4	3.1	4.7	9.8	0.1	17.5	22.8	108.7	40.3
171	12.5	12.9	14.8	15.7	21.6	26.2	26.3	31.9	26.5	20.9	17	15.3	108.3	32	131.7	10	46.2	7.1	1.5	0	108.6	46.1	7.8	19.4
172	13	14.2	14.8	16	20.3	27.4	28.8	29	27	22.8	17.9	15.2	65.2	95.6	22.6	38.3	25.6	1.7	0.9	3.1	10	5.4	28.4	139.7
173	13.8	12.6	14.1	16.7	21.7	27.8	29.1	29.1	27.1	20.6	17	12.2	29.2	118.3	2.8	15.8	1.5	9.1	0.3	0	16.3	51.1	113.4	61
174	12.3	13	16.1	17.5	21.5	25.3	28	31	25.8	21.9	17.9	13	128.5	4.2	2.4	44.3	33.6	25.3	0	8.7	8.2	81.9	70.4	25.7
175	13.3	13.4	15.5	16.6	19.1	27.1	27.2	26.3	27.1	21	16.3	13.6	20.4	4	37.9	3.7	12.9	24.5	0	0.7	6.9	33.7	78.7	83
176	14.7	13.8	14.2	16.5	20.7	24	32	27.7	28.5	22.7	15.4	15.9	28	31.1	2.8	151.5	8.9	1	4.9	9.1	3.1	25.1	58.3	35.2
177	12.8	11.6	14.1	17.1	20.6	25.7	27.4	28.9	28.2	22.6	17.6	14.4	25.5	56.9	121.3	6.6	37.3	7.8	0.1	3.4	0.1	22.8	55.4	35.7
178	14.1	15.4	14.8	17.4	21.6	26.7	29.9	29.4	26.9	22.4	16.1	14.4	21.6	11.4	6.8	73.4	18.9	4.8	1.9	4.6	28.5	49.9	85.5	13.9
179	12.4	11.4	14.6	18.7	21.4	26.9	30.6	30.9	26.3	21.8	18.2	13.3	8.5	25.6	25.1	12.3	14	0.2	0	1.1	7.3	23	64.5	140
180	12.2	13.5	14.5	17.6	20.4	25.3	25.7	29.5	24.5	22.5	17.2	14.1	44.8	56.5	37.2	70.6	15.6	8.9	0.3	29.1	60.8	59.6	51.9	56.5
181	12.8	10.1	15.4	19	20.6	25.9	27.4	32.1	25.5	21	17.5	15	69.1	84.6	28.4	9.1	17.1	2.8	0.8	0.1	6.4	24.5	23.3	54.7
182	11.3	12	13.6	17.3	18.5	26.7	25.7	31.3	25.3	20.9	19.6	13.8	16.3	42.2	32.2	85.2	48.2	0.7	16.2	7.4	76.6	25	22	22.1
183	12.9	11.5	14	18.2	19.1	26.7	30.1	28.6	26.8	21.7	17.7	15.2	41.3	57.9	61.8	6.1	34.6	1.6	6.6	0.7	6.1	62.3	2.3	75.1
184	13.4	14	16	17.5	20.1	23.4	27.9	28.5	26.6	22.4	17.3	14.5	43	36.5	10.4	28.4	33.9	41	0	1.9	30.2	38.5	66.9	18.5
185	13.5	13.7	14.1	17.2	21.4	26.3	31.1	28.5	26.2	22.3	17.4	14.8	19.4	36.4	67.9	99.9	26.2	10.8	5.4	0.8	13.4	82.6	65.1	143.7
186	12.3	16.7	11.9	16.7	19.9	26.3	30.9	29.8	24.6	23.5	18.5	14.3	57.1	9	211.9	14	10.8	0.5	2.6	0.8	54.6	11.5	19.8	30.2
187	13.3	13.6	14	17	21.9	24.4	27.2	28.3	27.3	22.2	17.7	13.9	25.9	47.7	51.3	9.1	10.3	1.6	1	0.8	20.5	48.3	65.4	46
188	14.6	13.4	15	15.9	21.8	24.7	28.5	32.5	27.5	24.6	18.5	14.9	63.3	74.3	29.8	29.6	20.6	4.6	1.1	2.3	17.7	81.7	39.3	20.7
189	11.2	14.6	14.7	17.1	21.9	26.8	26.9	31.1	27.2	23.2	17.5	14.9	54.7	76.8	171.9	38.7	15.8	8.1	0.9	0.5	70.5	61.3	60.4	44.2
190	12.7	12.4	16.6	16.6	19.2	28.1	28.8	30.5	27.2	23.7	17	14	67	77.4	1.9	76.6	23.7	0	0.1	3.5	32.2	14.9	114.2	13.5
191	12.2	11.3	15.6	16	20.5	23.3	30.8	29.8	27.3	22.8	17.1	15.3	171.1	54.4	82.7	30.5	19.5	23.3	0.1	0.2	70.3	6.9	76.7	38.4
192	14.6	13.7	15.2	16.3	20.6	25.8	28.5	29.2	25.5	22	17.6	14.4	51.8	27.1	5.6	35.4	9	5.4	0.9	0.2	15.4	24.8	32.4	158.2
193	12.3	11.7	14.1	17.7	19.7	24.7	30.9	26.9	26.1	21.8	16.5	15.5	20.6	72.9	85.7	40.9	25.4	25	5.2	18.9	4.8	61.5	68.4	44.1
194	12.4	12.6	13.9	17.9	22	25.9	28.7	29.5	26.1	20.6	17.5	13.9	40.1	73.8	76.8	32.9	6	0	0	19.5	20.7	23.8	97	50.7
195	12.2	15.1	13.5	17.4	21.1	25.9	30.1	29.5	28.4	21.9	18.3	13.3	33.5	48.5	24.8	30.1	5.2	0.2	5.6	55.8	79.1	35.4	39.7	31.5
196	12.3	14.1	16.3	16.9	22.9	25.1	31	28	25.6	20.7	15.9	13	64.5	23.2	2.4	14.7	15.7	8	1.2	0.6	12.8	76.6	19.7	116.2
197	12.6	14.4	15.7	17.2	20.6	24.7	29.7	29.9	24.6	21.4	18.4	15.9	54.3	50.6	37.3	36.4	47	3.8	0.1	0.4	150.4	67.6	47	24.5
198	11.2	13.9	15.4	18.1	20.1	26.4	28.5	29.5	27.6	19	15.6	14.7	39.8	22.9	7.3	28.2	13.1	0.3	0.1	8.1	9	87.2	42.4	112.5
199	13.9	14	15.6	16.6	20.2	25.9	28.4	31	24.8	22.9	15.2	15.9	50.1	32.9	9.2	4.9	66	4.4	17.7	1.7	11.3	30.4	128.4	67.6
200	11.3	12.5	14.7	17.1	21	24.4	27.1	29.5	26.2	23.3	16.9	14.5	24.8	62.2	30.4	2	21.8	5.2	1.6	1.1	1.8	15.3	32.7	77
201	12.9	12.2	14.3	17.2	20.9	26.1	29.4	31.1	25.4	23.4	16.3	13.8	69.5	25.1	11.1	57	3.1	11.1	0.1	0	46.8	2.2	62	19.5
202	13	10.7	14.9	17.1	22.5	24.6	29.5	28.9	25.7	21.5	15.4	15.3	40.6	76.2	107.7	13.1	4.6	13.3	0.1	0.5	12.6	31	61.2	18.7
203	12.3	12.6	14.1	15.9	21.6	24.9	26.7	31	26.1	23.1	16.8	15.3	80.9	113.3	25.4	16.5	22.4	1.5	0	4	33.4	10.8	52.2	35.5
204	12.9	15.7	16.7	15.5	18.2	26.1	30.5	30.9	27.3	21	15.7	12.8	22.4	7.4	4.5	39.7	23.8	4.7	1.8	2.1	10.5	29.6	61	3.6
205	13.3	13.5	13.4	16.9	20.9	22.7	28.2	29.4	27.8	21.9	16.9	14.6	20.7	13.2	26.8	13.9	5.3	1.7	14	0.5	7.3	83.9	28	29.8
206	13.1	12.9	16.5	16.1	21	26	31.6	27.5	25.4	22.6	17.9	13.5	26.8	16	15.2	66	20.2	7.8	4.5	14.7	69.1	99.2	73	50.5
207	12.3	12.7	13.3	17.4	20.6	27.6	27.1	28.9	26.1	21.7	16.7	14.1	39.4	26.1	119.8	7.8	4.7	0.2	3.8	5.3	0.1	42.1	61.8	51.3
208	12.3	12.1	14.9	15.3	18.8	23.9	28.2	30.8	25.8	22	16.9	13.6	40.3	41.4	20.4	4.6	16	1.8	0	0	16.4	51.1	20.4	39.1
209	12.5	12.4	14	17.7	18.6	25.2	28.2	29	27.9	22.7	19.6	12.2	4.1	48.1	24.8	12.6	33.6	10.2	0	10.7	3.3	28.1	5.9	119.4
210	13.6	12	14.9	16.9	20.3	27.3	29.8	31.8	27.1	20	17.1	15	6.7	55	49.7	31.5	19.5	5.5	4.5	0.8	42.3	9.5	36.4	50.9
211	12.7	13.8	15.2	17.1	23.2	26	30.1	29.9	26.5	22.2	15.7	13.9	25.7	27.7	17.1	37.6	16.8	1.8	14.3	7.3	43.3	28.1	19.3	44.9
212	11.2	15.2	15.3	16.5	20.4	26	27.9	29.4	26.8	21.5	17.6	15.7	21.4	18.6	8.2	8.2	1.7	18.1	0.2	11.3	11	107.8	35.8	44.9
213	12	15.8	14.7	16.9	19.5	26	29.4	28.4	25.9	22	17.6	15.2	34	6.7	54.4	71.6	10	11.9	0.5	2.1	1.7	83.7	51.7	50.2
214	13	11.4	13.9	17.5	19.9	26.5	25.3	31.5	26.7	22.8	17.1	13.9	47.4	67.9	70.3	22.8	2.8	8.3	0	0.1	3.4	34.3	28.2	100.5
215	11.8	12.1	16.3	16.9	19	25.3	27.6	30.8	26.7	21.5	17.9	14.5	32.3	31.1	16	13	34	5.9	2.6	0.2	2.9	31.1	60.6	23.7
216	13.8	12.3	14	18.4	21.3	26.4	28.3	29.9	27.6	22.6	17.8	14.6	27.5	55.7	24	22.3	1.8	0.8	0.1	10	48	55.7	7	8.7
217	12.1	10.3	12.9	15.3	20.7	25.4	28.3	29.6	25.9	22.2	16.6	14.5	66.3	23.5	74.8	12.9	7.5	0.1	4.8	4.5	7.8	94	71.4	66.6
218	13.3	12.5	15.1	16.8	21.9	23.6	26	29.5	27.8	21.9	17.2	12.5	13.7	37.2	32.8	15.3	0.8	9.6	0	0.2	35.9	79	196.8	46.8
219	15	14.2	15.5	18.1	21.3	26.5	29.9	28.4	26.4	21	16	14.5	82.1	19.6	7.1	8.5	13.6	5.9	5	2.2	78.4	6.9	11.3	33.1
220	13.3	11.1	14.8	16.7	19.2	26.6	25.3	28.5	25.2	19.7	17.4	14.5	62.2	147.2	30.6	71.4	46.9	35.6	8.2	15.1	29.8	13.5	29.5	45.4
221	11	13.7	15.1	15.9	20.5	25.7	26.2	30.8	26.1	21.5	16.5	14.8	19.3	31.7	74.1	10.5	37.4	9.4	0	3.2	22.3	62.2	91.8	95.6
222	14.3	15.1	14.3	16.7	21	25.6	28.8	28.3	25.2	22.1	16.2	13.3	16.1	38	26.8	33.3	14.5	0.2	8.7	26.9	63.9	51.5	225.2	44.4
223	14.5	11.4	14.7	18.9	20.5	24.2	30.7	30.6	24.7	22.7	17.8	14	60.7	233.6	12.9	53.9	19.1	37.9	4.2	5.1	3	55.1	21.2	42.2
224	12.2	13.1	13.9	18.3	20.9	26.9	28.2	29.8	27.2	23.9	17.2	14.2	20.3	41.9	37.7	12.2	18.1	2.9	1	10.2	26.7	93.3	94.1	16.3
225	13.5	14.1	14.6	18.5	21.6	24.7	29.7	31.1	25.4	22.2	18.1	13.9	10.2	32.4	15.8	10	16.3	7.4	0	42.5	19.5	5.9	53	16.4
226	13.2	12.6	13.3	17.4	20.9	24.4	31.1	28.5	26.4	21.4	18.1	14.4	8.5	25.4	84.8	8.7	61.1	1.5	0.8	0.8	12.6	39.5	30.4	121.3
227	13.6	11	14	19.6	19.9	26.6	27.7	29.9	25.7	22	16.9	14.2	63.5	8.9	12.1	7.6	7.4	30.4	0.1	1.5	14.8	14.5	109.6	182
228	12	16	13.6	15.7	19.6	25.5	27.5	30.1	26.2	21.9	19	13	65.6	1.8	44.4	91.1	5.7	2	0.1	0	23.4	39	85.3	98.8
229	13.5	12.4	13.2	17.7	22.8	24.6	28.1	29.9	26.5	23.1	16.7	13.6	51	39.5	7.6	34.1	32.7	4.3	1	8.8	13	1.6	56.5	22.7
230	14.4	15.1	16.7	16	20.8	24.3	30.3	31	27.1	22.3	18.6	13.5	24.7	8.1	28.8	32.9	8.5	0.9	0.4	0.1	4.9	88.2	57.3	23.5
231	14.2	13.6	15	17.6	19.8	25.4	28	29.6	26.5	23	16.9	12.6	16.1	7.3	31.8	20.5	31.2	0.2	0.3	1.7	31.3	23	40.6	36.3
232	12.2	11.4	14.5	17.8	23	25.6	27.1	29.5	26.3	23	16	14.3	14.3	20.9	150	4.8	36.2	8.6	0.1	0	11.7	28.3	23.1	50.5
233	12.6	14	12.4	17.1	18.9	25.3	27.8	29	25.5	21.8	19.1	14	31.8	18.1	78.4	41.4	70	2.9	0.4	3.5	9.3	196.5	54.9	16.9
234	12.9	13.8	12.9	17.6	21.6	25.4	28.1	28.8	28.7	23.5	16.9	12	109.8	8	13.6	24.6	22.1	6.9	0.1	0.1	17.8	16.2	58.2	44.1
235	10.1	12.7	14.8	16.7	21.2	26.3	29	29.4	24.9	21.2	17.8	14.8	33	47.1	30	31.9	13.5	3.4	0.6	0.2	10.3	6.5	7.8	12.5
236	12.8	11.9	14.5	16.7	22.6	24.6	29.3	30.5	25.5	22	18.5	13.7	56.7	11	26.2	3.2	3.1	1	1.1	0.3	2.7	4.4	28.7	53.2
237	11.4	13.6	13.6	16.2	19.5	25.4	28.6	29.5	25.5	20.7	17.5	14.3	15.6	6.3	65.9	22.3	30.7	30.4	0	24.8	36.3	2.5	58.5	31.5
238	13.4	13.1	13.4	17.1	20.7	28	29.9	30	27.4	21.1	17.9	14.1	40	16	28.7	11.8	8.6	1.3	2.6	0.4	77.9	142.1	78.3	44.7
239	13.9	13	14.2	18.2	20.9	26.3	27.7	27.1	26	22.3	18	14.6	52.6	109.3	4.6	61.4	3.3	10.7	1.6	3.1	29.7	20.6	140.4	25.2
240	13.2	12.7	14.6	16.1	20.6	25.2	28.2	32.9	25.6	24.3	17.2	15.2	50	26.8	62.1	24.7	14.1	1.2	4.6	1.5	37.9	96.5	60.3	34.4
241	11.4	14.1	14.9	15.5	20.6	25.1	27.1	28.5	28.4	22.4	16.4	14.4	33.2	14.3	5.8	66.9	27.5	13.6	5.1	1.1	24.8	3	32.6	31.8
242	11.6	13.2	16.2	17	17.8	25.4	28.8	31.3	26	21	17	12.7	41.4	16.5	12.3	60.9	17.5	2	28.7	1	1.2	55.7	9.6	36.8
243	11.2	16.4	14.9	17.5	21.4	24.2	28.7	28.8	24.5	22.4	18	13.8	48	22.1	90.6	36.9	6.3	1.3	0.2	0.1	1.7	52.8	79.6	90.5
244	10.9	15.1	14.2	17.3	20.4	28.5	30	30	26.7	23.1	18.7	14.9	10.4	7.2	109.4	49.4	24.7	2.1	0	0.4	14.8	21.1	25.2	117.3
245	12.8	14.4	13.6	17.3	24.2	25.3	29.4	30.3	27.3	21.4	17	15.1	24.4	3	9.5	26.4	0.4	4.1	18.7	2.6	2.7	68.9	10	44.3
246	12.8	13.2	15.5	17	19.8	26.3	27.7	28.5	23.9	20.4	14.8	14.4	61.1	73.7	40.1	20.8	16.1	7	0	4.3	13.3	115.8	67.6	45.9
247	14.8	13.1	15.7	18.8	19.6	25.7	29.5	30.4	28.3	21.2	16.2	13.2	90.6	187.2	29.5	14.1	28	3.4	0.2	0	14.1	25.7	25.9	8
248	11.6	13.4	16.3	17.7	19.8	24.7	31.3	29.9	24.9	21.1	18	15.2	9.7	9.2	7.7	44	55.2	1.8	1	0.7	51.7	116.4	68.8	33.3
249	12.3	14	15	16.1	19.1	24.8	29.2	28.1	28.6	22.6	16.5	12.8	41.2	12.3	50.4	48.3	11.9	6.3	0	1.6	38.6	49.1	26.5	42.2
250	12.5	11.8	13.5	17.4	23.8	24.4	28	28.4	26.9	20	18.1	12	32.4	43.8	37.3	30.3	2.6	17	1.5	10.9	33	162.4	33.6	36.2
251	11.3	12.9	12.8	15.8	20.2	26.2	26.5	28.3	26.8	20.9	16.4	12.8	34.2	24.6	37.5	14.3	43.7	0	0.6	0.5	3.8	25	25.3	16.3
252	13.1	13.1	14.3	17.7	20.2	26.2	26.7	29.9	27.1	22.4	17.9	14.2	24.5	31.7	51.5	23.6	2.4	4.2	1.5	0	10.8	21	20.1	44.3
253	12	9.6	14.1	17.3	20.5	25.7	26.3	28.5	25.9	22.2	18.3	13.3	7.1	66.4	106.8	15.3	25	0.5	0.9	0.1	128.5	53.1	82.7	66.8
254	14.1	12.4	13.4	17.4	21.6	23.5	31.1	31.4	26.8	22	16.7	15	65.1	27.6	83.3	16.3	85.3	31.1	0	10.1	2.6	31.6	66	78.4
255	11.4	13.6	13.9	16.3	20.4	22.6	27.5	29.9	25.5	21.3	16.3	11.9	13.7	7.9	10.8	12.7	15.9	2.9	4.2	8	90.6	85.5	23.1	134.2
256	11.8	11.2	13.9	17.9	20.4	25.9	27.4	29.7	24.2	21.6	19	15	40.2	59.9	118.8	49.7	25.6	14.6	1	0	17.2	21.4	107	74
257	12.4	10.6	14.3	18.9	21.2	24.1	29.1	29	26.8	19.7	14.9	13.5	58.2	240.2	39.7	46.3	89.1	9.2	4.8	0	30.2	17.2	108.7	57.1
258	12	14.3	15.2	15.4	20	24.5	27.4	31.1	26.5	21.6	16.2	13.6	31.4	38.6	55	8.5	11.2	1.9	18.2	2.6	11.3	80.1	151.1	41
259	12.5	11.3	14.9	16.4	21.1	26.3	28.6	29.6	26.6	20.7	17.5	13.5	3.6	6	8.8	76.8	3.4	15.7	1.8	0.9	7.6	11.3	8.8	19.6
260	12.4	14.7	13.6	15.3	20	27.1	25.3	28.2	26.4	22.3	16.7	11.5	11.9	20.9	38.6	22.8	25.2	16.8	0	0.1	3.6	33.1	73.8	111.4
261	13.1	14.4	15.9	16.5	19.8	26.9	30.6	27.8	25.2	20.9	16.3	15.7	24.3	35.9	8.1	4.4	38.3	0	0.1	74.1	104	85.6	23.5	26.8
262	14.7	11.3	16.9	16.6	21.1	25.4	28.8	27.2	26.5	22.8	18.8	12.5	94.8	89.9	10.6	70.3	27.8	0.5	5.8	9.7	29.5	103.7	9.8	69.2
263	12.7	13.5	13.9	15.4	19.2	23.2	27.8	29.1	25.8	24.1	15.5	14.2	6.2	12.3	3.6	33.9	35.3	13.4	2.6	0	72.1	21.3	13.4	68.7
264	12.9	16.5	16.5	18.9	21.4	27.8	27.7	28.3	25.1	24.2	18.5	13.4	72.8	4.4	15.8	23.4	16.8	0.1	0	4.8	33.8	18.1	39.2	19
265	14.1	12.5	13.7	16.2	20.1	27.4	29.9	30.5	26.8	22.4	16.4	14.6	56.8	39.2	71.8	32.6	42.2	4.5	1.1	70.7	49.6	28.6	5.7	52.8
266	12.4	11	13.8	15.8	19.6	25.1	29.8	29.9	24.6	23.3	17.9	14.9	29.8	53.5	87.9	112.3	13	5.7	5.6	2.6	32.6	68.8	21.9	81.7
267	12.6	12.1	14.7	16.2	18.9	24.2	27.6	28.4	25.5	22.3	18.3	11.3	70	20.6	65.6	42.2	32	8.2	0.6	26	3	14	87	65
268	14.7	12.9	15.8	17.7	20.7	23.6	25.9	25.9	26	23.3	19	13.8	47.9	103.3	7	24.9	40	18.1	0.4	8.3	45.1	64.2	41.2	68.5
269	13.3	10.9	15.8	16.1	20	24.8	28.4	29.5	25.3	23.3	15.8	13.8	33.9	9.5	24.6	40.3	6.2	36.3	0.4	1.8	127.3	44.1	9.1	28.8
270	13.8	12.3	12	16.8	19.5	22.6	29.4	29.8	27.3	21.1	17.7	14.3	16.2	76.2	89.9	6.4	17.7	11.9	4.7	0	25.7	37.5	117.8	54.1
271	15.5	12.7	14.3	16.3	21.2	24.5	27.5	29.6	26.4	23.4	17	13.3	20.8	34.4	22.9	8.2	11.5	2.9	0	8.3	14.5	77.3	33.1	29.7
272	10.1	14.6	15.5	19	19.2	25.7	30.8	26.7	24.7	21.6	17.1	14.2	6.5	70.6	22.7	6.7	12.3	11.3	0.1	13.2	34.3	3.1	30.8	3.1
273	13.1	11.2	17.5	16.8	19.5	26.9	32.7	30.4	26.5	19.2	16.9	14.1	33.2	57.9	10.9	40.5	49.4	0.8	4.4	0.9	43.9	29	40.4	77.5
274	13.6	16.1	12.6	17.1	20.7	26.4	29	30.7	26.5	20.2	17.9	14	95.3	0.9	11	4.7	34.2	3.6	0.1	5.5	87	12	39.4	17.5
275	13.3	12.2	16.2	18.2	22.5	25.6	28.2	29.1	25.1	22.8	15.6	12.7	24.1	73	0.6	30.5	5.1	10.4	2.8	4.1	72	78.1	114	161.5
276	12.8	11.7	14.9	17	23.7	26.7	29.9	29.7	26.5	22.8	16	14.7	27.7	66.2	86.3	16.2	0.4	14.8	2.1	3.8	12	16.1	51.6	77.5
277	12	12.5	11.7	16	21.6	23.2	27.7	26.9	27.6	20.5	17.2	13.5	5.2	50.5	155.5	19.6	46.9	29.2	0	2.4	0.5	18.1	93.8	98.2
278	12.4	14.5	14.3	17.4	19.5	25.6	29.6	29.9	25.9	20.7	18.4	13.8	5.7	6.4	22.9	33	37.2	5	5.5	5.8	35.4	126.2	34.7	64.8
279	14.4	12.7	14.1	16.8	20.9	25.4	27.7	28.6	27.8	23.1	17	14.7	45.3	96.9	16.9	42.4	17	8	0.8	48.1	15.1	109.5	20.1	135.8
280	10.8	12.5	14.9	17.3	22.4	24.4	28.9	29.6	26.2	20.8	18.1	13.1	38.1	8.6	52.4	31	12.6	32.9	3.9	0.9	1.6	40.4	85	18.3
281	13	12.1	14.2	16.3	22.6	26.3	29.8	30.6	27.4	20.8	16	15	58.7	100.4	24.8	5.8	17.3	13	12.6	0	0.7	10.3	20.6	7.9
282	12.6	14.9	15.6	17.7	22.5	26.2	30.4	29.8	24.8	21.4	18.3	14.8	46	37.6	32.5	33.8	14.9	8.9	3.3	15.3	66.1	50.1	68.2	51.6
283	11.3	15.1	15.6	16.5	20.7	26.4	28.4	28.6	25.5	24.4	17.6	12	36.5	57.3	108.5	114.1	10.9	11	0.1	14.6	5	88.3	33.4	66.5
284	12.2	15.2	15.4	17	22	26.2	31.6	29.3	25.4	23.5	15.2	13.7	27.4	12.6	70	17.7	21.6	0.7	0	0	45.5	125.5	81.3	47.8
285	13.2	8	14.7	17.2	18.2	25.1	27.6	28.6	25.7	19.9	15.5	14.1	31.6	62	52.9	100.2	37.9	7.2	0	0	47.7	10.4	27.5	35.1
286	11.9	10.6	14.5	15	22.7	27.1	28	29.1	25.1	18.3	17.5	15.9	14.3	70.3	40.3	111.3	14.5	3.4	0	6.9	24.4	90.7	74.7	60.1
287	12.8	13.6	13.9	17.8	20.3	25.3	26	30.4	26.5	20.3	18.4	13.3	22.5	12	137.6	33.1	59.7	0.5	0.8	0.4	2	98.7	18.5	73.6
288	13	11.8	13.7	16.6	22.3	25.3	28.8	29.1	24.3	21	19.2	13.8	31.4	84.2	18.7	15.5	11.6	6	1.9	0.9	52.5	11.1	2.3	15.8
289	11.6	13.8	16.4	16.5	19.3	26.3	31.6	26.4	25.6	23	17.1	13.4	12.4	42.9	59.6	34.3	2.7	3.7	0.5	27.7	2.5	5.1	86	49.1
290	12.1	14.2	14.9	15.9	19.8	27.3	28.6	26.7	26.7	23.2	17.5	15.7	21.2	13.8	8	15.3	35.2	26.8	2.5	11.7	11.3	86.1	11.2	64.5
291	13	11.8	14.7	15.9	20.4	24.9	27.3	28.9	25.1	22.5	17.6	14.3	29.8	33	76.5	11.5	8.6	3	0.7	9.7	48.4	20.4	31.4	6.3
292	13.3	15.3	15.6	18.3	20.2	25.2	28.4	32	27.2	20.3	17.7	14	101.3	32.8	34.7	35.8	15.5	1.3	0.1	0.1	6.9	90.2	29.5	40.2
293	12.7	14.2	16.3	16	21.1	25.2	31.7	31	27.2	22.3	18.4	12.7	25.2	55.6	60.7	31.9	29.7	28.5	5.7	0	43	36.3	12.5	66.9
294	13.8	13.3	14.3	17.7	21.7	25.8	28.9	28.1	26.8	20.9	18.6	15.3	82.9	51.8	36.7	7.7	2.8	6	0.1	0.4	0.7	13.3	31.1	88.9
295	12.5	12.2	15.8	18.4	18.2	26	23.2	30	25.9	22.2	18.2	14	219	36.3	28.5	20.8	49.5	1.5	0	2.6	18.5	45.5	211	74.2
296	12	14.1	15.7	17.4	21.9	24.8	29.3	30.3	25	21.1	17	13.4	47.2	41.2	48.5	27.8	16.5	1.4	10.7	0.1	33.5	36.8	23.6	6.6
297	13.7	14.9	14.6	16.1	24.1	25.2	28	31.6	25.8	21.7	15.3	14.8	42.6	30.3	55.7	22.3	0.3	1.2	4.4	0.3	12.9	80.4	20.5	76.3
298	12.5	14.1	14.8	17	20	25.2	26.3	28.9	26.7	23.9	18.4	13.6	14.6	102.6	7.2	33.9	4.4	11.3	0	5.7	22.3	11.3	52.9	19.4
299	13	12.4	13.3	16.2	22.2	25.1	29.7	28.7	27.8	22.4	16.3	13.8	14.2	95.3	34.9	49.2	13.2	7.2	0.6	4.8	10.6	48.3	113.3	72
300	11.6	12.3	13.4	16.8	20.9	25.7	29.7	28.5	27.7	23.3	15.7	14.3	66.4	29.1	120.8	12.7	3.4	0.9	0	9.2	39.7	90.8	54.1	124.4
301	12.5	10.4	15.1	16.8	20.9	27.4	30	30.2	25	22.4	16.7	12.8	41.4	110	22.7	28.9	5.4	28.2	8	2.4	67.2	91.3	52.9	59.5
302	13.2	13.9	15	17	22	25.9	29.3	30	27.1	22.3	18.7	15.3	14.1	27.1	2.9	30.9	16.1	20.2	6.3	9	11.1	85.5	39.2	45.9
303	12	15.4	15.5	18.9	21.2	23.2	27.8	29.1	26.7	23.4	17	15.2	9.6	43	30.4	0.8	4.6	4.7	0.9	0.4	18.5	106.6	60.2	29.1
304	15.3	13.8	14.2	16.9	21.7	26.3	26.1	29.2	26	21.6	17.8	14.6	36.1	45.9	82.4	36.1	4.1	4.7	5.1	1.2	94.4	80.6	51.1	40.1
305	13	12.9	13.4	16.6	21.1	27	27.9	26.6	26.3	21.9	17.5	13.9	8.2	24.4	36.8	58.6	44.5	24.1	0	1.8	26	3.5	94.3	4.7
306	12.8	14.8	14.6	18.8	22.1	24.5	28.8	28.9	26.3	21.9	16.3	14.6	58.4	23.9	9.3	10.1	27.9	14.9	2.4	9.6	2.2	77.6	92.3	49
307	12.2	13.3	14.8	18.1	20.7	27.8	27.7	28.1	25.5	21.8	20.1	13	8.7	100.5	9.7	50.1	39.9	9.7	0.3	0.4	1.1	4	70.1	122.6
308	11.6	12.3	14	16.3	22	26.8	28.9	29.4	27	22.3	17.2	13.5	95.1	21.2	12.7	49.6	17.7	4.7	11.8	14.4	37.7	28.9	37.4	92.4
309	12.7	12.2	14.7	16.4	21.3	24.7	30.4	29.3	26.8	22.4	15.6	14.3	12.3	13.2	22.8	32.7	10.9	6.5	2.2	1	90.2	78	30	144.4
310	12.3	12.9	15.6	15.2	21.8	26.7	30.8	30.1	24.8	22.6	17.7	13.1	33.8	33.6	48.9	147.8	14.5	0.6	2.4	0.3	18.1	20	14.9	56.8
311	11.9	13.2	13.6	15.7	21.8	24.3	27	28.5	24.8	21.5	19.3	13	19.9	63	30.1	89.1	24.5	14.1	1.2	1.7	72.1	69.4	60.3	18.5
312	12.2	13.3	13.6	17	19.8	25.7	27.4	30	25.3	24	18.3	14.1	39.7	146.4	34.9	43.2	5.6	2.1	2.2	2.3	5	56.9	32.8	60.6
313	11.9	10.8	13.1	16.5	20.2	27.3	28.9	29.7	24.2	24.3	18.5	13.9	1.5	44.6	19.2	97.7	63.9	6.8	0.2	1.9	14.6	36.3	29.8	23.9
314	13.2	15.6	14	17.7	21.4	24.2	28.1	28.5	26.2	21.1	16.4	12.9	90.6	1.3	49.8	4.6	12.9	4.6	2.1	21.1	33.3	10.7	51.9	45.2
315	12.4	13.6	14.7	17.6	19.6	25.4	31.9	29.7	27.4	22.4	17.1	12.8	4.4	104.1	3	5.6	32.9	0.4	0.8	0.3	41.6	17.4	22.8	113.6
316	12.1	13.4	15.4	16.1	22	25.2	28.7	31.7	29.1	21.1	16.8	12.7	29.1	21.3	9.4	16.5	43.6	1.6	8.7	0.2	8	124.5	20	83.1
317	12.1	10.3	15.7	16.8	20.7	26.5	26.5	29.4	24.9	22.7	15.9	15.7	97.4	59	33.2	18	1.9	1	2	1.7	7.5	14.8	127.4	72.4
318	12.2	12.6	13.2	17.2	21	25	29.8	30.6	24.7	21.5	16.5	14.8	12.1	67.9	91.8	10.4	15.1	2	0.4	1.9	2.8	5.2	89.4	59.7
319	11.8	13.3	14.3	18.5	21.5	23.7	26.1	28.4	27.7	19.7	18.1	13.3	18.4	51.8	61.5	16.2	22.4	13.3	1.8	5.7	44.7	54.4	21	24.8
320	14.6	15.7	15.4	16.4	22.8	24.8	29.9	30.6	26.6	24.3	16.2	14.1	40.5	151.5	36.1	6.9	6	0.1	0.9	3.3	3.1	20	24	16.7
321	14	12.6	14.8	16.5	22.7	25.3	27.4	27.9	24.7	22.7	15.7	15.3	102.6	22.1	35.5	21.9	0.4	7.2	0.3	0	7.2	82.6	49.2	94.2
322	13.7	14.2	13.8	17.7	20.2	25.4	31.4	28.2	26.9	22.8	18.4	13.8	58.4	44.1	40.7	9.4	65.9	7.2	5	11.1	10.9	105.1	13.9	31.7
323	12.6	13.1	13.5	16.8	20.9	26.5	29.4	30.7	27.3	22.5	17.7	15.1	24.5	20.8	50.9	14.9	29.2	1.5	0.7	2.8	21.6	12.2	66.3	56.4
324	13	13.7	15	16.9	19.8	26	29.2	28	25.9	20.2	16	12.4	52.5	66.8	7.2	63.3	36.4	5.4	0.9	5.4	5	13.1	72.8	40.7
325	13.2	13.1	15.7	16.9	18.7	25.6	30.6	32.6	26.8	23.5	17.7	15.7	58.3	59.4	49.8	9.8	29.4	59.3	1	4.8	0.1	47	38	120.5
326	12.9	15.9	15.3	15.4	18.9	26	30.1	29.2	26.4	21.3	17.2	11.5	57.8	31.3	12.7	12.1	63.2	19.2	0	0.1	18.8	53.4	24.8	54.8
327	12.2	13.1	14.7	16.3	21.5	25.7	28.6	28	25	22.8	18.7	15.2	55	62.1	8.8	44.7	0.7	20.1	13.4	11.2	9	97.5	59.1	12.2
328	11	14.6	15.5	15.4	22.8	26.4	29.1	31.6	26.1	22.2	16.9	12.6	25.7	29.9	22.7	23.2	2.1	5.2	0.1	0.1	57.1	55.7	78.1	81.7
329	12.9	12.2	14.4	18.4	22.3	23.7	29.6	29.4	26.5	20.9	17.5	14.3	19.8	46.6	83.2	13.5	13.4	22.3	0.2	1.5	4.6	44.6	148.9	33.9
330	14	11.5	15.2	19.3	21.4	24	29.2	30.7	25.2	22	17.8	15.9	23.6	107	23.4	31.9	68.2	19.1	2.4	3.4	3.6	34.3	6.8	75.8
331	13.9	13.3	12.9	17	21.7	23.6	27.5	28.8	27	20.2	17	14.3	10.6	28.5	116.8	21	6.6	8.9	2.1	4.8	99.3	1.3	46.3	150.6
332	13.7	13.3	15.8	17.9	19.7	26.6	28	31	26.4	20.7	17.4	12.8	7.8	41.3	34.2	26.9	24.8	1	7	0.4	45	128.2	18.2	67.9
333	13.8	14.6	15	16.5	20.9	24.5	30.1	29.4	24.9	22.5	18.2	14	21.4	39.4	40.2	8.3	13.1	9.5	5.8	0.1	24	17.9	37.6	88.9
334	12.8	13.1	13.4	15.5	21.3	24.6	27.8	28.4	27.6	21.9	17.6	14.8	11.2	33	13.6	29.7	29.8	6.4	0.8	0.1	15.9	8.3	10.6	48.9
335	11.2	12.9	11.5	15.4	21	24.6	26.5	29.7	25.7	21.8	17.1	14.9	22.1	70.5	93.6	38.7	2.7	7.6	0.2	0.3	11.2	38	32.6	61.9
336	11.6	11.7	15.1	17	20.5	22.8	29.4	28.7	25.9	20	17.2	13	17.7	30.5	1	24.8	49.1	44.3	11.5	2.7	5.4	68.8	81.3	64.3
337	12.7	15	13.6	15.7	18.5	24.8	28.8	30.9	26.8	21.7	18.8	15.5	9.5	2.7	62	10.7	37.5	2.3	0.2	4.8	12.1	113.2	41.4	66
338	11.4	14.6	13.6	15.8	19.2	25.3	27	27.5	24.5	21.1	18.7	13.6	33.3	14.9	62.2	11.6	3.9	25.7	0	0	6.2	59.5	33.2	34.2
339	15.3	13.2	15.6	18.3	21.1	26.3	27.4	30.6	25.8	22.8	16.4	15.7	18.8	31.7	39.1	40.6	42.9	0.1	4.7	2	22.5	0.4	219.1	30.8
340	14.1	13	13.9	16.5	19.8	25.2	28.9	28.9	26.1	21.5	17.3	12.1	14	32.3	2.1	8	12	19	0.4	11.7	6.7	67	73	76.7
341	12.5	11.3	15.8	16.6	20.8	27.3	27.3	29.8	28.1	19.9	15.6	14	40.5	29.1	6.2	17.9	23.4	1	9.2	4	0.6	8.2	12.6	18.7
342	11.4	13.7	15.3	19	20.9	24.5	28.3	29.5	28.7	21.9	17.3	15.1	6.3	89.8	36.4	20.8	20	7.3	3	27.6	43.6	79.5	61.2	49.8
343	13.8	11	12.7	15.6	20.8	25	27.3	30.2	29.3	22.5	17	11.6	23.4	43.1	32.7	41.8	5.4	2	0.2	13.2	3	22.9	71.8	20.3
344	12.4	14.6	14.4	17.2	18.7	26.1	24.8	29.8	24.5	21.5	18.4	14.6	26.3	1.6	13.8	4.4	7.7	11.2	1.4	3.2	104.2	100.9	13.3	50.8
345	13.5	11.9	14.1	17.8	20.2	25.4	28	29.3	26.4	22.1	18.3	13.2	5.5	17.1	29.1	37.1	0.1	6.2	0.8	34	20.5	19	109.3	23.6
346	12.4	13.4	14.1	17	20.8	26.1	26.8	30.9	26.7	19.5	16.6	10.9	103.5	29.3	104.3	19.8	5.5	83.3	1.9	0	5.4	12.1	2.4	25.9
347	13.1	13.8	14.9	15.7	20.3	24.3	30.7	30.2	25.8	22.3	16.1	15	33.7	99.5	44.4	26	38.1	12.2	0	0.5	38.8	26.2	25.2	11.9
348	14.8	11.9	14.4	17.7	21.8	27.8	30.5	28.6	26	23.4	16.3	15.3	47.6	54.8	41.3	19.6	5.8	10.9	1.3	0.4	10.3	17.8	11	5.3
349	12.5	10.2	13.9	17.2	22.2	26.6	29.4	31.1	26.4	20	17.3	14.3	21.4	204.5	49.3	18.4	15.9	0.8	12.3	0	38.2	17.2	21.2	23.3
350	12.7	12.7	14.1	16.7	22.7	26.7	29.2	29.9	26.8	21.4	16.5	15	51.2	3.9	36.8	63.8	19.8	1.6	0.9	0	33.3	31.9	71.4	60.4
351	15.8	14.4	16.1	17	20	24.5	29.3	29.1	25.9	23.3	15.3	16.1	24.1	13.1	39.7	40.6	19	2.5	1.2	0.2	11.2	163.1	8.3	60.9
352	11.9	13.6	14.9	16.5	20	24.1	27.9	29.1	26.7	19.8	17.5	15.3	29.8	41.2	32.6	4.9	8.7	0	3.4	1.9	10.9	18.9	14.1	70.9
353	12.9	11.3	13.4	17	20.4	24.7	26.9	29.6	24.8	24.3	18.1	15.9	24.4	21.8	36	34.6	15.2	2.7	0.2	5.3	48.9	42.5	20.1	42
354	14	13.5	16.5	15.4	22	25.3	30.5	28.5	25.9	19.8	16.5	16.2	15.9	26.2	12.8	28.2	3.4	4.6	2.5	0.6	31.7	37.1	50.5	102.9
355	12.8	14.7	15.3	15.4	21.1	25.6	28.5	29.7	25.5	22.6	16.2	11.1	59.3	27.1	4.6	53.6	32.7	22.2	0.9	69.9	6.1	13.1	70.6	115.6
356	13.5	13.5	15.5	16.4	21.7	27.2	29.5	29.9	24	21.2	18.4	14.9	69.1	5.2	18.7	6.5	6.9	2.5	1.4	0	22.2	19	28	96.5
357	13.5	14.6	15.1	17	23.6	29.4	29.1	27.7	25.1	24.4	16.5	11.5	56.3	7	52.2	11.8	3.6	0	5	29.5	29.3	56.6	44.8	17.3
358	14.5	10.7	14.6	15.8	21.7	27	27.7	28	26.3	25.5	17.6	15.5	120.8	26.8	49.5	19.2	14.8	0.4	0.8	3.4	14.2	57.9	64.6	32.8
359	12.4	12.1	13.1	17.1	20.4	24.1	29.4	28.6	25.9	21.1	17.3	13.5	43.1	72.2	40.7	14.5	11.4	0	0.6	0.9	1.9	15.7	22.5	16.3
360	11.8	14	15.5	16	19.9	22.6	30.5	28.1	25.7	20.5	16.7	16.4	68.6	42.6	15.8	15.1	7.7	3.3	5.1	9.6	23.9	37.4	12.8	49.3
361	12.6	11.5	14.2	15.7	20.3	23.2	25.7	29.3	26	21.5	16.8	16.8	19.2	43.6	102.5	3.3	1.9	4.9	2.1	0.7	39.7	9.1	27.8	43.4
362	12.3	13.6	16.3	15.8	20.4	25.1	30.3	28.9	28.8	24.1	17	14.4	14.3	6.3	55.5	43.7	10.7	21	6.8	12.5	12.4	31.6	50.5	26.5
363	11.4	13.3	16.1	15.6	20.1	22.5	27.1	30.3	26.6	21.5	16	13.2	4.3	70.2	28.5	28.6	4.1	42.5	0	0	51	45.4	64.7	29
364	14.8	12.2	15.6	16.5	20.2	24.8	27.8	28.3	25.6	24.4	16.8	15.8	65.8	11.8	31.4	20.6	3.3	15.3	8.1	35.8	7.9	46.5	107.8	4.8
365	13.2	14.2	16.4	16.6	23.1	27	29.4	31.7	25.4	20.2	16.3	12.7	51.4	14.9	25.7	78	34.1	5.3	0	4.6	1.1	45.1	45.4	51
366	11.9	12.9	15.2	17.7	22.3	22.2	29.8	30.8	26.2	22.1	19.1	13.5	4.3	8.8	3.2	34.6	10.6	20.2	2.4	27.2	0.8	3.8	131.9	15
367	14.5	11.1	14.8	15.7	18.8	26.6	30.3	29.3	27.2	21.1	15.9	13.5	17.7	83.4	46.8	33.6	20.8	6.3	2	6.5	8.2	37.2	74.3	64.3
368	12.3	13.9	14.6	18	20.9	26.5	27.3	31.7	26.4	22.8	16.6	13.9	2.3	1.9	71.5	4.1	12.9	0.4	7.3	3.7	76.5	30.4	87.8	57.6
369	11.3	11.9	14	16.2	18.8	23.2	27.9	29.1	25.7	21.7	17.8	14.2	13	43.8	30	49.7	25.3	16.3	1.8	1.2	1.7	54.1	114.5	112.9
370	14.2	12	13.7	18	18.7	26.7	26.4	32.5	26	23.6	18.3	14.5	27.2	39.6	7.9	13.1	18.3	25.1	0	0.4	42	46.9	11.8	136.4
371	11.4	9.9	12.7	16	24.3	26.4	26.9	29.9	27.3	23.6	17	13.5	88.5	47.5	79.3	51.1	0.9	1.6	6.2	21.7	7.1	18.5	43.6	48.4
372	11.7	15.1	14.8	16.8	21	25.9	30.3	28.5	26.8	21.8	17.1	13.8	45.7	36	67.6	50.8	24.2	11.3	4.7	0.6	31.6	73.4	36.7	15.8
373	11.3	10.9	15.2	18.2	20.6	25.4	29.3	30.4	26.2	21.5	17.1	14.2	29.1	94.5	28.1	9.1	12.5	10.4	1.3	0	16.6	168	19.5	29.4
374	11.8	13.9	13.2	18.9	20.6	25	29.5	26.9	28	21.7	15.7	14.1	38.7	20.1	43.4	3.6	7.2	0.1	0	14.5	13.2	29.9	126.1	25.9
375	14.6	10.9	15.1	17.4	22.4	25.8	29.5	29.1	26.5	21.2	17.7	15.4	20.9	53.2	40.7	37.2	0.1	0.5	2.8	2.7	19	7.2	51.6	24.4
376	13.8	11.2	15.9	17.2	22.4	26.9	29.3	30.1	26.5	24.2	18	15.4	28.5	55.9	45	17.3	21.1	8.3	0	17.3	9.4	19.3	25.8	14.3
377	13	17.1	13.9	16.5	22.8	24.8	30.6	30.3	27.9	22.7	15.9	15.4	4.7	19.3	75.4	17.3	12.2	23.5	0.5	6.4	8	37.6	39	29.1
378	14.5	14.1	13.1	18.9	19.7	26	26.8	29.9	28.2	23.3	19	13.9	23.5	45.6	49.1	50.3	14.3	1.6	0.1	4.7	14	78	31.9	20
379	12.1	13.1	15.2	17.3	23.3	24.3	27.3	29.9	24.5	21.3	17.2	12.7	64.8	37.6	51.4	4	16.9	7.4	0	2	23.1	1.4	35.4	22.9
380	13	12	14.5	15.3	20.4	27.2	25.7	28.3	26	18.3	17.5	14	21.5	48.6	20.7	37.8	30.7	0.1	0	2.3	26.9	34.5	41.5	22.4
381	12.3	11.6	14.9	16.6	20.6	25.3	31.7	31.7	27.3	21.9	17.2	14.2	156.8	16	139.9	79	0.9	0	0.2	0	3.8	31.4	27.5	76.2
382	13.2	11	13.3	17.5	22.9	24.4	29.2	29.8	25.8	21	17.1	14.3	38.4	46.2	37.6	9.2	22.4	2.8	1.6	2.2	0.5	15.3	85.7	74.3
383	12.4	12.4	13.3	17	20	26.1	29.1	28.5	27.6	22.4	18.4	16.5	49	195.9	70	43.4	2	1.8	0.7	26.4	27.9	1.1	7.6	29.3
384	13	15.1	15.1	17.9	20.5	25.4	29.7	29.7	26.9	22.7	14.4	13.5	45.4	27.2	45.8	4.9	21.6	14.6	1.2	3	40.8	85.1	159	57.6
385	10.1	13.4	15.2	16.5	19.2	24.7	29	30.9	24.8	21.4	17.6	15.8	40.2	54.4	3	6.8	38.1	12	5.2	3.3	21.5	0.9	15.9	32.9
386	12.5	12.4	14.2	16.7	20.3	25.4	28.6	29.4	25.6	19.8	17	14.1	8.2	128.3	14.8	51.3	9.7	1.2	2	0	142.6	3.8	29.6	45.1
387	11.4	15.3	14.6	16.9	21.4	26.3	26.8	29.1	26.2	22.8	17	15.5	8.3	14.2	15.1	57.7	9.5	0.3	0.1	0.1	23.9	47	62.2	4.2
388	12.4	11.8	13.8	15.3	20.5	24.9	28.5	29.2	27.8	23.4	18.8	13.7	20.4	21.1	44.4	12.7	17.2	3.6	2.7	0	32.5	60.8	27.5	14.5
389	13.1	10.6	14.9	17.3	19.8	28	27.9	28.1	25.8	21.6	17.2	13	80.3	185.9	121.3	5	25.5	0.6	0.4	0.1	1.7	82.3	11.1	65.1
390	13.5	12.7	14.1	16.9	19.3	26.7	25.5	29.8	26.3	21.1	18	17.2	49.9	18.5	22.6	5.3	19	0.6	0.2	21.3	34.7	18.5	38.7	28.9
391	12.4	12.8	16.7	17.4	20	26.1	27	30.9	26.3	22.3	17.4	12.6	49.8	40.6	47	33.6	34.5	17.1	0	8	95.6	53.3	146.2	59.4
392	10.8	13	13.5	15.9	20.1	24.7	29.5	30.5	25.8	20.7	17.5	14.6	74.7	48.4	42.5	46.1	13.1	79.1	16.6	0.1	25.1	53	21.4	18.4
393	13.1	12.9	14.4	16.4	22.3	27.3	29.4	30.3	27	21.9	16.4	12.6	76.4	45.8	18.8	5.7	1.1	12.5	4.1	0.6	36.1	26.7	31.8	81.8
394	12.5	13.2	15	18.2	19.6	25.1	27.3	30.1	27.4	23.4	17.8	12.8	54.6	32.3	28.4	7.3	14.9	2.2	0.1	0.1	16.4	24	60.1	34.4
395	12.5	14.9	14.4	16.6	19.1	24.7	30.2	29.3	26.6	19.9	17.4	14	85.2	0.4	10.1	5.7	7	6.2	6.9	25.4	10.7	42.5	58	63.3
396	12.4	14.2	14	17.2	21.2	26.1	30	28	27.6	22.1	18.6	15.5	72.2	77.2	36.8	41.7	1.2	1.5	0.1	0	39.4	33.7	108.7	39.7
397	12.3	11	15.2	15.9	18	24.5	28.3	28.2	25.9	20.2	18.4	14.3	43.7	56.5	34.7	24.2	36.1	4.8	3.2	0.6	5.9	36.1	30.3	32.8
398	10.4	13	15.1	15.4	21.8	25.2	29.9	29.5	26.1	23.1	16.9	15.1	36	68.8	36.8	29.4	3.4	7.7	0.1	0.1	40	18.1	51.8	90.8
399	14.2	11.2	14.6	15.5	20.5	25.9	29.6	29.9	26.9	23.3	17	15.2	11	147.2	11.4	107.6	60.5	3.8	6.9	3.1	1.2	9.2	12.2	114.5
400	11.6	14.8	13.6	18.1	21.9	26.2	30.8	26.3	26.5	22.1	17.9	15.8	6.1	13.7	34	12.7	0.1	3.4	4	3.1	14.1	74.4	15	25.9
401	12.6	14.2	16.4	15.4	21.7	27.2	28.7	30.4	26.6	20.9	16.5	15.2	27.2	27.6	44.9	80.6	12.7	10.9	0.1	29.8	1.1	0.8	7.2	15.2
402	13.2	14	14.1	17.4	19	25.3	27.9	28.8	27.1	23	17.9	14.2	59.3	50	2	45.9	11.5	20	11.1	2.2	110.9	149.6	50.7	43
403	14	12.9	14.1	17.5	20	26.5	31.5	29.3	27.1	24.5	17.6	13.9	21.6	30.4	26	26.7	30.7	0.6	5.4	0	13.2	83.1	28.7	30.2
404	13.2	13.3	15.6	17	21.2	23.9	29.6	29.2	27.6	24.5	17.2	15.1	44	62.9	50.8	34.6	5.7	9.9	17.5	11.2	52	11.9	114.1	18.6
405	13.5	12.1	14.6	17.1	21.6	26.6	29.3	31.1	25.9	21.5	19	14.9	43.2	19.1	10.8	23.3	15.6	14.1	8.8	8.9	73.9	59.8	7	15.2
406	15	14.8	13.9	17.7	22.4	24.3	26.9	29.4	27.8	23.2	17.6	13	92.5	52.5	14.9	2.7	10.7	3.3	8	2.9	8.1	26.3	134	99
407	14.1	13.8	14.4	15.2	21.2	27.4	29.2	29.6	25.7	22.3	16.7	16.6	64.1	21	37	39.1	40.9	2.8	0.6	0.1	89.2	48.7	63.5	21
408	13.3	12.1	13.6	16.8	21.3	26.6	30.9	29.3	27.5	22.3	18.5	13.2	38.8	175.6	145.2	82.7	19.7	3	1.2	4.5	14.2	27.6	33.1	22.3
409	11.8	12	15.1	16.4	23.1	25.1	30.3	30.6	26.5	24.5	17.4	14.7	42.3	20.3	47.5	26.2	1.1	4.6	4.3	0.4	16.7	38.4	68.5	53.4
410	9.8	11.8	15.5	17.5	20.1	25.7	28.8	27.7	26.4	22	16.3	13	14.5	50.6	6.5	28.5	74.6	0.6	0.8	1.3	12.2	52.2	17.4	43.6
411	13.5	11.4	13.7	16.6	20.4	27.6	28	29.1	27.2	23.1	19	12.8	44.7	117.1	1.7	36.2	21.3	0.9	0.1	0.9	5.7	72.7	63.5	46.7
412	12.4	11.6	14.3	17.6	21.2	26.1	29.1	29.5	26.3	20.9	17	14.2	32.7	58.4	25.4	22.3	18.8	14.6	7.3	33.6	23.4	25.3	54.1	68.6
413	12.1	14.4	14.6	18.2	21.3	25	28.8	31.3	26.7	21.3	17.5	15.3	25.2	49.3	19.1	61.2	39.5	14.2	7.1	0.3	7.1	2.9	58.4	10.6
414	11.9	11.3	14.4	16.3	21.7	25.2	28.2	32.3	27.4	21.3	17.9	15	16.3	65.1	26	31.3	4.1	1	0.3	13.2	24.2	13.9	10.8	50.5
415	11.9	13	14.6	16	21.2	27.1	27.2	30.9	26.5	23.2	16.1	15.4	12.9	94.2	14.3	64.3	19.1	0.8	0.7	0	44.8	74.9	134.1	30.3
416	13.1	13	12.3	17.3	19.9	23.9	27.9	29.9	26.6	21.5	17.6	14.6	26	29.8	53.6	19.9	64.1	2.5	1	0.4	18.1	81	71.9	72.3
417	12.1	12.1	15.2	17.4	21.1	24.4	29.5	29.4	26.7	24.3	17.5	13.1	34.1	97.1	50.1	9.2	8.7	12.7	0.1	0.8	1	8.2	15.3	19.7
418	13.7	15.3	15.2	17	20.9	26.5	28.8	32.1	24.8	23.6	15.5	13.7	31.1	3.5	14.8	70.4	3.2	1.2	0.1	0	70.3	16.7	158.1	46.6
419	13.1	12.4	14.3	17.2	18.3	27.4	32.1	29.6	25.9	21	17.7	15.8	22.1	65.8	51.9	8.2	36.8	2.2	0.7	19.5	25.8	43.8	11.3	17.1
420	13.7	12.3	12.5	17.2	20.9	24.6	29	31.5	27.1	23.4	17.4	13.2	35.8	58.8	105.5	7.5	11.6	3.4	2	1.7	110.8	89.8	58	23.1
421	13	13.7	14.5	19.5	20.6	26	29.3	32.4	26.6	23	18.2	12.6	99.6	24.9	38.8	24.5	35.6	1.3	3.5	3	18.6	10.7	23.6	22.7
422	11.9	16.2	15.3	18.4	21.6	23.9	31	30.8	25.6	22.9	19.1	14.9	58.4	46.3	43.2	49	16.1	10.5	0.1	10.1	8.1	16.3	42.7	134.2
423	13.3	14.1	14.4	17.7	22.8	26.7	26.2	28.7	25.7	21.9	19.3	15.5	53.9	28.3	17.1	42.9	10.4	5.2	1.8	0	3.2	26.6	2.1	3.6
424	13.9	13.4	13.1	16.2	16.4	25.3	29.5	28.9	26.7	23.8	16.5	16.1	41.8	43.1	135.9	10	78.9	7.6	0.2	4.9	30.2	86.1	14	46.3
425	11.4	12.1	12.6	17.5	21.8	24.1	28.3	29	27.1	22.5	17.3	14.1	81.5	34.3	18.2	57.7	10.5	9	0.2	1.2	20	15.8	97.4	33.2
426	13.7	13.7	15.1	16.7	19.2	23.5	27	29.1	25.7	22.8	15.2	14.6	65.6	166	13.5	40.7	16.6	16.9	0.1	5.3	17.9	23.1	35.1	39.4
427	13.7	12.2	16.5	16.8	20.4	27.8	28.3	29.5	27.3	24.3	17.2	14.6	52.8	29.3	5.5	63.7	31.9	3.4	5.8	0.1	21.4	81.3	24.9	38.3
428	13.5	14	16.2	15.6	20.9	25.1	28	29.4	26.5	20.4	16.3	16.4	51.9	52.4	13.5	20.2	14.4	2.6	0.2	0.2	2.4	53.7	20.8	32.6
429	13	13	15.8	14.1	23.7	25.8	28.6	28.6	24.8	24	17.1	15.3	39.1	41.2	36.2	50.6	4.5	12.7	0.2	1.6	0.3	11.7	46.5	10.9
430	11.4	13.2	16.1	15.5	21	24.2	28.1	33	25.5	22	17.2	12.8	17.5	38	29.2	59.1	58	0.7	8.2	0	11.4	15.5	13.1	68.1
431	12.1	12.7	15	17	19	25.3	28.2	29.8	25	21.8	17.2	15.2	20.8	78.5	8.9	10.2	47.1	29.9	0.8	0	20.9	130.9	94.8	90.5
432	13.6	13.7	16.2	16.1	22.5	25.8	28.4	29.9	25.9	21.2	17.3	12.4	35.3	19.2	4.2	29.6	6.7	1.7	4.6	28.2	23.2	9.3	34.1	9.1
433	11.1	12.2	13.9	17.8	21.4	26.5	29.1	28.4	24.1	22.3	17.7	15.7	32.5	46.4	141	5.1	5.5	1.3	10.6	2.5	92.4	0.8	68.4	65.8
434	12.9	14.7	15.3	15.8	19.9	24.6	29.4	28.2	26.8	22.1	17.9	13.4	16.9	2.5	11.7	20.3	3.6	2.9	0.5	15.6	10.1	49	149.2	53.3
435	13.4	9.6	12.3	18.2	22.2	26.8	27.9	27.8	28.2	20.4	18.5	14.7	7.9	158.5	66.8	1.1	5.8	6.6	4.7	0.1	27.4	100	13.2	74.3
436	13	13	15.7	16.4	19	27.1	31.5	32.8	26.2	23.8	16.6	12.2	34	42.4	5.1	32.9	49.3	10.6	0.4	0.7	14.6	8.8	49.7	20.4
437	14	13.3	16.9	17.9	20.5	22.5	30	28.5	27.3	22.6	16.2	13.7	23	151.8	5.2	15.1	5.5	14.6	0	4	49.1	86.3	19.4	41.9
438	12.3	12	15	18.5	20.1	25.9	30.7	29.4	24.6	21.1	17.8	15.8	64.4	119.5	22.9	6.5	22.4	14.1	1.2	0.8	155.1	158.8	51.5	19.6
439	13.1	12	14.4	17.2	22.1	26.5	27.2	30.8	25.5	21.5	16	14.5	33.7	63	219.7	27.8	7.4	0.1	0.1	0.4	17.9	39.7	34.8	13.5
440	14.2	10.9	14.5	15.8	20	26.1	29.1	29.7	27.8	20.7	18.2	14.1	31.5	49.2	34.9	16.8	2.6	3.1	0	3.4	3.8	38.5	19.9	73
441	12.9	14.4	15.5	15.9	22.8	24.1	27.9	32.9	25.6	25.3	17.9	14.1	45.7	20.8	18.3	36.5	0.3	3.2	0	4	1.1	55.9	39.4	40.2
442	13.4	10.8	16.4	17.9	18.5	29.2	27.8	29.2	24	22.8	16.5	12.7	31.8	27.2	48	39.2	20.3	1.1	3.3	15.5	208	114.8	6.4	73.1
443	13.3	14.3	15.5	16.8	19.8	24.9	29.5	31.4	24.2	22.1	17.6	13.2	88.6	22.1	31.1	20.7	12.2	2	4.5	0.1	68.3	18	37.7	49.9
444	11.2	13.4	15.3	16.9	20.6	23.9	28	31	26.6	22.3	17.9	14	45.5	55.4	12.4	10.7	38.5	0.7	3.6	1	64.3	28.8	14.3	19.3
445	12.5	14.6	13.2	17.1	21.4	26.7	27.8	26	26.3	20.2	18	14.1	39.5	42.8	196.6	26	17.7	17	0	0.6	23.3	9.2	17.6	68.7
446	15.9	11.8	14.7	16.2	22	28.1	27.5	30.9	27.5	23	16.9	13	65.6	78.3	95.7	17.8	4.4	0	5.2	1.9	22.2	168.6	28.8	57.8
447	13.9	12	15.3	18.6	20.1	26.9	29.3	30.3	26.5	22.9	17.1	14.7	3.7	135.1	8.5	15.8	62.5	2.1	1	0.2	20.9	7.5	16.4	22.4
448	12.9	13.1	15.9	16	23	27.7	27.6	29.6	28.6	22.8	17.2	13.7	38.9	13.4	11.8	14.1	32.5	5.1	6.9	0.1	31.8	31.4	11.7	47.1
449	10.5	12.8	13.5	17.7	20.7	25.6	30.8	31.5	26.8	23.1	15.8	12.8	27.9	15.5	75.6	7.7	79.8	16.4	2.2	2	41.7	215.8	93.5	56.7
450	11.1	13.5	11.7	16	20.8	25.2	28.1	27	26.4	21.9	16.5	14.2	4	16.7	108	87.1	17	21.6	8.9	4.8	15.2	99.5	109.8	2.6
451	11.9	13.7	12.4	16.9	20.1	26.7	29.3	29	25.8	20	18.2	15	10.8	29.8	64.6	53.9	7.5	2.1	1.6	14.3	33.9	23.6	57.7	40.1
452	12.5	10.3	14.4	15.7	19.2	26.1	28.2	29.9	26.5	20.7	17.6	14.1	24.7	61	87.9	125	63.9	10.2	0	0	15.8	14.9	88.4	46.7
453	12.7	9.1	15.3	16.6	19.6	25.2	27.4	29.1	25.3	22.4	16.9	15.3	53	147.5	39.8	15.5	18.8	9.8	0.3	5.7	7.9	13.4	69.6	172.9
454	12.6	13.4	14.9	16.7	19.9	27.9	28.2	31.5	27.1	22.4	17.6	12.7	7.6	39.9	127.7	28.7	0.3	5.1	4.3	0.6	77.1	20.4	26.3	19.3
455	14.2	16.4	15	17.9	21	26.6	29.1	31.3	26.3	21.7	17	15.8	59.7	62.4	23.3	10.4	18.5	1.1	0.1	0.1	54.2	121.1	134.2	50.6
456	11.5	13	14	17.7	23	23.8	31.2	29.9	25.9	24.5	17.3	13.9	4.2	116.1	57.3	52.1	2.4	12.4	9.7	3.4	9.1	56.6	150	114.4
457	12	12.4	15.9	17.3	21.5	26.8	28.4	28.7	27.5	21.3	17.2	14	56.8	47.6	7.1	4.9	20.5	13.9	0.3	10.9	57.4	18.8	78.4	78.2
458	12.5	13	13.8	16.6	18.9	24.5	27.6	29.1	24.6	23.1	17	15	83.1	86.8	28.5	15.1	42.9	11.9	7.2	0.7	23.5	31.1	23.9	30.1
459	11.5	12.4	16.2	16.8	20	26.2	28.2	27.8	26	23.2	19	13.1	5.2	39.5	29	19.5	17.3	2.7	0.3	3.6	40.3	23.4	7.2	75.4
460	12.5	13.3	14.6	15.1	20.3	25.9	29.2	28	26.5	21.4	16.5	12.4	3.9	86.1	64.2	53.6	16.9	0.2	0	1.8	44.5	21.5	89.4	65.6
461	13.7	8.6	13.3	17.1	20.1	26.7	28.5	29.7	27	21.8	17.4	14	20.8	50.9	32	8.5	23.4	10.5	0.2	0.2	100.8	44	25.3	138.1
462	13	13.5	13.3	15.7	20.8	27.8	27.9	27	26.6	21.9	15.5	15.1	27.5	44.7	7.8	64.1	3.6	10.3	0.9	6.8	97.6	44.4	61.7	14.6
463	13.4	13.2	14.5	17.3	19.1	25.1	29.4	31.4	28.5	21.8	18.2	14.3	68.5	51.1	55.9	42.2	28	17.1	0.3	0	9.5	33.6	50.8	12.9
464	12.2	11.6	14.2	16.2	20.4	26.4	27.8	29.8	27.3	22.7	18.3	13.9	67.1	35.8	82.4	49.9	38	2.3	0.6	12.8	4.8	94.3	30.2	55.5
465	12.7	11.9	16.6	17.2	20.6	24.5	29.4	30.3	25.1	22.7	18.2	14.5	30.1	38.2	29.8	17.1	21.7	3.2	0.4	1.3	38.4	61.3	49.4	65.3
466	14.2	13.3	13.4	15.2	19.3	27.2	31.3	30.5	25.9	19.4	16.8	15	17.2	22.6	3.8	14.7	42.9	2.1	22.1	0	45	89.3	60.4	79.6
467	12.5	12.2	14.6	17	19.7	26	27.3	30.1	27.9	22.1	18.1	14.4	53.9	47.8	19.5	34.2	10.6	18.6	7.8	6.1	10.4	101.8	3.8	45.7
468	14.3	11.8	14.8	16.3	18.6	24.1	27.5	29.9	24.4	23.8	17.1	14.1	8.3	172.1	41.6	79.7	6	0.5	2.8	0	65.9	114.9	17.6	27.1
469	14.2	12	12.9	15.9	21.7	25.8	29.3	30.7	25.4	21.3	20.5	14.1	23.1	26.8	28.1	19	48.4	13.2	1.5	0.7	3.3	30.3	85.1	95.5
470	11	12.1	14.3	16.6	20	26.2	26.3	29.9	26	22.5	16.8	14	36.3	44.6	64.5	21.4	7.2	1.8	0.3	12.3	1.2	10	17.2	25.5
471	11.9	12.7	15.5	16.2	22.7	23.5	27.1	29.4	27.1	22.9	17.5	15.1	46.9	82.6	51.7	24	13.4	2.8	0.4	7	46.7	191.2	79.5	38.7
472	12.2	13.3	16.2	18.8	21.5	26.1	27.3	30.1	25.3	20.4	18.9	15.6	53.4	32	52.3	17	14.8	2.2	0	5.5	2.5	42.1	30.3	63.7
473	13.7	14.9	14.3	16.1	19.6	25.1	26.8	30.9	24.7	21.4	18	15.5	24.6	61.1	42.1	34.6	17.9	29.3	0.3	0.7	6.8	13.6	91.6	139
474	13	10.9	13.6	17.1	22.4	24.7	29.7	27	25.7	24.9	17.1	14.6	31.1	87.9	31.4	23.3	8.1	2.5	3.9	4.1	0.1	26	28.4	64
475	12.8	15.3	14.5	17.3	22.3	23.7	27.8	27.7	26.7	23.7	17.4	12.5	93.8	69.2	33.5	40.3	8.8	11.8	0	8.6	25.2	73.1	28.5	101.8
476	12.6	12.3	12.7	16.1	21.1	24	28.4	29.2	26.5	23.1	16.3	14.5	24.9	103.6	81.6	14.8	5.3	2.5	1	1	32.1	124.4	39.7	24.2
477	11.6	10.5	17.1	20.3	23	28.5	30.7	28.3	26	21.8	17.9	13	130.4	34.4	28.1	2.5	2.1	0.3	2.5	0	47.2	13.8	49.7	107.1
478	15.3	13.5	14.3	19.1	20.4	26.3	31.1	30.3	26.6	26.3	19.5	15.1	36.8	5.5	37	7	9.5	23.9	0	0.2	27.3	75.6	141.9	57
479	11.6	14.9	17.1	16.8	20.8	24.3	25.7	30.5	23.8	21.6	18.5	13	22.4	27.4	10.9	34.6	30.9	4.9	1	1.2	56.4	49.2	16	40.5
480	12.8	12.6	15.9	18.9	19.5	25	28.9	29	25.8	22.8	16.9	15.4	27.6	4	63.4	6.7	55.9	0.4	0	5.7	13.1	6	29.9	43.5
481	14.1	11	13.7	17.2	19.3	26.3	24.5	28.1	25.1	23	18.2	13	65.2	18	18.4	5.9	40.8	31	0.8	3.7	8.6	6.6	57.6	10.6
482	12.4	11.9	15	17	20.6	27	27.9	29.4	25.9	20.9	17.6	12.9	31.3	86.7	11.3	69.5	14.9	8.7	0.3	0.9	31.8	27.7	23.2	64.2
483	12.6	13.4	14.7	15.6	21.2	28.7	29.4	28.6	25.3	24	17.2	12.6	122.7	11.4	30.3	35.5	7.1	0.5	0.5	5	19.2	60.8	19.7	45.6
484	13.2	13.9	16.3	18.1	24	24.8	30.2	29.5	26.7	24.1	17.4	13.7	28.5	25.5	5.1	16.3	1.4	2.4	0.1	0.1	6	27.1	151.3	13
485	12.2	13	14.6	16.9	22.7	24.1	28.4	31.9	27.1	21.6	17	14.7	22.1	54.2	16.6	8.6	6.7	3.2	0	3.2	3.9	82.7	15.7	43.8
486	12.3	14.3	16.7	16.7	19.6	24.8	28.1	27.4	28	22.8	17.1	14	11.2	8.6	4.3	6.5	31.8	12.1	7.6	1	13.6	7.9	19.6	16
487	11.5	13.5	14.3	15.7	18.4	25	28.6	29.6	26.5	20.6	16.6	13.9	92.8	31.8	64.5	25.7	37.5	12.9	0.9	17.1	11.6	32.2	47.7	6.8
488	12.7	15.2	16.8	16.8	24	23.9	28.7	30	25.6	22.3	18.2	16	24.3	2.2	41.6	79.6	12.8	1.1	0.9	0	0.5	20.2	6.4	44
489	11.4	11.3	14	17.7	21.5	26.4	28.4	29	26.6	22.2	15.9	15	14.1	11	10.3	36.8	1.4	4.6	0.2	4.1	22.7	50.1	118.9	42.2
490	11.1	13.4	14.9	16.2	22.2	25.1	28.3	30.2	27.6	24.1	17.1	13.6	24.4	8.1	5.9	12.1	4.9	6.9	1.1	0.4	2.5	96.3	54.6	139.5
491	13.1	11.6	14.8	17	19.1	26.1	27.7	30.8	26.5	22.1	17	12.5	37.1	22	17.2	44.2	17.7	0.1	2	2.7	26.1	47.9	40.1	47.6
