#header info#																								
39.25	#latitude; used for cacluating drought index in model bugmann#																							
5	#meter a.s.l. of climate station#																							
																								
#temperature lapse rate with increasing altitude: #																								
-0.61	-0.64	-0.58	-0.6	-0.53	-0.44	-0.4	-0.48	-0.57	-0.53	-0.63	-0.64													
																								
#precipitation lapse rate with increasing altitude: #																								
8.19	6.74	6.91	6.83	3.78	1.68	0.99	1.28	3.95	6.34	8.8	11.12													
																								
100	#meter: corrections (see above) every x meter. #																							
																								
#	mean monthly temperature (°C) total monthly precipitation (mm) #																							
#year	jan.T	feb.T	mar.T	apr.T	may.T	jun.T	jul.T	aug.T	sep.T	oct.T	nov.T	dec.T	jan.P	feb.P	mar.P	apr.P	may.P	jun.P	jul.P	aug.P	sep.P	oct.P	nov.P	dec.P#
1	13	13	14.4	15.8	20.2	22.3	26.8	27.5	24.2	19.8	15	12.2	89.1	188.1	60.4	96.1	48	7.4	0.8	0.5	12.8	50.1	35	38.3
2	10.6	12.1	12.9	14.6	20.6	25.4	27.7	25.8	25.5	21.9	15.7	13.1	21.2	59.8	33.1	119.6	11	1.7	3.3	14	81.2	75.5	24.1	27.8
3	11.4	11.1	13.8	17.6	20.6	24.7	26.3	25.9	24.7	20.4	17.7	13.8	29.6	89.7	5.4	13.2	23	11.2	8.8	0.2	1.4	6.1	110.2	10.2
4	11.4	13	13.6	15.2	18.6	23.8	28.9	24.7	25.9	22.2	15.9	11.4	72.9	17.9	35.1	77.9	28.9	38.4	7.6	0.3	4.2	50	70.6	69.4
5	14.2	12.7	12.9	15.2	19.6	23.4	25.4	25.8	24.6	19.8	15.4	13.5	24.8	133	12.6	25.7	29.6	12.6	10.2	0	12.5	36.5	15.8	3.5
6	11.9	15.1	14.4	17.3	19	21.3	23.3	27.7	25.2	20.8	15	12.8	57.2	2.4	0.9	108.3	5	1	0.6	0	15.1	73.3	229.1	139.3
7	11.7	14.5	13.3	16.3	19.7	21.8	26.6	27.9	24.3	19.7	14.2	12.9	17.9	49.3	34.3	51.5	58.7	1.2	2.3	0	126.2	116	124.7	74.7
8	13.4	10	15.7	15.9	20	20.8	26.4	27.3	24.3	20.1	15.7	14.9	18.3	74.4	30	107.8	28.6	19.7	1.9	1.6	9.1	28.3	41.5	60.3
9	11	12.7	15.9	16.7	20.3	23.8	26.2	25.7	25.9	20.1	15.5	12.5	68.7	90.3	9.6	42.3	3.7	14.5	0	3.3	23.8	22	36.9	29.3
10	11.8	13.1	13.3	14.2	19.2	21	25.8	28.2	24.6	20.1	15.7	14	11.2	84.7	61.3	56.8	25.6	15.4	6.2	0.3	34.5	57.2	67.2	64.4
11	13.7	10.5	11.7	16.4	21.1	25.4	25.1	27.6	23.7	20.6	17.9	13.8	55.5	134.6	46.5	123.1	14	4.8	1	0	25.8	112.9	88.5	26.5
12	10.5	9.7	12.2	16.3	18.3	24.3	26.1	29.3	23.3	21.5	14.5	13	101.7	276.6	48.5	62.5	129.3	12.7	0.1	0	26.7	24.2	62	56.5
13	10.3	12.8	13.5	16.1	21.7	23	27.2	27.6	25.2	21.1	16	12.2	52.7	109.3	95.5	22.5	12.4	0.9	0.2	4.3	1.4	106.8	44.4	24.1
14	11.9	12.6	12.8	16.4	19.7	23.6	27.3	26.1	24.4	20.2	15.7	12	28.2	211.1	58.4	12.1	21.9	17.5	4.3	1	16.1	75.3	107.8	48.7
15	12.6	11.6	13.6	17.2	22	23.2	26	26.5	24.4	17.5	17.3	14.2	47.7	35	51.8	3.8	23	3.9	3.3	1.3	2.4	7.6	47.4	141.4
16	10.1	12.2	14	15.5	21.3	23.8	25.8	28.2	23.3	20.5	16.9	14.4	29.9	69.2	45	52.9	102.7	29.3	4	0.6	8.8	116.2	12.2	14.6
17	11.6	13.9	15	17.5	17.8	23.5	26.1	28.1	24.7	18.3	16.3	11.9	62.7	20.1	2.6	4	113	42.2	0.2	0.1	57.8	40.6	22.9	117.2
18	11.8	11.7	12.4	13.9	19.3	26.6	25.9	26.2	25	20	15.3	15.4	33.9	32.5	79.3	42.3	6.5	0.4	1.4	1.9	47.6	73.5	28.9	41.5
19	10.7	11.8	14	16.3	20.3	21.6	25	26.5	24.9	21.7	17.5	14.2	20.1	14.3	12.2	10.1	1.4	28.4	1	0.3	27.8	45.8	80.2	113.8
20	10.6	13.5	14.8	15.4	19.9	23.4	26.7	26.4	23.2	19.1	16.5	13.4	75.6	48.4	17.5	82	19.8	8.2	1.5	5.6	6	15.4	49.2	38
21	13	13.2	13.5	16.4	21.1	24.3	22.9	26.6	24.3	21.1	15.5	13.2	71.3	30.5	61.2	74	15.4	0.3	0.1	0	3.7	58.3	66.3	19.4
22	11.1	11.1	14.7	16.2	20.1	22.9	27.6	25.2	23.8	18.2	15.3	11.8	39.3	152.5	0.8	29	35.7	15.3	0.7	0	74.5	18.1	34.1	64.3
23	10.5	14.1	14.1	17.4	19.7	24	23.3	26.2	25.2	21.4	14.9	13.5	37.4	60.6	25.1	71	30.9	44.7	1.2	3.5	3.5	6	43.5	13.2
24	11.6	13	13.1	16.7	21.2	24.8	26.7	28.4	26.4	21.6	17.1	13.7	2.2	75.1	17.1	45.4	30.6	5.5	0.2	8	1.6	54.5	125.7	84.8
25	11.8	12.3	15.5	15.6	19.6	23.1	27.6	27.3	24.3	19.1	16.4	14	14.5	72.7	2.7	70.6	54	1.1	2	0.7	13.8	64	14.9	39.7
26	11.3	12.1	14.6	16.2	18.7	23.4	25.7	28.9	25.2	21.7	16.3	12.1	75.9	47.6	23	51.7	24.1	1.6	1	10.2	27.3	82	55.3	28.8
27	11.9	12.1	12.7	16.5	18.7	23.9	24.5	29.1	24.2	19.5	16.7	11.4	92.4	21.6	12.9	48.7	75	3.2	3	2.9	17.9	26.2	11.7	62.4
28	13.1	12.4	12.2	16.5	20.4	25.1	27.5	25.9	25	19.2	14.4	15.2	28.2	92.3	12.1	29.7	4.4	9.3	0.4	5.6	86.4	1.2	73.2	33.5
29	12.1	12.2	15.8	15.9	19.3	25	27.5	27.3	24.9	17.6	17.3	14.9	36.8	41.4	6.1	40.9	9.1	9	1	0.1	49.7	11.6	37.3	30.9
30	11.2	10.3	13.7	14.3	20.2	21.3	27.1	27	26	21.2	17.7	11.1	47	32.1	28.1	38.8	5.3	3.7	2.3	0	49.3	72.4	11	21.8
31	12.5	12.7	15.6	16.7	22.1	22.5	24.9	29.9	24	21.2	16.3	11.4	46.6	55.8	2.4	35	5.3	4.8	0.6	2.6	24.8	4.9	83.3	57
32	10.9	9.6	14.3	15.4	19.2	25.8	25.1	25.3	25.1	22.3	14.6	12.8	13.6	81.5	30.2	74.6	11.5	3.3	0.1	4.5	22.6	7.8	17.3	106.8
33	12.8	13	14.3	17	17.4	24.4	25.9	26.5	24.5	19.5	14.8	14.8	83.1	95.4	21.3	40.3	51.3	7.9	0	15.7	49.5	107.7	94.4	22.4
34	10.9	11.7	14.4	14.7	19.3	25	25.8	25.9	22.2	20.1	15.6	13.5	3.5	95.8	44.3	67.1	8.7	5.5	11.3	0	12.4	44.7	56.6	82.1
35	11.6	14.9	14.7	17	20.5	22.9	28.8	26.6	23.8	19.5	14.8	12.5	59.2	2.6	4.6	55.7	89.4	1.4	1.5	1.9	11.7	29.4	14.4	57.9
36	11.2	10.8	13.8	13.3	21	23.9	26.5	26.8	22.6	21.9	15.8	13.6	16.7	141.7	121.7	96.5	11.1	0.1	2.8	0.1	3	233	75.6	74.8
37	12.9	10.7	12.4	17.5	21.4	23.9	26.2	26.4	24	16.4	16.8	11.4	43.4	51	7.3	36.7	25.9	23.4	2	10.4	0.7	2.3	69.7	44.4
38	11.5	13.4	14	15.1	21.8	23.4	25.7	28.4	25.3	21.9	15.4	12.9	18.7	19.3	48.4	10.6	10.1	20.6	5.2	0.1	26	72.1	51.5	66.4
39	13.9	11.8	14.4	16.7	20.6	22.3	23.8	27.4	27.1	21.2	15.6	11.5	40.1	31	12.3	45.3	66.8	0	4.2	15.3	6.8	101	51.2	46.9
40	11.1	12	16.3	16	19.8	24.4	26.5	25.7	23.9	19.2	17.5	12.5	13.6	75.1	18.1	48.5	85.9	2.7	2.3	0	15.2	74.2	38.6	22.3
41	12.5	12.7	12.7	16.1	20.5	24.3	27.7	27.2	24.6	20.2	16.6	16	72.2	107.6	62.5	39.4	35.7	2.8	1	4	42	40.2	22.1	58.7
42	11.2	13.5	12.9	16.4	19.7	25.6	27.7	26.5	23.5	20.8	17.3	12.6	15.6	115	26.1	230.4	8.1	13.9	6.1	0	150.7	52.8	22.3	146.7
43	11.2	12.4	14.1	16.2	20.2	25.3	23.9	27.7	22.5	20.4	16.1	12.7	64.2	17.6	42	27.9	17.1	26.3	2.5	0.2	46.1	48.1	251.8	26.5
44	10.6	12.5	13.5	16.5	18.4	23.9	28.6	27.5	24.9	20.8	15.5	13.3	44.2	13.5	29.3	4.2	46	8	0.3	0.9	8.6	24.6	54.6	27.6
45	13.5	12	15.5	17.5	21.9	22.7	26.8	25.2	25.2	20.2	16.6	12.2	40.3	57	13.4	7.9	0.3	23.1	4.3	0.1	29	93.8	17	98.1
46	11	12.7	13.3	15.5	19.6	21	26.4	27.1	24.9	21.6	16.1	12.4	30.4	7	17.4	86.5	8.7	2.2	4.8	0	62.4	92.1	23.8	47.2
47	10.4	11.3	16.4	14.3	22	22	25.5	27.7	22.3	22.9	14.9	13.7	22.7	114.5	77.4	64.8	2.2	52.3	1.5	0	47.6	14	9.8	44.8
48	11.5	13.7	15.4	14.7	19.2	22.2	26.3	24.7	23.2	23.4	15.4	15.2	10.5	20.4	78.8	73.1	5.4	16.3	0	1.8	1.2	52.2	64	10.6
49	11.4	14.1	14	16.5	20.1	22.4	25.3	25.9	23.3	17.7	15.8	12.5	22.6	47.1	11.7	18.8	46.2	8.6	0.8	16.4	13.3	36.8	102.3	16.8
50	11	11.3	13.9	16.3	19.7	23.6	24.1	27	23.2	20.5	16.2	14.3	35.5	155	7.4	95.5	4.7	4.5	0	0	29.2	19.4	71	23.1
51	11.5	11.8	13.1	17.6	21.4	24.1	26.3	26.6	23.9	19.8	15.4	13.8	101.5	71.9	59.7	17.5	9.2	3.2	3.7	0.1	16.3	19.9	44.3	16.2
52	12.2	12.5	14.3	15.7	20.6	24	25.6	27.2	24.2	19.1	16.9	11.5	44.5	65.3	43.6	9.6	23.6	20	0.1	6.1	10.5	8.7	104.6	47.7
53	9	13.1	14.7	14.5	18.6	22.5	27.6	29.4	24.4	23.4	16.8	13.6	33.1	81.8	11.7	43.5	19.2	40.6	0.2	1.8	23.2	46.2	116.5	121.3
54	11.5	13.4	15.1	15.7	21.1	25.5	26.3	29.3	24.8	21.3	15.5	11.5	97.1	70	32.9	65.1	10.2	13.7	0.8	0.1	47.5	12.6	95.3	65.1
55	13.1	11.5	13.4	15.3	21.6	23.6	26.9	23.3	25.2	19.6	17.1	13.5	99.3	10.5	76	33.1	12.7	7.3	1.2	8.4	0.2	15	40.1	24.5
56	11	12.5	14.2	16.5	19.9	24.2	26.1	27.8	24.8	20.3	15.5	12	54.2	12	33.3	5.6	37.4	28.8	3.3	0.1	16	18.9	54	80
57	13.6	12.7	14.9	15.6	19.4	24.1	28.6	27.3	24.1	19.2	16.7	11.9	60.2	14.2	0.7	31.9	19.2	2.8	8.8	0.1	52.9	20.6	13.2	46.3
58	11.8	15.4	16.3	17.9	20.9	25	26.6	28.3	25	21.2	15.4	12.7	68.2	5	10.5	46.4	51.8	0.2	7.7	0.4	33.3	56.6	77.7	13.4
59	12.2	14.2	14.2	15.7	20.3	23.4	27.6	27.7	23	20.8	16.5	12.1	65.1	87.8	81.7	22	33.1	24.9	18.4	1	0.7	4.1	78.8	117.8
60	10.5	11.6	12.2	16.3	17.7	24.7	25.6	27.7	23.6	19.5	16.4	13.1	34.5	98.5	33.8	4.4	45.3	1.4	0	2.1	95.2	5	29.4	44.7
61	14	11.4	15	15.8	19.4	25	27.3	27.4	24.5	18.5	16.2	12.9	60.1	19.6	37.8	20	24.6	0.9	11.4	0.7	10.1	12.2	174	26.4
62	11.9	12.2	12.3	15.9	20.3	22.9	26.8	28.2	22.8	21.2	16.1	12.2	31.2	56.6	149.1	34.6	6	8.8	2.1	0.5	1	38.5	14.5	66.2
63	11.9	12	13.3	16.5	19.6	24.7	25.7	26.8	23.4	19.5	18	13.1	31.9	47.6	29.6	16.9	62.1	1.9	21	2.5	65.4	38.8	67.4	27.5
64	11.9	12.3	13	15.3	20.9	21.6	25.4	27	25.2	22.2	15.5	13.9	69.5	14.2	99.2	56.6	26.4	21	2.8	7	0.3	104.8	76.9	38.7
65	10.6	12.2	13	16.1	20	24.7	25.4	27.4	24.7	21.2	16.6	12.7	49	54.4	76.1	84.3	47.3	16.9	0.3	0.3	4.4	63.8	93.7	54.7
66	11.2	12.4	14.9	15.7	20.7	23.8	28.3	25.5	23.3	21.6	15.4	13.1	101.9	8.2	50.3	94.6	50.9	7.5	0.4	5.8	38.5	36.4	12.3	15.2
67	13.6	13.1	14.6	14.3	20.9	22.9	25.7	25	25.1	18.6	14.4	11.9	61.9	25.8	69.5	44.9	2.4	8.4	1.1	4.1	1.4	33.9	22.3	168.1
68	12.4	11	15.5	15.9	18.9	23.4	26.7	25.7	24.5	18.5	14.8	12.8	10.7	109.7	53.6	22.9	90.6	3	0	27.3	19.1	6.8	41.7	56.4
69	11.6	12.5	15	17.3	18.6	21.2	24.3	28.2	22.6	18.4	16.9	12.8	40.3	29.2	28.9	44.8	22.3	15.6	0	0	12	51.7	19.8	75.6
70	12.8	11.9	13.1	16.3	21	21.1	28.5	26.4	22.7	21.7	15.7	14.1	95.5	21.7	110.8	9.6	16.8	46.9	0	0.1	8	12.8	3.5	50.3
71	11.5	13.3	13.6	16.3	21.1	27.4	26.8	24.7	23.3	20.4	15.8	14.2	20.8	78.6	56.1	71.6	34.3	6.4	0.3	39	33.5	81.9	82.7	15.7
72	10.7	9.1	14.1	15.6	21.4	24.7	28.2	22.9	24.1	21.3	16.6	13.3	59.3	146.9	30.5	20.7	26.4	29.4	0.9	7.4	5.8	20	91.1	35.6
73	12.6	11.3	14	16	22.4	26.3	26.8	27	22.5	20.6	16.6	12.8	33.3	116.6	16.9	17.9	7	0	0.5	0.6	7.1	73.2	7.2	182.9
74	11.4	12	14.6	15.3	19	22.5	24.2	26.9	24.1	19.3	15.9	12.2	36.7	102.4	22.1	47.2	41.3	16.3	7.4	1	26.5	98.7	47.6	12
75	13.1	12.3	12.2	15.7	20.1	24.1	27.1	26.2	23.3	21.1	17.7	13.1	3.9	44.6	46.2	60.3	5.9	0.9	3.1	2.7	18.7	96.4	25.2	56.2
76	11.8	11.4	15.6	14.7	20.6	21.7	25	28.4	24.4	20	15.7	11.8	88.2	167.7	47.2	115.4	35	9	3.3	0.4	3.1	42.3	77.2	57
77	12	12.7	15.9	16.1	17.6	22.8	26.9	28.2	24.5	19.7	17.8	14.2	24.1	44.2	12.8	10.1	46.1	5.7	4.8	0.2	9.6	37.3	38.1	63.6
78	13.4	12.6	14.7	17	19.2	24.3	28	26.4	22.5	17.5	16	11.7	55.5	48.6	0.7	25.7	54.6	9.5	1.1	7	29.3	77.5	142.6	30.8
79	9.8	12.6	13.1	16	20.3	21.9	27.8	26.7	22.7	21.3	17.6	11.4	78.2	23.6	56.6	6.2	29.1	23.8	4.3	0	82.5	18.6	41.4	59.5
80	10.7	12.3	13.2	16.7	19.5	23.8	25.5	27.2	24	20.7	15.7	13	74.8	85.4	81.9	13	43.1	27.2	0.1	12.9	15	69.7	63.1	150.9
81	12.6	11.5	13.6	17	20.2	22.7	27.7	28	24.2	17.1	15.6	13	45.1	31	33.6	32.2	5	4.4	3.6	10.2	7.1	25.9	60	66.6
82	13.2	14.7	15	14.5	19.9	24	27.7	28.2	24.4	19.2	15.6	12.9	54.1	54	9.6	32.7	63.3	1.7	0.2	0.3	30.4	12.3	126.8	89.7
83	10.8	13	13.6	17	21.5	25.1	26.3	28.4	23.3	20	15.3	13.2	17.4	22.1	11.8	18.9	2.9	1.5	0	1.6	16.5	32.8	39.4	21.7
84	13.1	13.4	14.6	15.5	22	24	26.5	28.7	24.6	21	16.5	12.5	13.4	245.4	3.9	30.5	19.1	7.7	4.2	0.3	18.2	49.3	149.4	24.1
85	11.1	11.7	15.5	14.9	16.3	24.9	26.3	29.2	22.4	20.8	15.7	13.3	14	132.9	25.9	65.9	40.2	0.2	0.4	0	11.9	93.7	90.9	38.3
86	9.9	12.7	14.5	16.4	19.5	21.5	27.3	27.8	25.5	19.5	16	14.1	23.4	56.2	13.4	36.4	23	0.8	0.7	1.5	41.2	2.9	17.8	40.5
87	13.1	12.6	14	15.8	22.3	24.7	26.7	26	23.2	20.8	16.1	14.6	56.7	76.1	35.9	41.9	1.4	9.3	0.3	0	25.3	36.9	36.9	25.5
88	11.6	12	14.4	16.8	21	23.6	27.3	26.8	25.4	20.9	15.9	12.4	28.5	68.5	83.3	39.8	21.1	6.4	3.1	3.9	2.3	32	79.1	25.4
89	8.4	11.2	16.2	15.5	20.4	24.3	27	23.5	23.6	21.2	14.6	13.2	17	119.7	28.7	85.1	10	8.7	15	8.4	43.3	12	148.5	72.1
90	12.6	12	14.7	15.5	17.3	22.2	26.2	25.3	24.2	20.3	18.3	13.7	106.6	83.6	15.6	51.5	10.1	12.8	6.6	1.5	18.8	11.4	33.5	14.1
91	11.4	12.6	12.3	16.2	21.2	22.6	26.8	24.3	25.3	21	16	14.4	124	19	71.4	90.9	14.8	31.6	0.5	24.3	6.4	30.6	18.3	98.1
92	12.6	14.6	15.5	16	20.4	24.5	27.2	25.3	25.7	19	15.4	14.7	152.6	14.4	10.9	59	11.5	22.1	0	5.2	11.1	36.3	111.7	68.6
93	13.3	13.6	13.2	16.2	21.7	25.8	25.8	26.1	26.7	22.1	15.2	13.9	17.3	40.5	27.4	26	16	0.9	0	15.7	5.9	86.1	62.3	26.3
94	13.2	10.3	11.8	15.6	15.9	23.9	29.1	27.7	25.5	20.6	16.8	12.9	41.9	88.7	60.1	74.2	133.8	16.5	2.3	1.8	2.7	79.5	44.2	30.8
95	10.3	11.4	14.9	15.8	22.1	24.2	27.7	26	22	19.4	16.5	14.1	89.5	113.2	26.4	14.9	1.4	21.4	0.1	6.7	19.3	117.3	49.1	47.5
96	12.3	14.9	15.7	15.2	21.3	22.2	26.8	25.7	23.4	18.9	13.9	11.3	53.7	29.7	15.9	76	12	24.6	7	0.4	99.4	23.1	33.9	22.6
97	10.6	11.7	13.7	15.6	19.9	25.3	24.7	27.6	25	18.9	17.1	11.9	9.2	222.1	22.3	161.7	13.9	6	0	3.7	18.6	18.2	54	69
98	12.1	10.2	13.7	15.6	20.4	22.7	26.8	27.8	24.7	22.8	16.9	13.5	60.4	148.6	96.8	88.2	21.9	0	2.1	0	14.5	62.5	168.9	63.2
99	12.4	12.7	14.1	17.2	20	23.8	25.7	27.2	22.9	22.1	16.2	14	9.5	22.2	31.6	46.7	3.2	0.7	1.8	2	11.7	167.9	83.6	49.3
100	11.3	12.7	15.5	15.4	21.8	24.6	26.9	27.1	23	18.7	16.5	12.3	34.7	49.1	21	72.7	15.2	7.3	0.7	2.4	86.7	33.6	63.8	64.7
101	10.3	13.3	14.8	16.3	18.2	23.6	24.4	26.5	25	19.6	16	13.4	53.6	31.4	13	9.6	39.3	3.1	0.1	11.5	9.5	17.7	10.3	78.2
102	9.5	11.7	13.2	14.2	19.2	25.7	25.9	25.4	24.8	20.4	16.5	14	20.6	66.9	123.9	87.3	55.3	3.7	0.3	9.9	107.4	31.8	76.1	16.9
103	11.7	13.7	12.8	16.1	19.9	23.9	23.5	25.9	23.5	20.1	18.1	14.7	41.9	78.7	147.2	10.5	6.7	0.9	3.5	4.2	119.8	17.1	147.8	3.6
104	12.1	11.5	12.7	13.5	19.8	25.6	26.6	26.2	21.8	21.4	14.5	13.8	41.3	47.7	62.2	87.1	38.3	0.2	4.1	0.1	63.3	21.1	29.4	31.8
105	14	14.6	12.6	16.1	19	24.8	26.4	27.3	23.8	21.1	16	13	24.1	2.8	34.7	14.9	13.2	5.6	0.1	0.4	23.1	0.8	78.5	59.9
106	11.5	11.4	15	16.4	20.2	26.1	27.2	23.1	22.5	19.2	16	12.1	63.7	110.5	41.5	24.5	60.2	5	17.3	6.9	7.1	40.8	197.6	34.7
107	12.5	13.3	12.3	16	19.2	22.9	26	26.6	24.5	21.3	16.6	11.7	42.9	6.9	31.7	16.1	21.6	38.7	11.6	20.4	105.7	26.7	58.4	75.1
108	11.6	9.5	14.1	16.2	19	23	26.4	25.8	24.4	19.3	16.8	13.8	105.4	63.2	12.6	99.6	3.7	0.5	12.5	6.1	27.3	44.1	123	115.5
109	11.4	12.6	13.6	15.7	20.7	25.4	25.1	27.4	24.6	19.8	15.7	14	22.8	63.8	70.4	77.1	7.3	2	8.8	3.2	22	32.8	7.6	75.5
110	12.3	11	15.5	16.2	19.8	23.4	26.5	23.6	24.3	17.1	14.3	12	17.7	44.7	20.5	41.3	17.4	3.9	18.4	8.9	0.6	22.6	128.4	179.9
111	11	11.3	15.5	16.8	19.9	24.2	25.8	28	25	19.6	15.6	13	56.6	53.2	18.6	17	42.4	3.8	3.3	5.5	38	36.5	44.9	146.2
112	10.9	14.2	15.2	16.5	21.9	22.6	28	28.5	24.4	19.8	15.5	12.3	10.3	14.3	7.5	16.4	3.5	10.8	2.5	0.1	9.7	56.1	204.5	53.8
113	11.4	12.4	13.4	14.9	20.1	24.2	25.7	24.4	24.7	20	14.8	13.5	16.9	156.1	22.1	21.5	59.6	0.3	0	2.3	21.6	11.4	65.2	82.6
114	10.3	13.2	13.2	15.9	20.1	24.6	26.1	27.7	25.2	20.9	15.6	13.3	21	86.8	53	27.1	6.8	0.3	0.4	1.8	12.9	89	76.7	133.1
115	10.8	14.7	13.1	15.5	20.3	23.6	24.9	27.5	23.7	20.6	16.2	12	13.5	1.4	69.8	110.1	38.2	0.9	17.9	0	53	64	56.7	28.8
116	10.9	14.1	12.9	15.9	22.3	23.7	27.3	27.3	23.9	22.3	17.9	13.9	57.9	16.6	22.7	18.9	2.2	9	0.4	0.1	27.6	19.7	31.1	29.9
117	11.9	13.6	14.2	14.5	17.1	26.1	28.4	26.9	22.5	20.4	19.7	12.5	151.9	10.4	10	43.2	45.9	2.9	6.7	0	7.9	41.1	99.4	36.2
118	12.5	12	14.1	15.4	18.7	23.8	26.1	27.6	25	22.3	15.9	15.5	46.9	232.4	29	17.5	13.1	1.6	2	4.5	5.3	28.4	23.4	26.8
119	13.5	9.6	13.2	16.4	18.5	23	26.3	28.9	25.6	20.7	15.3	13.8	103.3	68.2	28.4	17.7	29.2	3.6	0	0.7	5.5	74.4	43.6	80.4
120	11.6	10.9	13.8	15.1	18.8	24	27.1	26.4	25.8	20	16.2	14.3	56.4	29.3	79.7	21.5	29	14	3.8	10.3	3.4	63.5	10.8	113.1
121	12.1	12	13.6	16.7	21.6	24.2	25	27	23.9	20	16.6	13.4	74	141.2	76.7	39.2	13.5	57.3	0.6	6	31.4	1.5	68.7	28.7
122	11.9	9.5	14.1	18.7	19.8	24.7	28.3	28.1	24	21.8	15.3	10.9	71.9	62.6	75.1	7.6	11.6	6.5	2.6	0	12.8	12.8	24.8	60
123	12.2	11.3	13.6	17.3	19.5	24.2	25.1	23.8	23.9	18.3	15.6	12.5	22.5	76.8	10.5	89.1	35.3	8.3	0.3	15.3	2.4	80.3	26.5	60.3
124	12.1	12.5	12.8	15.9	16.9	22.9	25	27.4	25.8	20.1	16.9	11.7	16.5	44.6	51.3	25.6	37.3	5.6	12.4	1.8	23.3	83.2	77.4	65.7
125	12.6	12.4	15.1	17.7	19.9	23.9	28.2	28.7	23.6	21.2	16.7	12.9	68.5	80	1.7	18.9	21	5.2	1.7	8.8	4.7	100.1	89.2	10.5
126	13.3	11.8	14.4	16.3	21.1	22.6	27.3	26.3	24.9	20.8	15.1	13.4	21.7	73.8	13.8	49.6	62.5	10.8	0.2	1.5	38.2	95.2	67.9	70.1
127	12.3	11.3	13.8	17.2	18.8	24.7	26.4	28.6	25.5	20.8	18.4	13.1	34.3	59.4	32	75.8	13.4	3.4	4.4	3.1	4.8	81.3	28.2	73
128	11.5	10.6	15.3	16.2	20.7	24.5	27.5	28.9	25.7	19.6	15.7	13.3	15.5	42.9	2.8	35.8	13.7	8.5	3.9	8.5	8.9	23	116.8	70.2
129	11.7	11.4	13.2	18.2	17.2	26.8	27.4	25.1	24.7	20.4	17.7	12.4	101.3	45.9	45.8	18	97.8	2.1	0.6	3	23.1	28.4	111.3	43.6
130	11.6	13.6	14.2	14.5	20.6	24.4	26.8	26.4	25.4	21.4	15.6	14.5	9.3	13.7	16	79.2	10.2	17.2	1	1.1	82.9	35.9	78.5	31.5
131	11.1	14.3	11.9	16.3	21.6	23.8	27.9	24.9	24	20.2	15.2	10.7	36.6	29.7	55.4	7.8	5.1	0.7	0.3	0.4	1.6	59.1	34.5	40
132	12.7	12.1	15.4	14	21.2	25.5	28.5	26.4	24.3	18	14.8	11.1	67.5	72.5	39.8	84.9	1.1	3.8	2.5	1.2	25.7	37.1	2.6	14.6
133	11.6	10.8	14	16.5	20.3	23.8	24.5	26.3	22	20.4	17.1	10.7	27.8	32.6	166.3	77.1	34.5	3.5	0	1.8	14.8	43	50.9	87.4
134	12.2	11.1	15	18.8	21	26	25.4	25.5	25.4	18	16.8	13.2	22.3	71.1	5.4	6.1	10.3	1.3	4	0.1	17.5	56.3	140.7	88.7
135	11.1	13.3	14	13.8	19.3	23.3	26.1	28.4	23.1	23.4	15.8	13.8	85.8	48.7	32.7	53.7	23.6	30.1	5.3	0	15.2	47.7	65.8	26
136	12.7	13.1	14.8	14.6	18.1	22.9	24.4	28.1	25.2	20	15.5	12.6	22.2	54.1	35.4	44	110.8	1.3	0.7	0.2	13.1	20.1	32.7	1
137	12.7	15	14.4	16	21	22.8	28.6	28.6	24.5	20	17.6	13.9	184.5	39.1	5.5	2.2	14.1	4	0.2	8.6	6.5	101	19.5	63.2
138	10.2	12.8	13.2	14.5	20.8	23	26.8	25.9	24.6	21.8	15.1	12	34.2	74.7	47.9	38.1	7.5	10.1	5.1	0	4.2	14.6	32.6	85.8
139	11.4	12.7	15.6	16.2	20.8	23.7	26.4	26.5	24.2	21.3	14.6	12.3	19.7	34	3.3	118.7	26.2	18.3	0	0	19.4	44.6	36.7	125.2
140	11.5	12.1	13.9	16.2	19.3	22.8	25.3	25	23.5	19.5	16	12.6	25.7	39.6	14.3	51.5	48.1	10.6	0.7	0	24.6	27.1	97.1	43
141	10.4	11.2	12.9	16.9	20.4	25.3	27.6	26.4	25.1	22.4	15.2	13.6	53	2.2	36.4	49.7	34.7	0.4	7.7	0.7	8.8	19.6	70.7	106.2
142	13.2	14.6	14.2	15.9	19	23.8	24.8	26.4	24.1	21.7	15.3	12.2	43.9	1.2	12.9	58.2	65.2	2.2	0	0.1	121.9	8.5	14.3	64.9
143	14.3	11.8	13.8	15.4	21.5	24.1	27.3	27	23.5	18.3	16.9	13	63.2	174	74.7	61.5	26.5	0.9	0.4	0.1	32.6	25.2	37.4	126.3
144	11.9	12.6	14.6	16.1	21.4	26.5	24.8	28.8	23.2	17.9	13.9	13.1	47	214.8	58.5	13.4	10.8	27.7	14.2	0.1	28.9	32.3	112.5	54.7
145	12.2	12.2	14.2	16.8	20.8	24.3	25.2	24.6	24.2	21.1	15.1	13	34.8	68.9	4.4	21.3	24.6	3.6	0.8	0.9	145.6	17.5	58.2	17.8
146	10.4	12.2	14.4	16.5	19.5	21.1	27.4	28.9	23.8	20.4	17.6	13.4	1.8	31.7	31.6	27.5	1.1	0.7	4.9	3	34.2	23.7	38.4	110.2
147	11.8	11.3	13.5	16.5	22.4	25.6	27.3	25.1	24.1	21.2	16.5	12.5	41.7	32.1	3.6	63.1	64.7	1	0.1	12	39.3	18.7	100.4	40
148	11.3	12.5	13.2	15.4	18.4	25.6	27.7	27.8	24.9	20.2	15.6	13.9	38.1	53.1	62.1	56.5	13.5	0.3	5.3	1.1	52.5	35	69	77.6
149	12.6	13.4	16.3	16.1	20.3	22.5	25.7	27.5	25.1	19.8	15.5	14.3	58.1	30.6	20.6	146.9	15.4	1.2	0.2	7.4	1.4	9.2	22.2	23.7
150	10	10.2	13.5	15	17.4	23.6	26.4	27.1	24.6	18.5	17.2	13.2	59.3	34	24.1	67.2	60.7	4.1	0.8	0.8	5.2	64.6	34.8	41.6
151	12.8	11.9	12.3	15	20.5	23.2	28	26.6	24	21.1	14.6	10.9	40.8	42.1	56.2	7.8	55.5	0.1	0	0.2	21.9	132.6	127.3	75
152	12.1	10	12.9	15.6	20.4	23.7	27.5	25.5	21.6	20.4	14.7	13.4	48.8	185.9	12.8	23.3	9.7	7.8	0.2	14.2	5.7	26.3	35.7	3.7
153	12	12.7	13.8	16.1	18.8	25.6	27.2	27	23.6	21.1	16	12.8	167.8	171.2	70.7	127.5	15.4	3	10.5	1.7	29.6	59.4	73.4	32.3
154	10	9.9	14.4	17	19.8	23.7	27.7	26.1	24.4	21.7	15.4	12.2	152	56	32.5	99.2	28.3	0.2	28.3	3.6	92.7	24.7	95.1	48.1
155	12.4	11.4	12.6	18.4	17.5	24.4	24.5	27.6	24	20.6	16.1	13	31.1	75.7	72.4	34	44.8	3.2	0	0	13.5	27	24.4	47.6
156	12.9	11.9	13.8	13	21.3	22.5	27.7	26.1	23.2	23.5	16.8	13.3	94.1	231.9	12.9	115	7	37	15.9	13.2	18.3	28.2	151.6	83.8
157	12.7	15.3	14.4	17.2	19.6	24.1	27.4	27	24.3	20.8	15.5	12.5	120.9	128.1	15.2	67.6	17	7.7	0.6	0.9	9.9	26.6	35.6	76.9
158	11.7	12.8	12.9	15.9	18.8	24.1	28.7	26.1	24.1	21.4	16.4	12.8	43.6	55.2	138.7	3.7	4.8	8.5	0.2	5.3	69.1	67.7	118.6	57.9
159	10.8	12.1	12.3	16.6	20.1	22.8	27.7	30.7	25.2	20.2	15.7	13.9	60.8	135.8	54.2	60.5	23.2	5.6	4.6	0	4.2	76.9	75	98.7
160	11.9	13.3	14.3	16	21.8	23.7	25.8	30.2	22.4	20.7	15.9	14	18.5	23.1	52.1	29.1	2.5	31.9	0.1	0.2	34.5	19.5	33	13.6
161	12.3	11.1	13.6	15.7	18.9	24.1	28.1	27.5	23.1	20.9	14.8	13.2	31.7	56.4	31.2	27.3	13.9	1	0.8	0	1	28.8	84.6	29.6
162	12.9	12.3	14.2	16	21.2	24.1	26.6	26.5	24.7	18.9	17.2	13	18.6	32.4	39.9	11.5	3.7	29.4	16.9	39.8	16.7	47.5	41.9	27.1
163	11.1	13.8	12.3	14.6	17.7	23.5	23.3	26	23.9	19.2	17.2	12.8	7.8	86.5	69.9	47.4	43.3	12.4	3	0.4	46.6	4	20.4	123.1
164	11.2	13.3	14.3	16.2	20.8	24.5	26.5	25.6	22.9	21.3	15.3	13	22.7	84.7	26.1	6.4	14.4	8.2	1.3	1.3	19.7	58.8	86.5	44.6
165	11.9	12.3	13.7	16.8	18.7	23.1	26.8	27.2	23.3	21.7	14.9	12.9	109.6	214.6	40.7	22.4	35.2	3.7	1.7	0.1	13.5	48.2	142.3	28.7
166	12.2	10.2	15.8	15.4	18.9	24	26.2	25.6	23.9	21	15.8	14	86.2	32	51.9	50.3	45.1	5.7	1.2	7.3	85.9	19.3	82.7	7.1
167	10	14.5	12.9	13.6	18.4	25.1	27.5	26.4	26	21.6	16.7	13.5	14.1	24.4	36.4	49.7	59.8	3.9	6.9	9.2	15.7	68.9	63	63.8
168	11.7	14	15.8	16.9	21.7	24.8	22.9	28.4	23.7	21.5	14.8	13.8	63.1	2.3	23.4	30.7	54.7	6.7	0.1	13.5	30.6	8.2	51.6	52.8
169	9.9	10.8	13.1	14.9	21.6	22.5	24.5	25.6	22.8	21.4	14.6	14	15.9	6.6	27.3	45.4	12.4	3.5	2.1	0	10.9	32.7	50.3	36.8
170	13.5	9.8	13.8	15.2	19.2	24.5	27.3	27.6	24.6	20.5	15.1	12.4	6.5	19.2	121.5	59.2	30.8	1.6	4.1	0.1	0.1	14.7	69.6	26.7
171	12.1	11.4	14.6	15	21.5	25.8	26.4	28.6	23.6	19.8	14.7	13.7	20.3	14.8	38	46.3	6.2	0.7	0.2	0.1	35.7	81.3	53.7	27.3
172	10.5	10.9	14	15.8	18.4	22.2	26.1	27.9	24.2	20	16	12.6	6.8	59.6	18.7	123	53.6	10.1	8.5	0.5	40.2	10.3	131	15.7
173	9.8	13	12.7	17.2	21.1	24	26.9	27.8	23.2	20	16.4	13.6	34.3	109.7	29.6	19.3	1	24.6	9	1.4	6	4.2	49	100.7
174	12.1	11.6	15.1	15.5	17.8	21.3	26.4	24.7	25.2	20.2	16.8	13.5	66	43.2	5.1	51	9.6	0.4	1.7	9.6	56.9	62.2	53.1	26.2
175	12.5	10.5	12.3	15.8	21.7	22.6	28.1	27	21.7	21.3	17.1	11.6	51.1	132.3	53.2	7.7	21.3	34.8	2.9	3.1	13.4	36.2	30.6	73.4
176	12.2	12.5	14.3	16.4	22.3	22.5	28.8	28	25.8	19.8	16	13.7	33.4	26	9.5	14.1	20.2	4.5	1.2	0.4	5.8	38.4	81.4	5
177	11.6	9.4	13.8	17.3	20.3	23.6	25.3	26.8	22.7	23.1	15.5	12.9	19.5	63.9	46.9	31.2	25.4	0.8	8.5	0	32.6	16.2	61.9	80.4
178	10.4	13.6	14.4	14.5	20.1	25.4	28.3	25.5	24.4	19.4	14.1	11.2	29	5.1	26.1	110	10	2.2	1.3	1.3	18.7	25.3	16.9	54.9
179	12.6	12.8	13.7	15.2	19.3	24	26.2	26.3	24.8	19.7	15.3	13.7	24.6	86.6	59.5	136.2	50.3	0.2	0.4	0.2	70	42.3	40	159.7
180	10.4	11.2	12.9	15.1	19	23.6	28.3	27.6	24.7	20.6	16.6	13.3	12.5	148.7	9.5	2.6	29.7	1.3	1.7	0.8	11	21.2	80.5	47.8
181	11.9	14.3	13.2	15.6	20.3	25.2	26.5	28	24.2	19	16.4	14.2	18.8	38.9	12.5	59.2	2.4	5.5	2.3	0.6	23	39	90.7	20.9
182	12.5	10.7	15.1	17.6	22	22.4	26.5	25.2	23.4	21.4	15.4	11.1	93.8	213.6	19.9	13.3	2.5	9.7	8.7	3.5	64.1	105.1	11.1	119.2
183	11.7	13.6	14.4	15.1	16.7	23	25.8	28.2	24	19.5	14.7	12.7	75.5	9.1	26.4	84.1	37.5	18.5	5	1.1	14.3	33.7	124.5	53.6
184	15.9	12.4	14	14.7	20.3	25.1	26.1	26.8	24.5	20.4	15.9	14.3	48.8	199.2	47.6	9.8	14	21.6	7.5	0	7.5	22.8	31.7	69.1
185	11.9	13.4	13.1	15.7	20.2	23.8	26.3	26.3	25.2	22.2	16.9	12	36.1	76.1	6.9	44.6	17	12.6	0.3	39.3	87.9	84.2	168.6	28.3
186	12.1	11.2	12.5	13.9	19.5	23.8	26.6	27.6	25	20.7	14.4	13.3	46.4	24.2	75.3	37.2	3	13.1	0.2	1.1	35.5	109.3	43.3	98.8
187	11.4	16.8	13.9	14.5	20.4	22.5	26.5	25.9	24	21	14.7	12.6	48.4	4.6	35	35.3	49.1	0.7	0	5.6	1.7	68.3	43.8	65.2
188	12.9	13.3	13.9	16.8	19.1	23.9	25	25.2	24.7	20.6	16.5	11.8	46.1	6.6	42.2	81.1	4.7	5.5	2.1	0.1	50.8	36.8	27.5	11.5
189	12.1	11.6	14	15	20.6	25.3	26.8	27.9	24.1	22.7	16.6	12.7	31	14.5	56.8	47.2	6.4	7.1	0.8	0.6	46.7	34.4	21.1	94.3
190	11.5	11.4	15.2	16.8	19.9	24	29.8	25.6	23.9	18.1	15.7	14.6	37.9	35	9.9	50.6	46.8	9.4	3.4	0.4	60.4	14.9	71.2	69.3
191	11.5	10.5	12.7	15.7	20.3	23.6	25.4	28.2	25.7	22.5	15.2	14.3	19	81.6	33.1	76.9	10.4	2	0.2	18.8	102.5	54.2	83.3	54.7
192	12.6	11.6	15.1	15.8	19.6	23.4	24	25.3	24	19.2	15.5	12.5	33.6	78.6	40.1	177.4	18.8	20.3	8.7	0.9	7.5	40.8	52.1	39.5
193	11.9	13.6	14.8	14.8	20.8	24.7	26.9	24.9	23.3	22.6	16.5	13.7	53	2.5	4.8	21	21.8	0.2	12	0	32	58.8	8.3	81.8
194	12.4	12.7	13.9	17.1	21.4	26.5	27.2	26.3	25.2	19.4	15.5	12.4	7.9	24.7	75.1	21.2	23.1	9.1	1.6	0.7	15.7	91.7	96.6	69.7
195	12.5	10.3	14.6	17.4	18.3	23.9	26.8	26.3	23.5	19.6	15.1	12.8	18.6	27	12	34.7	8.9	18.1	1.4	5.8	99.9	24.2	75.7	80.2
196	13	11.2	13	17	20.4	26	25.1	26.9	27	21.6	15.5	13.5	87.3	141.5	74.5	44.9	26.4	11	0	0.1	25.2	18.6	58.7	12.3
197	12	12.6	14.1	17.7	21.2	23.1	28.4	24.9	24	18.8	16.9	13.4	15.2	22.4	84.5	24.6	14.8	1.8	0	1.7	30.1	35.4	81.6	23.6
198	11.7	13.9	13.9	14.4	19.2	25.3	27.3	25.9	24.5	19.4	17.1	11	51.1	131.3	28.4	53.4	68	16.9	0.1	0	39.5	7.3	41.9	41
199	11.3	11.7	15.1	16.6	18.5	24	29.9	25.8	24	21	15.9	15.3	51.9	105.3	25.7	50.3	69.6	7.4	14.7	3.3	11	3.8	9	48.1
200	11	11.4	14.3	16.6	19.9	24.5	25.7	27.2	24.1	17.9	15.1	14.1	48.4	36.5	23	17.8	1.3	8	0.4	9.4	6	65.4	62.9	95.6
201	11.1	11.4	12.3	15.2	21.6	23.2	25.6	28.9	24.7	20.5	18	15.2	29.4	59.8	104.6	30.5	8.1	4.1	1.1	5.5	17.2	24.4	41.7	78.7
202	11.4	13.3	14.3	15.8	18.6	22.9	28.1	27.6	24.1	20.1	15.7	12.6	116.3	10.6	44.2	9.3	58.9	23.8	8.1	5.8	7.1	144	74.3	13.5
203	10.2	12.9	15	15.2	17.9	23.9	28.1	27.1	26	19.7	16.8	14	11.8	109.3	20	37.8	8.7	1.6	0.3	0.3	53.2	107.4	45.9	96.5
204	11.7	13.2	14.2	17.1	19.8	21.9	24	25.4	25.3	21.8	15.7	12	15.7	25.8	17.7	38.7	26.1	11.5	0	3.2	30.7	1.5	7.8	16.6
205	13	11.4	14.7	17.2	19.4	23.7	27.2	28.5	23.8	21.8	15.6	12.1	40.5	70.2	50	48.6	28.8	2.9	2.5	0.7	171	39.9	16.9	31.1
206	11.3	10	13.3	18.1	21.5	23.4	26.4	27.7	22.4	20.4	16.7	12.6	52.2	62.6	6.2	35.3	12.5	15.8	7.5	12.5	127.9	55.9	49.8	55.7
207	12.4	12.1	15.1	16.4	20.6	24.8	26.9	26	24.3	20.5	18.5	11.3	28.3	33.2	16.6	14.3	16.3	11.8	0.8	5	81.9	12.7	98.5	120.4
208	11.4	14.1	14.1	14.2	23.1	24.1	27.4	26.4	24	18.8	14.8	12.2	13.1	20.4	20.6	37.6	1.4	6.3	0	1.3	45.8	2.7	13.9	123.7
209	12.5	11.7	14.5	16.8	19.4	24.3	25.5	26.1	23.5	19.8	17.5	12.5	55.1	12.6	2.2	79	18.5	0.4	0.5	0.1	3.1	14	155.5	54.6
210	11.7	10.4	13.6	15.7	21.4	22.8	27.6	24.3	26.4	19.9	17.1	11.7	64.7	68.7	22.2	130.1	17.3	20.2	0	2.3	8.5	74.7	112.2	72.9
211	11	12.9	14.2	18	19.3	21.1	28.1	27.8	25.5	20.6	19.1	13.4	42.9	31.3	25.8	10.7	18.2	17.5	0.2	14	27.5	23.1	43.8	39
212	12.6	15.5	16.2	15.3	18.5	25.5	27.4	27.9	24.6	18.7	16	13.2	39.8	3	39.7	24.2	17.9	6.4	0.6	0.5	3.4	3.5	36.1	62.1
213	12.5	12.6	14.5	16.1	18.8	23.7	26.3	27.2	24.9	21.7	15	12.3	86.7	32.9	51.9	14.3	85.3	5.3	7.2	0	43.1	48.5	39.4	32.4
214	11	13.7	14.4	16	21.3	22.1	24.6	27.6	24.4	23	16.7	14.3	70.7	45.4	27.9	66.5	28.9	8	1.5	2.1	9.2	54.3	41	61.2
215	13.5	13.6	14.6	15.5	19.4	26	24.7	26.6	22.4	19	16.5	11.7	61.4	13.8	8.5	126.8	80.8	7.9	0.6	0.1	35.9	31.7	87.7	39.5
216	10	11.8	14	17.7	18.1	22.9	26.2	26.5	23.8	18.2	16.6	11.8	25.6	103.3	60.4	81.7	96	12.5	4.9	0.1	114.8	9.2	33.3	33.9
217	10.7	13.9	14.3	15.1	19.8	21.9	25	28.7	24.5	19.9	14.6	12.8	41.6	37	13.8	100.1	3.8	1	0	0.1	29.7	5.6	49.8	13.4
218	12.6	12.9	13	15.9	18.7	23.5	24.3	26.7	25.5	19.7	15.6	13.7	26.3	51	93	59.5	63.7	2.4	0.2	0	31.1	15.1	65.3	59.7
219	10.9	13.2	13.3	18	19.7	23	26.1	25.5	24.9	20.3	15.2	13.6	27.5	26.7	28.5	9.8	122.1	22.3	0.6	0.4	7.8	45.7	137.7	7.7
220	10.1	11.9	16	15.4	19.2	22.9	26.3	25.4	24.8	19.9	15.9	12.5	15.1	49.8	44.5	54.2	4.4	1.6	14.6	3.1	17	81.6	94.6	99.6
221	12.1	10.6	13.3	16.2	17.6	23.3	28.3	25.6	23.8	20.5	17.9	11.9	22	116.3	19.8	18.4	39.7	9.4	0	2.2	27.2	29.4	10.7	35.4
222	10.6	9.2	14.1	17	20.9	25.8	29.7	26	23.3	19.3	17.5	10.8	33.9	60.9	24.6	25.2	22	1.2	3.7	0	20.9	18.8	12.5	46.7
223	11.4	10.6	12.3	16.8	22.2	23.8	24.9	26.3	25.5	21.3	15.6	10.2	32.2	70.6	40	54.6	8	1.4	4.6	15.2	0.2	20.3	63.8	45.3
224	11.9	14.2	16.4	15.7	20.9	23.5	26.1	26.1	24.7	21	16.7	11.6	53.1	128.8	3.8	85	1.6	0.1	0.9	0	55.4	45.8	2.3	74.5
225	12.1	12.3	13.6	17.2	19.5	24.9	27.7	28.7	24.6	19.7	16.2	13.9	50	119.1	21.9	13.1	26.7	1.1	10.1	0.3	18.5	21.2	50.8	47
226	13.4	14.9	14.7	14.7	19.2	24.4	27.4	26	22.9	18.6	16	12.7	47.8	3.3	67.7	17.3	30.7	2.5	0	0.2	4.1	8.6	81.2	34.3
227	12.4	14.1	14	16	20.3	22.7	29.1	29.4	24.1	22.4	17.7	15.2	32.6	16.7	58.5	42.8	38.7	0.4	0.2	3	28	28.7	16.9	65
228	11.9	13.5	15	17.5	20.2	24.5	24.7	26.7	23.8	19.3	15.5	14.7	48.9	16.2	19	34.7	36.6	0.7	7.5	5.6	35.1	30	160.9	49.6
229	12.9	11.8	14.4	16.4	20.9	22.2	25.9	28.1	23.7	21.4	15.3	13.9	83	138.6	11.7	24.8	56.9	0.5	0.3	2.1	30.5	27	37.2	37.9
230	12.8	13.8	14.5	16.3	18.9	22.6	24.8	27.2	25	19.5	15.1	11.7	50	16.7	14.9	102.9	21	15.9	0	10.8	19.7	18.6	76.2	56.9
231	13	11.6	14.3	16.3	17	24.3	25	25.8	22.7	20.8	15.3	12.8	79.5	45.1	42.4	63.8	45.3	16.8	0.7	5.4	56.1	88.7	70.2	71.3
232	12.2	12.5	13.8	14	18.5	25.2	29.2	26	22.3	20.4	16.7	11.7	35.6	93.7	74.6	117.4	38.2	15.5	0.2	6.5	69.1	40.6	90.6	21.5
233	11.8	11.7	13.9	15.2	18.7	22.9	26.9	26.6	24.5	22.5	15	14.4	43.6	278.5	6.8	15.2	43.2	59.2	1.7	2.2	20.8	84	38.3	33.6
234	12.8	9.8	14	17.3	19.1	23.2	25.6	28.1	21.9	18.4	16	11.2	70.1	180.5	27.7	53.8	11.3	9.4	0	1.4	130.4	34.2	49.1	11.4
235	12.8	12.9	16.1	15.5	21.5	23	27	25.7	23.8	20.9	14.7	12.2	29.5	29.1	8.6	73.7	6.5	3.3	11.5	5.1	47.7	12.5	78.5	12.4
236	9.3	13.5	12.1	14.8	21	23.9	27.7	29.2	27.4	22.6	17.4	11.5	46.3	28.4	102.4	38.7	12	3.3	6.8	7.9	22	157.7	43.7	74.3
237	11.5	11	13.3	15.7	17.4	25.5	24.4	25.7	25.2	23.1	15.9	13	33.5	86	24.1	25.5	8.3	12.8	0.1	1.1	1.1	12.7	42.8	41.1
238	12.7	9.8	15.9	14.9	20.8	24.3	26.9	27	25.5	20.7	17.6	12.3	21.6	12	3.2	11.1	6.1	7.8	7	0	15.9	69.3	69.6	140.9
239	13.4	13.2	12.6	16.9	19.5	22.6	27.2	26.3	23.7	17.4	16.5	9.8	24.4	45.3	45.8	28.6	70.7	1.4	4.7	2.7	10.6	38.3	71.4	55.1
240	11.7	9.2	14.2	17.1	20.5	22.5	24.5	26.9	24.2	20.4	15.5	11.8	90.9	44.8	25.1	73.6	10.9	1.7	0	0	24	10.6	25.8	21
241	11.4	11.3	12.8	17	19.8	25.2	31.2	26.8	22.7	21.1	16.9	15.3	44.4	25	35.9	12.6	21.9	7.7	2.9	0.4	90.2	27.2	21.2	53.9
242	11.5	10.7	15.2	15	17.9	24.8	28.6	29.2	22.8	18.8	16.6	12.7	33.1	37.9	29.1	55.1	79.5	2.5	3.4	0.1	26.3	14	110.7	44.1
243	7.7	12.1	14.6	16.8	21.2	25.9	27.9	27	22.5	22.1	16.4	13.3	65.7	58.1	60.8	30.5	9.7	1.5	1.8	2.1	22.4	50.7	23.6	12.1
244	12.1	13.5	13.1	15.5	19.6	22.2	27.2	27.6	21.5	22.2	16.4	13.5	52.2	40.8	17.5	20.8	17.5	0.6	0	0.6	26.7	70.1	52.4	48.4
245	9.9	12.2	14.1	14.1	20.5	24.2	25.4	26.7	24.6	19.5	17	11.9	9	54.2	49.6	34.4	6.8	0.3	0	0.6	18	45.7	99.2	48.6
246	11.5	13.3	14.2	15.6	19.9	22.9	26.2	27.8	24.7	19.5	16	11.6	74.5	42.6	7	72	75.5	30.7	2.5	0.2	19	81.7	29.1	66.4
247	12.7	12.7	13.7	16	19.8	24.3	27.4	27.4	24.8	20.7	15.2	14.9	47	15.7	6	63.5	34.8	19.2	2.9	0.5	2.2	58.3	30.1	134.3
248	13	11.4	14.3	14.5	20	23.1	27.2	24.8	22.2	19.1	16	14.1	116.8	27.8	2.6	56.8	21.8	1.6	4.3	0.1	32.6	15.5	44.9	30.9
249	11.3	11.2	12.6	14.8	20	25.3	26.3	25.7	23.6	20.6	16.2	12.6	12.6	102.4	71.3	78.6	8.9	0	0.1	1.1	17	51.7	118.6	32.5
250	10.6	10	15.1	16.2	19.4	23.8	28.6	27	23.1	20.3	16.8	12.9	2.8	137.2	5.6	55.3	48.2	16.4	0.3	0	9.1	2.4	57.2	65.1
251	12.1	10.9	13.1	14.3	19.2	22.7	28.8	27.9	22.9	21.3	15.1	13.3	29	35.1	31.2	72.3	14.3	0.1	2.2	6.8	3.5	130.1	8.7	177.7
252	10	11.2	14.5	15.5	20.2	24.8	28.9	26.9	24.3	22.4	15.9	13.7	3.1	57.8	50.5	137.1	23.5	7.1	5.4	0.1	30.8	22.1	67	69
253	13.1	12.5	13.3	14.9	19.5	21.7	24.1	26.2	24.3	19.7	13.1	12.3	28	79.3	56.8	41.9	8.4	23.4	0.1	3.6	0.2	25.1	16.4	28.8
254	11.8	10.4	13.1	17.1	17.4	23.7	27.2	26.2	23.5	20.3	15.1	14.7	12.6	85	28.1	10.1	190	12.1	0.2	8.5	4.4	29.4	72.4	3.8
255	11.9	13	12.4	16	18.8	22	23.9	26.9	23.8	20	15.2	13.3	38.2	95.2	117.5	23.9	26.5	7.8	1	0	1.4	6.6	83.6	36.3
256	12.9	12.1	12.6	16.1	22.5	25.1	25.4	26	23.8	18.7	16.3	15.3	147.3	33.8	63.8	12.6	2.6	9.8	0	0	55.3	27.4	31.2	47.4
257	11.7	14	14.3	15.5	19.6	22.8	27.4	24.2	25.7	20.3	15.1	13.1	62.8	12.2	3.4	14.2	8.4	12.1	0	2.6	36.7	9.1	30.1	20.3
258	11.1	9.9	15.1	16.7	19.3	22.3	28.7	26.6	22.8	19.8	18.3	12	94.7	291.8	29.2	43.7	9.4	5.6	18.4	7.2	102.1	19.6	75.7	117
259	12.9	14.2	12.1	16.4	20	22.9	25	29	24.2	18.4	14.9	13.8	96.5	3.6	32.3	32.8	20.5	8	0	0	21.8	9.2	66.4	95.7
260	12.7	13.4	13.8	15.2	17.6	23.5	26	26.9	22.8	20	14.2	11.8	26.3	61.7	18.3	83.1	136.9	1.4	2	9.9	0.2	23.1	137.7	107.5
261	11.4	9.8	13.1	16.2	20.8	22.4	27	27.6	26.4	20.7	15.6	11.6	64.3	70.2	10.2	47	13.5	18.5	12.8	7.1	13.7	10	18.9	73.3
262	12.8	12.6	13.3	15.3	17.4	23.1	27.6	25.2	24.6	21.6	16.1	14.1	57.9	21.5	42.7	53.2	52.5	20.6	5.6	54	4.7	2.4	107	41.3
263	10.9	11.8	12.7	15.9	18.2	24.1	26.9	26.3	25.3	21.4	18.8	15.2	40.6	54.5	44.1	213.3	124.7	5.7	7	21.8	20.8	119.9	11.9	52.6
264	10.5	10.8	14.2	15.9	19.4	25.2	25.2	25.2	23.7	19.1	16.6	13.1	12.9	58.3	94.1	35.6	9.1	25.7	0.9	12	73.6	12.2	59.6	7.8
265	12	13	13.1	16.4	19.4	24.7	26.4	26.3	24.2	21.1	14.6	14.6	24.1	176.7	34.8	16.3	1.5	2.5	2.9	25.9	24.3	11.1	293	175.9
266	12.6	11.4	13.7	15.7	19.4	23.1	29.7	28.9	23.8	19.6	16.1	13.2	31.2	108.1	20.4	43.6	14.5	10.1	6.1	0.3	83.8	3.8	12.3	27.4
267	12.6	11.4	15	16.4	18.3	22.9	27.3	30.1	22.6	18.6	15.1	13.4	62.8	82.3	6.5	110.9	73.8	5.3	1.6	0	10.4	44.1	41.6	17.4
268	12	12.4	12.2	15.3	20.5	24.7	26.5	27.1	23.7	22.3	15.6	13	9.6	36	188.8	68.3	29.9	10.9	0.9	0.6	76.7	16.7	60.3	18.8
269	10.4	12.2	13.4	15.8	23.2	23.4	24.8	25.9	20.9	20.7	16.9	10.8	96.7	49.9	29.6	26.9	14.1	19.3	0.5	0	73.1	65	198.5	32.6
270	13.3	12.1	13.1	17.3	18.3	26	27.4	27.7	22.7	20.1	15.8	13.5	8.1	50.8	28.9	53	45.7	1.2	3.2	1.7	31.1	6.6	143.8	47
271	13.4	13.1	13.8	15	19.7	23.6	24.6	27.1	23.5	21.8	13.8	13	56.8	33.1	9.7	49.9	5.2	5.4	0.1	15.7	4.7	3.9	61	17.7
272	11.8	13.3	15	15	20.7	24	26.5	25	21.5	21.1	14.9	12.6	13.6	30.7	5.1	42.1	7.8	7.7	4.5	10.4	34.7	35.1	70.4	38
273	10.2	11.4	14.8	15.9	17	23.5	27.5	26	24.5	19.3	16.2	13.4	33.5	16.2	13.4	32.1	92.2	48	0.1	0.1	66	7.1	101	15.8
274	12.7	12.6	14.8	16.3	20.3	23.9	29	26.8	23.5	18.3	17.2	13.1	11.1	1	2.7	22.9	24.9	10	1.3	1.4	14.1	65.7	107.1	28.1
275	10.5	12.5	13.4	15.1	19.7	23.2	24	24.2	23.3	20	15.8	11.1	35.9	2.5	32.4	45.4	12.3	12.1	0.1	0.6	35.9	53.4	94.3	46.2
276	12.7	11.1	15.1	15.2	20.1	22.7	27.8	27.3	24.2	20.5	17.9	14.9	32.1	139.1	3.7	111.4	14.1	3.2	1.9	0.3	35.4	19.6	133.7	9.1
277	10.7	13.7	13.7	15.8	18.6	23.7	23.6	26.1	25.4	20.4	14.3	14.1	63.7	28.5	12.5	38.2	20	3.4	0	0	20.4	50.4	57.5	33.3
278	12.9	12.5	15.4	17.5	19.4	25.2	26.9	25.7	23.3	22.2	15	11.7	46.5	79.9	24.9	37.1	19.4	3.2	1.5	0.1	21.7	54.4	92.4	50.9
279	11.9	12.4	14.9	17.3	19.5	24.5	26.3	26.1	24.2	23.3	16.9	10.8	76.9	189.7	16	97.6	57.8	54.3	11.5	0.7	39.7	83.5	65.1	72.8
280	11.4	10.9	13.8	14.5	18.7	23.4	26.5	25.9	24.4	18.1	16.5	12.7	100.1	100.6	22.4	119.6	19.2	14.2	0.1	0	5.3	28.4	55.5	94.6
281	12.2	12.9	14.4	17.6	18.9	25.2	25.9	26.2	24.1	19.5	16.5	11.6	11.3	97.3	38.1	2	69.4	4.2	5	2.1	2.4	19.4	45.1	30.6
282	12	13.5	13.2	15.1	18.8	23.5	25.1	26.1	25.8	18.8	14.6	13.5	22.4	23.6	27.5	125.4	29	41.3	0.4	1.2	20.2	11.3	88.6	21.1
283	12	12.8	11.9	16	19.9	23.6	26.6	25.2	24.3	18.6	15.9	13.6	11.2	58.4	188.2	7.7	8.2	0.8	0.8	2.2	25.2	2.1	57.6	100.4
284	12.3	11.5	14.1	16.1	19.1	26.6	27.7	25.8	23.8	19.3	15.9	11.1	5.6	84	115.2	16.3	43.4	7.8	6.3	24.8	5.4	34.6	24.9	42
285	10.7	12.7	14.9	17.4	21.4	23.8	28.9	26.8	26.3	20	17.1	13.4	7.1	63.6	3.2	54.2	1.3	0	4.6	14.8	32.1	26.4	41.1	33.8
286	11.3	12	15.1	15.5	20	22.1	25.7	29.2	24.8	19	17.3	14.8	34.2	53.7	1.3	26.5	71.3	1.9	5.8	0	11	10	61.2	38.9
287	12.6	11.7	14.1	16	20.8	24.3	28.1	28.4	22.8	20	16.8	14.1	58.6	54.4	80.4	34.6	17.6	5.3	0	0.6	17.3	61.1	89.7	70.2
288	10.8	10.8	13.6	15.7	16.7	22.8	26.1	26.9	24.4	19.5	16.5	12.5	59.3	229.2	34.7	6.6	22.3	8.6	0	0	13.6	5.8	73.7	57.1
289	10.9	12.3	14.3	16.2	19.9	22.2	26.5	26.9	23.9	19.5	16	14.4	17.7	14.3	51.8	48.1	15.1	2.7	0	0.3	51.4	15.2	15.5	42.1
290	11.7	12.9	13.1	17.7	19.8	23.7	29.2	26.3	25.6	20.5	17.8	12.9	42.9	37.5	25	27.8	32	9.9	0.4	19.1	9.6	33.4	48.8	17.3
291	11.5	13.5	13.1	16.9	19.4	23.4	25.8	26.3	24.3	22	15.4	13.4	47.7	222.1	43.4	28.5	53.1	6.4	0.9	0.6	46.7	18	79.7	7.1
292	12.9	12.6	15.3	15.2	20.1	24.2	26.7	28.1	23.6	19.4	16.7	14.4	132.6	63.9	0.3	8.6	15.7	0.1	5.8	4.4	14.1	76.8	2.7	104.2
293	13.3	14.7	13.6	18.2	19.3	23.8	27.9	25.5	24.7	19.9	17	13.9	73.7	2.6	83.4	18.2	14.7	23.3	7.2	11.3	11.4	38.7	28	72.6
294	10.7	11.6	15	15.6	20.5	24.1	28.5	26.4	24.3	18.8	17.3	12.4	93.7	48.1	19.6	16.9	10.8	3.7	0	3.1	23.2	81.2	27.5	113.6
295	11.9	12.2	15.1	15.8	16.3	22.4	24.8	27.7	24	19.2	14.1	11.3	25.9	54.4	83.4	167.1	16.5	2.2	0.9	0.1	32.5	29.4	143.5	137.6
296	14.6	10.1	14.6	18.6	19.3	26	27.5	28.8	25.5	19.6	16.6	14.8	49.4	124.4	110.4	36.9	28.3	15.1	0.1	16	31.3	15.3	140.9	40.9
297	11.1	13.1	12.8	14.9	21	22.6	25.4	27.6	24.1	20.3	16.2	13.1	19.7	68.4	8.4	222.5	21.3	10.3	0.1	19.6	43.1	98.1	78.3	52
298	12.5	11.5	13.4	17.1	20.2	25.6	26.1	26.5	23.8	21.7	17.4	11	26.7	252.4	19.7	10.3	2	4.1	0.6	8.9	3.6	140	110.3	194.2
299	10.8	12.1	13.4	15.1	21.3	23.4	27.9	24.4	22.1	18.2	14.9	11.3	34.2	18.9	58.5	11.9	13.2	19.1	0	3.7	25	37.9	38.7	110.1
300	12.1	14.1	14	18.2	20	24.4	26.8	27	24.5	20.8	16	12.5	8.5	10.2	26.1	5.6	2.8	1	4.1	3.5	66.3	56	36.7	85.3
301	10.7	11.8	14.4	16.4	21.1	24	26	27.1	23.3	19.4	16.1	13.2	27	174	101.3	26.2	21.1	2.4	10.6	1.1	25.3	21.5	211.7	53.9
302	12.6	11	14	16.9	20.4	24.2	28.7	27.7	24	19.6	16.6	11.1	17.4	70.4	23.7	225	25.2	34.9	6.8	14.5	5.3	40.3	32.1	60.5
303	11.4	12.5	14.3	16.1	20.2	24.8	26.3	27.4	23.7	20.1	16.2	14.7	21.3	34.2	24.2	21.2	19.4	7.3	0.1	0.7	60.9	83.9	34.1	32.6
304	11.6	12.7	11.3	16.3	18.9	25.6	28.3	25.3	23.8	19.2	15.8	13	79.3	3.1	112.1	59.9	25.4	17.6	0	17.4	17.2	43.3	58.6	54.4
305	11.8	13.7	13.2	15.2	22	23.1	28.9	26.9	22.3	19.1	18.6	13	17.4	48.8	58.5	3.4	13	18	7.4	2.8	3	17.5	17.1	15.4
306	10.6	10.7	12.5	14.3	19.6	23.1	27.8	26.6	23.1	21.2	15	15.7	36.7	39.7	49.4	29.4	38.4	17	5.3	0.6	9.9	23.9	33.3	15.1
307	11.8	11.2	14.6	16.2	20	24.1	26.2	26.2	23.2	20.7	16	12.3	40.5	149.9	32.2	12.2	13.1	3.1	14.9	1.1	68.5	46.4	33.7	10.5
308	12.4	12.5	11.3	16.6	19.9	25.4	28.2	27	26.2	22.6	15.2	14.3	30.5	90.9	180	41.7	26.6	0	0.1	1	19.7	79.2	48.7	75.3
309	11.5	12.2	12.8	15.1	20	24	25.2	26.7	24.4	21.9	16.5	12.8	12	68.5	82.9	8	35.5	26.6	2.1	4.7	16.6	252	171.2	50.2
310	12.9	10.4	15.1	14.6	19.9	22.2	27.8	25	23.6	22	16.3	14.1	74.9	15.6	44.7	32.1	3.1	22	5.2	2.9	17.7	7.3	40.4	133.1
311	13.5	12.9	15	15.2	21.2	25.1	27.9	26.8	26.1	17.9	16.8	12.5	49.6	51.5	12.4	41.7	23.3	45	2.2	0.4	16.5	41	12.4	96.2
312	12.2	13.6	12.9	14	22.1	23	27.9	29.4	25.3	21.1	17.2	12.1	105	32.3	87.5	15.8	2.6	5.9	0	1	16.6	4.9	102.5	73.2
313	11.7	13.9	12.9	17.4	17.8	24.9	28.2	28.9	23.4	19.6	15.4	13.9	102.7	73.1	80	42.7	72.6	4.8	0	11.6	12.6	19.7	25.5	101.5
314	12.4	13.3	13.2	14.7	18.1	23.9	23	24.8	22.5	20.1	15.4	14.3	43.9	38.6	115.9	87.3	37.6	13.6	1.2	3.7	19.7	38	143.2	47.5
315	10.1	11.2	11.7	18.7	21.2	23.5	26.5	25.4	24.1	20	16.7	11.6	44.1	113	93.4	86.2	33.4	2	0	36.2	13.6	39.3	47	58.7
316	14	12.3	13.8	15.5	20.1	24.1	25	25.3	24.9	20.8	15.6	13.3	36.1	66.5	89.1	33.4	13.2	0.9	1.3	5.2	7.2	27.1	135.7	21.7
317	12.5	11.5	14.4	15.9	20	23	30.1	26.1	24.8	18.4	16.9	12.5	22.1	124.8	21.9	86.4	0.9	25.3	2.7	1.7	39.3	72.8	58.8	125.9
318	10.1	8.4	13.1	14.8	18	23.5	27.4	28.9	24.4	20	15.7	12.8	70.4	139.7	83.9	120.3	27.8	46.8	0.1	0	5.5	14.3	44	36.3
319	13.7	12.8	14.6	15	21.1	24.4	22.7	25.3	23.6	20	16.2	14.2	65.6	143.8	34	37.7	42.2	1.9	1.9	0.4	16.2	19.3	98	56.5
320	10.7	12.3	12.7	15.9	21	24.8	25.8	25.7	22.9	20.9	15.1	13.8	14.2	7.6	54.5	49	8.1	5.1	0	0.4	91.6	31.6	32.6	67.6
321	11.8	12.5	12.9	15.5	21.2	22.8	27	24.2	26.5	20.4	15.7	13.6	2.4	96	178.6	13.9	20.5	10.9	0.4	0	3.1	3.6	91	50.8
322	8.4	12.4	12.2	15.9	18.2	22.2	27.1	25.4	25.1	20.2	14.5	15.3	42.3	20.7	46.2	15.6	45.7	50.3	0.6	4.9	50.3	33.3	23.4	66.6
323	13.5	13.1	13.4	16.6	22	23.5	26.2	26.2	26	18.6	14.3	13.4	125.9	8.9	8.9	111	9.4	5.8	0.9	1.2	39.1	48.3	13.1	42.6
324	11.5	12.3	14.1	16.3	22.2	24.6	25.7	25	22.8	22.3	17.1	11.5	51	49	25.2	60.2	1.4	9.8	0.1	6.8	1.1	6.5	83.7	11.7
325	13.9	12.6	14.5	16.4	18.8	24.1	24.5	25	25.4	19.3	15.3	13.9	29.8	65.2	112.2	24.1	32.2	3.5	7.6	3.8	17.3	38.5	7.6	63.4
326	11.2	12	13.6	15.6	20.7	23.4	24.7	30.1	26.2	18.8	15	12.1	22.7	80.4	90.6	25.8	91.8	0.3	3.1	0	16.4	24.2	53.5	41.8
327	11.2	11.5	15.1	16.5	19.3	24	26.6	28.2	25.4	20.7	15.6	12.7	72.3	46	10	46	2.2	29.4	1	9	9.8	131.6	6.3	72.5
328	11.3	11.3	12.9	16.3	20.7	24.3	28.1	27.2	25.3	19.3	15.5	13.9	6.4	34.4	79.8	56.4	10.7	0.7	1.4	0.1	34.4	13.3	226	32.3
329	11.6	14.2	11.7	14.3	17.8	22.9	24.3	26.4	22.2	18.8	15.3	15	27.2	11.4	186.1	37.1	44.7	0.4	2.1	12.4	49.4	10.9	113.6	26
330	10.8	13	15.6	14.7	19.1	23	24.1	24.3	26.2	19.5	14.6	11.5	10.7	63.2	41.6	91.4	0.8	1.3	2.2	12.1	18.5	26	10	118.9
331	11.5	12.4	12.6	16.9	19.5	22.1	27.2	27.3	23.5	23.3	15.4	14.4	97.9	18.4	97.9	66.9	64.6	45	0.1	4.1	62.3	13	77.2	52
332	11.8	7.9	12.8	17	21.1	24.5	25.2	28.6	25.4	16.8	16.1	11.6	21.4	110.6	22.1	34.8	48.9	9.3	0	2.9	28.4	61.3	62.7	44.2
333	10.9	10.7	13.4	14.2	19.9	24.7	28.6	27.5	24.3	20.3	16.8	13.4	32.9	19.5	14.6	45	8.9	1.7	2	5.3	8.7	64.4	58.1	65.5
334	11.1	10.6	14.9	15.1	20.1	23	26.5	27.6	24.5	18.2	17.3	13.7	24.6	73.3	60.2	7.4	8.2	5	2.1	7.7	29	43.3	46.5	52
335	13.6	11.9	14.2	16.6	20.9	23.5	28.5	25.7	21.9	19.9	16.8	13.4	47.5	26.7	59.2	10.5	1.6	21.1	0.7	7.3	22.1	24.3	21.8	50.9
336	10.9	13.7	16.2	15.6	20.7	23.2	27.2	25.8	25.2	19.7	15.3	12.6	12	25.2	4.6	8.9	7.6	24.7	7.8	1.4	16.5	94.4	2.4	68.1
337	12.1	13	14	16.2	18.4	24.5	27.1	27	24.4	19.7	14	13.1	69.3	13.6	11.4	67	186.6	0	1.9	0.2	7.9	12.6	40.9	34.7
338	12.3	11.8	12.9	16.4	19.9	25	29.9	26.3	24.9	19.4	16.6	14.6	10.2	101.4	29.9	57.6	16.9	1.7	2.5	0.2	31.1	66.1	128.5	12.6
339	11.4	10.5	13.8	15.9	18.5	24	26.7	28.1	25.7	18	16.6	12	91.7	162.5	15.6	12.4	18.3	1.3	0	0	6.8	12.8	52.2	101.6
340	11.4	12.3	17.5	17.7	20.5	25.9	27.2	28.2	23.2	20.2	15.3	14.1	46.9	30.2	10.1	10.5	13.3	0	6.3	3.2	59.5	18.6	50.3	20.4
341	10.5	11.7	14.1	15.2	20.9	22.7	26.5	27.1	22.4	23.5	15.8	11.7	18.1	23.9	19.1	52.8	24.8	2.8	0	0	15.9	30.5	95.7	70.8
342	10.7	12.2	14.8	15.1	18.7	25.2	23.6	26.7	24.8	18.1	14.7	14.3	102.3	66.2	41	9	49.6	0.5	0.6	6	36.2	96.7	57.4	44.2
343	12.3	12.7	13.3	16.3	22.1	23.9	26.7	29.3	24	18.2	14.8	13	94.8	15.6	15	19.4	13.2	11.2	2.1	0	7.6	7.5	46.2	49.2
344	11.3	14.4	14.1	16.1	20.8	23.7	30.3	28.3	24	18.2	15.6	14.4	42.9	22.7	56.6	53.7	0.5	8.2	17.2	0	60.7	37.9	19.4	94.4
345	10.1	12.3	14.3	14.9	20	24.1	25.1	26.6	24.7	20.9	17.4	13	7.7	114.7	4.8	27	32.6	1.3	8.7	0	22	36.2	10.6	70.8
346	13	12	14.4	16.8	21.2	23.9	25.6	27.4	24.2	21.1	15.9	13.5	2.3	106.3	28.4	11.3	25.2	7.6	0	4.7	8.6	27.1	69.4	64.7
347	12.7	12.5	14.6	16.7	21.1	22.7	27.3	25.4	25.1	19.4	16.3	12.2	26.5	104.7	38.6	63.4	17.2	5.8	0.4	12.2	8.1	32.9	41	30
348	12.7	13.3	14.8	17.4	18.6	25.4	27.2	29.8	23.5	20.3	16.3	13.7	18.7	12.9	46.1	2.5	23.2	1.7	3.9	0.1	6.9	8.4	23.2	59.5
349	11.3	12.9	13.9	15.4	16.5	25.1	25.7	25.9	24.8	19.4	16.1	13.6	41.9	11.9	46.7	18.8	107.5	0.3	0.1	0.9	89.8	65.4	76.3	17.5
350	9.6	11.7	13.3	15.4	20	24.2	26.6	25.5	22.8	20.9	18	11.2	39.2	99.5	123.3	31.8	12.9	0.5	0.1	4	0.7	35.3	84.5	54.6
351	11.2	11.3	12.1	15.4	19	21.7	26.1	26.6	24	20.7	15.6	12.9	19.9	224.5	70.1	39.3	0.5	8	6.1	2.7	6.5	77.7	12.1	48.2
352	12.2	12.4	13.4	15.9	19.4	22.9	28	26.5	26.1	21.3	15.4	12.7	67.8	87.5	30.9	36.9	156	20.2	2.1	1.3	51.2	15	17.6	18.5
353	11.9	12.8	14.1	16.4	19	23.7	25.2	26.2	25.2	19.9	16	12.5	25.3	34.2	34.3	17.9	6.3	3.3	0.4	0.4	7.8	41.4	57.9	28.9
354	11.5	11.6	15.4	14.9	19.1	25.5	26.4	26	24.8	22	14.7	14.5	54.3	86.6	31.7	110.5	68	15	1.3	4.6	140	10.3	54.5	21.8
355	11.5	10.2	13.3	15.7	18.7	23.1	23.6	26.7	22.9	19.1	15.3	13.6	28.2	140.9	53.3	46	113.4	0	0	0.6	14.5	21.8	66.4	124.4
356	10.2	11.6	12.1	15.5	21.5	23	26.4	28.2	24.6	20.3	16.5	12.4	2	61.1	95.1	203.9	1.9	2.2	0	0.5	9.2	14.9	47.4	47.2
357	12.7	10.6	13.9	15.6	20.1	22.7	25.6	28.2	24.8	20.9	15.1	12.7	14.9	60.8	31.6	29.8	27.7	13.3	0	0.2	43.9	39.3	12.5	91.5
358	10	13.7	14.6	16.4	19	24.1	24.7	27.2	23.6	18.8	15	12.6	30.7	33.3	31.9	41.2	37.3	0.5	1.6	0.1	43.5	58.8	42.8	36.3
359	10.9	14.9	12.7	15.3	20.4	24.3	25.7	29	23.8	20.5	15.9	12.8	46.9	71.9	18.8	97.2	13.6	15.1	5.8	15.5	23.5	12.9	38.8	60.9
360	11.2	14.8	14.2	14.8	21	23.9	28.2	25.4	24.9	20	18.1	15	15.5	5	1.1	34.7	81.3	12.3	5.3	15.1	2.9	9.9	139.3	31.3
361	11.4	11.4	14.7	15.3	20.2	23.1	28	28	21.8	20.7	14.9	14.3	46.7	120.5	20.7	10.2	26.4	8.5	1.8	0.3	1.8	60.7	37.1	19.6
362	11.8	12.2	15.2	17.5	17.3	23.9	25.4	26	24.9	20.1	16.6	10.4	19.9	64.2	45	48.6	62.5	42.4	0	20.3	41.8	55.9	130.1	79.9
363	10.8	12.3	13.8	17.2	18.7	22.1	27.8	27.4	23.3	19.6	17.5	14.3	121.6	134.7	47.7	1.7	55.2	47.3	4.4	12.9	25.8	22.4	70.8	59.9
364	12.1	14.1	14.5	16.7	20	26.1	22.5	27.9	25.6	20.7	15.9	13.4	34.9	50.1	31.4	45.4	32.8	1	0	0.4	10.2	38.8	131.6	57
365	12	13	13.4	16.2	19.4	24.7	27.9	26	22.5	19.7	16.3	12.9	21.4	41.2	78.5	12	63.7	0.6	0.8	5.6	4.8	4.1	70.3	20.6
366	12.1	12.5	14.4	16.3	18	25.1	25.7	26.4	23.7	18.4	15.7	12.1	38.7	54.1	2.2	22.2	59.8	0.2	0.2	0	22.3	19.4	22.6	64.8
367	8.9	13.8	13.7	15.7	19.3	26.6	28.6	27.8	21.5	20.3	16.4	12.8	13	31	79.6	161.3	3	8.2	0.5	0	58.4	48.7	64.2	121.2
368	13.8	12.2	15.7	16.5	18.7	22.2	23.8	26.5	25.3	20.5	17.4	13.8	57.4	97.6	4.6	36.9	30.3	47.9	0	15.2	32.5	19.3	67.9	84.1
369	11.7	12.2	14.2	15.3	19.6	26.9	25.7	27.2	23.5	17.4	16.4	12.3	21.8	13.9	64.1	15	6.7	0.7	0.6	0.1	3.1	20.4	82.7	81.5
370	13	13.4	13.7	15.5	21.3	22	26.8	26.5	22.3	19.7	15.5	12.9	95.4	53.9	17.3	47.6	15.1	25.4	1.1	0.5	7.9	130.3	42.1	18.8
371	13.4	11.1	13.4	15.1	20	24.7	23.8	27.8	24.5	19	15	10.3	104.9	83.7	67.7	158.8	39.4	0.6	0.3	2.5	13.9	36.7	54.7	55.2
372	11.5	11.7	16	15.9	19.2	22.4	27.1	26.5	25.7	18.7	16.4	12.7	101	50.8	65.7	19.6	14.4	4.6	1.6	8.9	68.1	56.4	42.7	52.2
373	11.2	11.1	15.4	16.8	18.9	23.6	28.2	25.1	24.1	20.6	14.5	12.9	10.4	66.3	9.3	192.8	16	1.2	0.2	7.9	6.7	11	84.7	34.6
374	10.4	12.9	14.6	15.6	19.1	24	24.9	26.9	24.7	18.4	15.1	11.6	39.5	4.3	12.3	32.8	2.8	45.2	0.7	0	69.3	14.9	95.8	78.4
375	13	11.9	15.8	13.3	20.4	25.6	25.1	27	26.1	20.9	15.2	13.2	145.6	125.5	18.5	47.4	9.7	2.2	0.3	51.1	66.7	21.7	109.9	61.4
376	11.8	12.2	15.8	15.5	17.4	22.8	26.2	27.5	23.1	20.4	16.9	11.5	24.5	21.5	19.1	23	30.7	12.8	0.6	43	47.1	2.1	58.4	8.5
377	11.2	8.7	13.5	17.7	22.3	22.6	27.4	27	23.8	21	17.5	13	5.7	51.7	9.3	74.8	6.8	4.7	6.1	16.4	4.6	50.9	148.5	153.9
378	12.5	13.3	12.9	15.7	19.6	23	25.5	26.6	24.4	19.3	15.9	14.6	58	3.7	33.7	41.2	101.3	27.8	0	0	22.2	24.1	68.6	63.7
379	12	11.9	11.8	15.4	19.1	24.9	25.7	27.2	23.7	21.4	15.4	13.6	99.1	98.9	15.9	61.2	108.8	3.2	8.3	2.5	27.4	10.9	82	70.2
380	11.1	13.7	13.4	15.4	19.4	22.9	25.9	26.2	23.4	19.7	15.2	13.1	50	2.4	53.5	71	44.9	1.2	0.1	5.4	20.3	84.3	157.1	36.7
381	9.1	14.2	12	15.2	20.1	21.1	25.1	26.6	24.1	21.4	17.2	12.4	42	34.2	58.7	46.1	13.6	41.9	0.1	0.8	24.8	47.6	17	18.8
382	11.7	13.1	13.2	16.6	20.8	23	25.2	28.7	24	20.1	18.3	13.3	33.1	17.5	4.6	40.1	53.8	7.3	1.9	0	61.6	30.5	5.2	12.4
383	11.8	12	14.2	15.1	19.7	22.7	26.7	26.9	23.3	19.8	14.1	13.3	26.7	7.9	54.6	16.2	40.9	7.9	9.8	0	6.8	26.6	115	20.5
384	10.4	13.3	13.8	15.8	20.4	24.8	27.4	27.9	21.6	19.7	18.2	13.3	88.7	18.5	39.8	14.7	76.3	18.2	0	12.8	49.8	1.7	37.5	12.6
385	13.3	11.3	14.6	15.5	22.8	23.4	24.6	25.5	23.6	21.2	16.6	12.7	53	60.2	39.6	26.1	28.1	15	0.1	0.1	6.5	32.5	31.5	20.6
386	11.3	11.3	13.4	15.7	19.9	25	27.4	27.9	25.7	21.2	16.7	12.5	211.8	37.2	7.6	9	23.7	13.1	6.4	0.4	55.9	28.8	24.5	52.5
387	12.2	11.8	14.5	15.2	19.5	24.5	26.2	27.7	22.5	21.7	14	13.5	36.5	28.4	41	75.6	20	8.5	0.3	0.5	25	11.5	114.5	12.6
388	11.7	7.5	13.5	17.1	17.8	24.7	27	27.8	25.2	20.5	17	12.2	46.2	214.6	28.1	15.4	93.2	0.1	10.1	0	21.7	24.5	82.7	20.4
389	11	13	12.6	15.3	17.8	23.7	27.4	28.1	24	18.7	16.2	15.3	19.4	81.4	39.1	61.8	55.7	5.6	1.8	2.4	38.8	27.6	43.6	85.7
390	12.3	12	13.9	15.5	20.2	22.5	22.8	25.4	25.4	20.3	15.1	13	20.4	106.8	15.8	40.3	16.7	16.8	0.8	20.7	7	15	90.7	10.2
391	11	12.1	12.7	14.4	19.7	20.7	27.7	26.5	24.7	18.7	17.8	13.3	21.3	39.1	34.9	25.4	26.3	0.7	0.1	0	6.2	22.7	22.3	76.1
392	10.3	11.8	13.8	17.2	18.1	23.4	25.2	27.1	23.6	20.4	14.9	10.4	35.9	26.5	37	160.9	35.5	4.3	0.7	0.4	36.7	47.8	24	63.6
393	12.1	12.2	14	14.8	19	24.3	27.2	25.3	23.9	19.3	17.3	13	43.7	23.1	62.4	79.8	14.2	3.1	13.8	9.3	0.3	1.5	80.2	80.5
394	10.4	13.3	13.1	14.7	20.5	24.9	26.8	27.1	23.8	21.2	17.2	13.8	50.4	24.4	24.5	40.2	37.4	0.3	0	0.2	3.4	22.5	43.3	3
395	10.3	10.8	14.5	15.7	19.6	24.8	27.6	26.5	23.3	21.3	16.9	12.1	5.2	44.7	24.1	17.8	30.7	10.2	2.6	1.7	27.2	34	17.7	44.5
396	11.2	10.6	13.7	16.8	16.7	24.1	26.6	26.9	23.2	18.6	15.5	14.1	46.3	76.4	31.4	31.9	75.7	0.4	0.3	0.2	2.5	21.8	68.3	119.5
397	11.1	14.8	13.2	16.5	22.7	21.9	26.5	24.9	23.1	20.9	15.7	11.6	27.9	0.7	43	96.2	2.4	1.2	3.5	7.3	20.4	56.8	108.2	27.6
398	10.8	11.1	11.7	16.9	22	24.9	25.3	25.5	24.8	19.6	16	11.3	17.1	72.9	33.7	24.5	18.2	2.3	0	13.3	82.1	35	19.8	100.2
399	12.1	11.8	13	14.6	21.3	23	26.1	28.1	24	18.5	16	13	15.7	28.3	29.5	31	57.7	27.4	0.1	4.3	4	18.8	31.1	28.5
400	10.7	13.4	15.2	16.1	19.4	21.2	25.2	27.1	24.5	21.3	16.9	11.7	18.9	9.7	5.6	90.2	39.4	3.6	0	2.5	1.2	16	8.3	101.9
401	11	12.8	11.8	16.8	20.6	24.9	26	29.4	24.6	19.5	16.2	12	15.2	21.8	88.8	149	2.2	11.7	0.1	0	85.7	87.7	88	37.2
402	11.7	12.2	14.4	15.8	21.4	24.3	26.6	27	25.3	20.7	13.3	13.8	151.3	56.1	58.8	14.4	14.4	0.7	1.2	0	63.7	13.3	48.8	63.1
403	14.3	10.1	13.7	16.5	18.6	23.1	27.2	28.8	23.7	17.3	15.4	13.4	23.3	67.6	14	18.4	34.3	7.5	3	4	42.6	45.4	81.9	26
404	11.8	10.3	11.9	15.9	20.3	24.7	29.3	29.7	25.4	19.7	15.4	12.2	103.5	103.9	90.6	35.4	15.9	9.7	1.1	8.4	12	36.8	94.3	58
405	11.3	11.5	11.7	15.5	18.9	22.5	26.9	26.6	24.1	21.6	16	11.4	17.4	49.6	19.4	87.2	239.4	4.8	0	0.1	19.1	102.9	89.9	44.3
406	9.4	15.2	14.5	15.7	19	22.4	24.7	25	23.6	21.5	15.7	12.1	49.6	4.6	46.4	33.9	23.6	6.5	1	0.1	3.8	20.4	95.4	89.9
407	12.1	10.4	16.3	16.1	18.7	22.9	26.4	27.5	24.8	21.8	15.8	13.7	59.6	94.5	47.8	35.5	15.3	2.8	0.6	7.3	14	16.6	93.8	32.7
408	11.8	8.7	13.8	16	23	24.6	26.8	26.8	23.9	20.7	17.3	12	40.8	192.5	58.1	40.7	4.6	1.7	0.1	6	58.5	134.7	33.6	28.8
409	13.1	14.2	12.1	17.1	20.6	25.7	26.3	25	25.8	18.9	16	14.2	33.3	15.5	16.6	19.1	18.5	1	0.4	1.8	6.9	23	67	54.5
410	11.7	11.3	14	15.3	18.3	25.4	28.9	27.8	24.9	19.4	15.2	13.7	51.7	262.2	20.9	106.1	11.9	0.8	6.6	8.4	43.6	37.9	32.4	113.1
411	10.1	12.2	13.9	15.8	19.9	21.6	24.8	27.5	24.1	20.4	14.7	13.2	20.8	35.7	56.5	112.4	112.7	10.2	3.2	1	2.5	90.8	153.5	105.5
412	10.6	13.3	13.6	14.3	19	24.7	27.9	25.8	23.5	19.3	15	14	13.9	19	107.4	48.5	50.3	2.4	0	6	19.7	114.9	58.9	52.3
413	13.4	12.3	13.7	16.3	19.3	23	25.9	24.8	22.4	21.1	15.7	13.4	10.9	114.9	0.7	64.7	35.1	42.4	0.1	14.2	3.2	106.7	125.3	87
414	12.2	11.7	14	16.3	17.7	21.8	24.6	27.6	23.5	19	14.5	11.2	22.9	18.8	14.7	196.9	42.4	10.8	0	0.1	55.2	14.1	78.9	58.5
415	12.5	12.8	13.5	15.3	20.5	24.1	25	25.7	23.3	21	15.4	13.1	47.9	30.9	93.3	88	5.6	3.1	0.1	0.1	19	130.9	120.9	40.3
416	8.8	11.5	13.5	15.7	20	23.7	27	28.8	24.1	22.5	14.8	11.5	33.5	67.1	6.4	67.5	19.8	23.6	0.4	0.4	1.9	30.2	70.6	26.1
417	12.2	11.4	15.3	14	19.6	25.8	27.9	27.9	22.9	20.9	17.4	11.5	125.7	37.6	3.5	134.5	45.4	9.6	0	0.1	8.9	60.4	41.5	41.8
418	11.8	10.9	14	15.7	18	23.9	26.1	25.8	24.2	19.7	15.9	13.5	20.7	231.6	51.9	94	39.1	3	3.1	0.9	26.3	12	50.6	36.9
419	10.7	13.8	13.3	17.1	21.1	24	25.6	26.7	24.4	20.4	15.2	14.6	65.8	8.2	62.3	61.5	35.8	10.7	0.4	0.4	26.4	81.9	88	69.4
420	9.9	11.4	13.3	16.2	17.8	27.1	28	26.5	23.7	21.2	13.8	12.1	19.1	85.5	3.8	16	58.9	5.8	0.3	23.1	28.4	82	49.6	41.4
421	12.7	12.6	13	17	19.7	23.4	30.2	26.7	23.6	20.3	14.2	13.2	49.5	24.8	17.4	81.1	16.4	10.1	0.1	1.1	41.4	80.2	58	34.5
422	11.8	14.1	15.1	16.3	18.8	23.1	27.6	26.7	23.6	22	14	11.6	40.6	32.7	24.3	40	18.6	44.6	3.7	1.7	16.9	19.5	15	40.8
423	12.1	9.5	14.7	14.6	19.4	23.5	25.7	26.4	24.5	22.2	14.2	11.6	97.7	159.6	32.3	98.4	43.1	0.7	0	0	18.2	20.7	20.9	9.5
424	10.5	11.1	14.9	14.9	21.1	23.3	25.2	27.1	25.3	21.4	16.8	14	52.6	50.2	8.4	60.5	8.7	1.3	0	0.7	13.9	72.7	13.1	64.8
425	13	14.1	13.4	16.1	21.1	26.6	27.2	25.8	22.1	21.2	16.9	12.6	21.7	11.4	41.5	56.4	2.4	1	2.7	8	5.2	38.5	8.3	153.4
426	11	13.3	13.3	16.6	17.9	23.9	26.6	27.5	24.2	21	16.5	13	34.8	66.2	53.7	36.5	36.7	0.8	1.1	12	26.9	95.9	71.2	44.7
427	10.8	12.4	15.3	14.8	21.3	23.3	23.4	25.7	26.1	20	15.9	10.8	38.2	19.9	22.2	112.5	8.4	2.6	10.9	4.4	5.4	26.4	125.3	122.8
428	11.7	14.7	13.4	15.5	20.6	24.5	25.3	26.1	24.1	22.9	17.1	13.1	12.3	65.5	69.8	28.8	15.8	24	0.2	28	18.7	56.3	48.2	28.3
429	12.6	14.7	15	15.9	19.9	22.6	26.1	25.7	25.5	19.6	16.3	13.2	54.5	1	20.8	48.4	10.8	0.8	8	28.6	3.2	84.3	25.8	10.2
430	12.8	14.1	12.2	17.4	22.1	24.5	26.6	26.8	22.9	19.7	16.7	13.4	105.8	25.2	78.7	22.3	1.4	29.3	1.1	13.1	126.5	5.7	11.1	29
431	11.5	13.4	14.9	16.4	19.8	24	27.2	26.2	24.4	20.4	15.1	10	58.3	36.5	47.2	18.5	29	8.7	4.3	1.2	6.6	149.3	81.9	16
432	10.4	10.2	12.7	12.4	19.8	25.2	27.4	29.7	24.8	20.2	15.5	12.7	41.3	51.4	32.6	82.9	61.8	9.5	2.6	12.1	42	55.7	85.5	54.2
433	11.3	12.9	13.1	16.7	21.5	25.6	28.6	26.8	25.1	19.2	16.5	14.9	13.3	30.8	102.2	116	3.7	2.6	0.2	1.6	18.1	26.3	35	36.7
434	13	11.5	13	16.5	17.2	21.6	25.6	26.1	22.5	17.9	16.3	13.2	20.5	54.3	78.6	13.3	19.5	23.9	7.4	0.3	0.5	24.9	94.6	5.3
435	9.1	11.2	14.3	15.9	19.2	22.7	27.4	28.1	23.2	20	17.4	13.4	27.4	52.4	30.5	49.3	41	7.3	0.5	1.3	7.9	106.7	47.8	38.6
436	9.8	12.5	13.5	16	18.8	25	28	29.2	23.1	20.9	17	12.6	39.6	37.5	21.2	33.7	5.8	0	0	0	13.2	127.4	159.9	36.6
437	10.2	10.6	12.6	17.1	18.5	21.3	24.4	26.1	25.3	19.4	17.2	14.2	22.4	43.9	65.1	25.6	44.7	0.2	0.1	0	13	52.2	50.8	173
438	11.6	12.3	14.7	16.5	18	25	25.9	26.7	26.1	21.3	14.7	10.7	6	58.4	59.3	97.7	7.1	3.7	1	6.8	50.4	70.8	9.8	46.2
439	11.7	13	13.7	15.2	19.7	23.2	25.4	27	22.9	20.3	15.8	14.1	22.9	26	24.3	36.2	58.3	12.7	4.1	4.9	0.2	12.9	10.3	62.8
440	9.7	13.9	12.7	14.7	19.7	24.9	25.2	26.5	24.5	20.2	16.5	12.6	32.4	61.7	70	62	30.9	12.4	0.3	7.6	122.6	106.7	16.2	37.9
441	11.7	13.8	14.1	15.3	18.7	24.9	26.8	24.7	23.1	22.8	16.2	10.2	2.6	67.6	40.8	154.3	41.1	1.9	1.4	5.1	32.6	14.8	38.2	73
442	12.3	12.9	15.7	16.8	19.1	24	25.9	28	24	20.2	17.1	12.7	118.8	122.8	10.1	52.1	36.9	7.5	5.4	13.9	37.6	25.6	168.9	96.5
443	12	14.3	15	15.3	19.7	23.5	26.8	26.7	25.1	20.3	17	12	6.9	29.5	11.7	80.1	58.3	3.1	0	5.3	14.7	23.5	41	78.3
444	11.8	14	13.4	15.4	17.9	21.7	28.1	29.1	22.9	22.8	15.7	13	14.5	22.2	9.7	33.6	86.4	11.9	3.9	0	46.5	9.1	98.8	142.5
445	10.6	12.6	12.4	14.5	19.9	23.3	27.4	23.8	25.1	17.2	15.7	12	69.7	66.8	110.4	44.1	9	0.9	0.8	0.1	2.8	17.9	16.1	28.5
446	11.5	12.7	14.3	16.4	20.2	22	26.7	28.3	23.3	21.7	15.8	12.3	58.4	13.2	14.2	4.4	10.2	4.7	1.5	0	6.2	69.4	66.7	22.5
447	11.4	9.3	12.3	15.6	18	22.8	24.3	28.5	21.3	21.3	17.5	10.2	144.5	109.9	28.4	61.5	49.5	1.3	0.1	0	38.5	11.1	27.4	99.7
448	10.2	12.4	13.7	14.9	22.8	21.8	26.6	29.5	24.5	21.1	17.4	10.7	57.3	48.2	41.2	12.2	25.2	40.7	0	1.2	48.7	36.7	92.9	79.6
449	13.2	12.4	15.2	16.6	18.5	22.4	25.9	29.2	23.6	19.3	14.9	11.3	59.3	31.7	12.2	35.6	3.4	68.2	0.7	1	29.2	59.1	86.8	75.1
450	12.4	12.4	14.6	16.9	20.9	25.4	24.9	25.4	24.7	19.9	15.5	12.3	99.3	19.6	56.6	65.8	0.5	7.7	0	0	1.1	6.2	53.8	59.4