#header info#																								
39.25	#latitude; used for cacluating drought index in model bugmann#																							
5	#meter a.s.l. of climate station#																							
																								
#temperature lapse rate with increasing altitude: #																								
-0.61	-0.64	-0.58	-0.6	-0.53	-0.44	-0.4	-0.48	-0.57	-0.53	-0.63	-0.64													
																								
#precipitation lapse rate with increasing altitude: #																								
8.19	6.74	6.91	6.83	3.78	1.68	0.99	1.28	3.95	6.34	8.8	11.12													
																								
100	#meter: corrections (see above) every x meter. #																							
																								
#	mean monthly temperature (°C) total monthly precipitation (mm) #																							
#year	jan.T	feb.T	mar.T	apr.T	may.T	jun.T	jul.T	aug.T	sep.T	oct.T	nov.T	dec.T	jan.P	feb.P	mar.P	apr.P	may.P	jun.P	jul.P	aug.P	sep.P	oct.P	nov.P	dec.P#
1	9.1	11.9	11.7	15	17.5	22.1	24.5	25.1	21.1	18.9	13.9	11.2	49.9	102.3	41.4	139.3	20.2	2.7	1.1	8.7	109.7	1.7	85.7	28
2	9.3	9.8	12.9	15	17.2	23.9	26.7	25.6	22.4	17.6	14.5	9.8	51	13.9	61.3	61.6	6.3	8.7	15.4	4.8	7.7	72.9	71.3	60.8
3	10.2	10.8	11.9	13.8	18.2	22.8	24.3	25.4	22.8	20.2	13.5	9.4	61.7	32.6	4.6	12.5	48.3	2.9	0.1	4.8	66.3	39.8	73.2	26.5
4	11.4	12.2	12.1	14.8	17	21.4	26.5	25.7	23.8	17.1	13.2	11	12.6	17.9	113.7	36.3	15.3	21.1	0	38.2	8.3	74	44.3	21.2
5	10.4	8	10.8	12.4	17.3	23.1	26.1	25.3	23.5	18.6	12.5	10.5	58.8	92.6	56.7	114.6	11	6.3	1.1	1.5	74.1	27.6	33.7	52.8
6	11.3	11.7	12.9	13.2	18.9	22.7	25.8	25.7	21.4	18.1	13.6	11.1	71	83.2	32.7	110	3.6	9.4	3.1	0.2	79.8	38.9	194.6	71.3
7	10.5	8.7	12	13.3	17.1	21.3	24.2	24.7	22.1	18.5	15.8	12.3	68	25.9	110.7	34.5	1.7	1.2	0.5	3.6	68.4	10.8	42	13.9
8	9.9	8.8	13.2	14.9	19.5	22.9	25.9	24.4	22.9	19.5	14.5	12.9	43.4	18.4	66	23	29	0.9	11	12.1	12.5	35	31.9	46.7
9	12.1	8.9	11.6	14.5	20.9	19.5	24.4	27.2	22.6	19.4	16	10.9	31	35.7	26.8	8.3	0.1	5.3	0.7	0.3	2.7	162.2	69.3	20.4
10	9.7	10.7	13.8	13.9	20.4	21	23.3	28.6	23.4	19.1	13.2	11.3	31.9	81.9	58.8	15	20.1	1.8	2.5	0	37.8	0.7	48.2	100.7
11	12.8	9.9	10.1	15.2	18.5	20.9	27	27.1	22.4	20.9	13.8	10.9	19.5	142.6	33.1	51.7	10.6	14.1	1	0.3	20.7	24.2	33.1	51.1
12	9.6	8.5	13	15.2	18.1	23.7	24	25.3	23.4	19	16.3	11.5	25.9	81.3	41.1	10.2	13.9	0.7	0.3	3.1	134.6	88.6	60.9	28.9
13	10.9	9.6	9.7	15	17.6	21	22.8	24.5	24.5	17	14.4	9.7	100.5	23.4	35.6	82.5	28.9	8	0.2	26.8	39	9.5	122.5	38.7
14	10.2	11.1	13.3	14.8	19.1	21.8	27.1	24.3	24	18.5	15.1	12	38.4	23.9	11.2	190.1	25.3	12.9	5.4	10.9	41.8	5.2	46	17.4
15	10.5	10.7	13.1	14.7	16.5	19.3	26.9	23.9	23.2	17.3	14.5	10.2	14.7	61.9	10.6	86.8	37.6	6.5	0.6	0.2	121.4	49.8	25.5	52.7
16	9.2	11.8	10.9	14.6	17.2	22.1	25.2	25.4	24.3	18.4	13.4	11.9	47.1	45.7	46.1	13.9	26.5	0.3	1.6	11.8	10.7	7.3	150.6	52.5
17	8.5	10.8	13.3	15	19.8	20.5	24.5	26.5	23	19.4	15.3	12.3	8.9	58.6	4.1	43.1	7.1	39.5	5.2	0.5	3.3	29.9	31.2	44.7
18	10	13	11.4	15.2	21.5	22.5	24	23.1	22.3	19.8	12.6	11.8	65	23.9	53.8	38.7	2.5	21	0.4	20.1	15.6	37.4	51.3	28.3
19	10	8.7	10.2	14.5	17.4	22.3	25.2	26.8	22.8	17.8	16.1	10.3	18.5	84.1	20.6	28.4	36.6	0.7	0.2	0	1.6	33	12.7	61.5
20	9.5	11.6	12.8	13.9	18.6	24	23.9	23.9	23	16.6	15.3	11.5	40.5	20.5	35	47.4	36.7	0	12.2	6.1	25.2	8.1	88.9	15.5
21	9.9	10.1	11.4	15.5	18.9	22.8	27.2	26.9	21.8	17.6	13	10.1	26.1	51.1	66.4	18.8	2.2	2	5.9	10.1	17	127.3	144.2	79.7
22	8	10.7	11.6	14.6	17.8	22	26.2	26.6	20.6	18.5	13.9	9.7	114.1	115.4	21.9	38.5	8.4	9.4	11.3	0.1	30.8	23.4	21	79.6
23	12.3	9.2	13.9	14.8	18.8	22.3	24.8	26	21.6	21.6	13.4	11.7	12.7	40.1	10.1	21.5	9	10.7	0.4	3.1	27.2	148	45.9	201.4
24	9.2	11.7	11.3	13.8	19.7	21.9	25.3	24.1	21.6	17.3	14.4	9.1	28.7	64.7	5.3	42.8	2.1	4.9	2.1	14.7	13	43.3	7.7	66.4
25	9.1	11.8	13.7	12.8	18.2	22.2	23.6	25.9	22	19.2	15.2	12.8	20.6	24.3	16.6	140.9	21.9	0.2	0.3	2.4	42.8	34.3	10.5	20.3
26	9.7	9.5	13.7	15.5	17.1	22.3	25.6	26.3	22.8	19.4	13.3	11	42.4	134	32.5	11.8	39.4	9.6	0	1.6	14.5	38	152.8	32.2
27	11.6	10.9	12.6	14.5	18.2	22.3	23.5	23.5	22.7	18.6	14.7	11.1	28.5	147.9	8.7	19.3	4.4	7.1	1.8	16.7	19.5	9.3	28.1	34.9
28	11.4	9.4	10.6	16.6	17.9	20.7	27.2	23.9	22.1	19.5	14.8	12.5	68.7	270.7	42.6	19.6	37.9	16.6	0.1	2.9	6	19.5	52.4	48.5
29	11.6	12.5	13.8	15.6	19.5	22.3	25.2	25.9	21.8	18.4	15.8	10.8	42.3	11.1	11.4	24.8	2.4	6.2	8.1	4.3	6.4	58.3	131.2	54.5
30	10.5	14	11.5	14.3	17	20.7	25	23.8	22.6	17.4	14.1	12	29	21.2	63.6	54.2	9.2	14.6	0	0	0.1	40.5	64.7	79.4
31	9.7	6.5	11.2	15.6	18.3	23	25.5	25.1	22.1	17.3	14	11.1	72	74.2	45.6	33.7	16.2	7.1	0.5	12.1	3.5	84.4	50.1	149.6
32	10.2	11.2	12.5	13.9	17.8	22	23.9	25.7	21.5	18.8	15.5	11.6	42.3	114.3	24.9	28.6	72	8.9	2.8	3.3	5.9	10.6	69.3	85.4
33	8.7	11.4	12.1	15.4	18.7	21.1	26.2	26	23.2	16.7	15.4	13.7	6.8	33.1	16	7.1	24.3	6.2	4.4	1	11.1	10.4	121.4	23
34	10.5	10.1	11.3	14.9	17.4	22.9	22	24.7	22.6	19.2	14.4	11.5	13.7	27.1	30.8	5.7	34.4	4	24.8	6.3	58.5	72.3	84	24.2
35	9.4	10.8	12.2	13.5	18.3	22.2	21.9	25.8	23.2	18.2	14.4	11.3	51.9	29.3	64.9	11.1	47.6	1.9	0	1.7	0.9	5.8	62.5	63
36	9.9	13	11.5	12.6	18.3	21.7	24.8	26	23.7	19.4	13.7	10.7	58	16.4	40.8	101.3	9.3	10.7	12.5	0.1	0.5	30.3	75.7	73.3
37	9.2	9.9	11.9	14.6	16.6	21.4	26.7	25.8	24.4	18.1	15.6	12.5	82.8	37.5	25.6	18.9	25.2	43.7	0.1	0	11.2	21.1	66.2	28.8
38	11.2	10.3	11.8	15.9	18.6	22.6	25.2	26.4	22.8	18.6	16.5	11.5	6.2	28.8	15.6	61.8	2	4.8	0.9	0	34.1	36	88.1	139.7
39	9	12.1	11.9	13.3	16.3	24.2	27.5	26.4	22.2	16.3	13.3	10.5	47.3	24.7	43.3	5.4	35.4	3.1	1	19.8	21.6	83.3	81.1	23
40	11.1	8.7	13	13.2	16.4	19.7	24.1	24.6	22.7	21.1	14.9	11.9	38.5	41.2	10.8	14.2	6.8	10.7	0	11	14.8	33.9	22.4	41.8
41	9.9	9.2	12	14.9	20.2	23	26.4	27.9	22.2	20.5	12.2	11.2	5.1	88.4	11.4	33.8	8.2	6.4	2.2	0.1	103.9	74	48.3	91.2
42	10.6	11.4	13.1	14.6	15.7	20.2	25.7	25.4	24.6	19.1	14	10.4	72	101.4	46.2	68.3	58.2	9.1	3.4	0.4	37.7	3.2	85.7	89
43	11.3	8.9	12.4	14.6	17.2	25.8	23.7	24.7	21.1	17.4	14.4	10.7	80.3	40.2	24.9	35.9	63.7	0.7	7.6	0.9	38.1	23	66.8	54
44	9.8	11.6	12.4	14.9	19.6	20.2	24.7	24.7	23.8	20.3	15.8	9.7	4.7	10.9	21.1	45	72.9	3.3	7.3	3.3	48	16.6	40.6	1.9
45	9.9	9.7	11.6	15.9	19.2	21.3	26.3	26	21.2	20.4	13.9	12.2	73	67.5	22.6	12.8	18.5	8.6	6.4	0	74.5	43.3	23.4	43.3
46	10.8	12	11.8	13	17.8	21.9	25.6	24.7	22.4	18.9	14.2	13	21.3	31.8	32.4	28	73.7	5	5	0	19.7	2.1	52.4	40.8
47	10.6	9.3	11.7	13.7	17.3	20.3	23.2	26.2	21.7	18.8	14	10.9	51.4	104.2	1.9	58.1	5.4	5.8	2.1	23.3	8.9	16.3	36.7	29.7
48	10	9	13.6	13.3	18.6	23.3	25.3	23.8	23	18.7	15.3	10	47.6	59.3	13.1	47.4	18.6	7.2	2.4	25	33.3	9.2	70.8	16.7
49	11.4	11.7	11.5	13.2	15.4	19.3	25	26.6	22	16.5	13.8	11.8	8.8	52.6	77.3	83.7	51.4	0.2	0.3	1.3	24.1	34.1	126.3	56.6
50	8.4	11.8	12.7	12.5	17.7	20.9	26.5	25.6	22.3	20.3	13.9	11.4	13.8	31.6	79	19.8	41.1	11.6	1.6	5.2	15.4	55.3	41.9	7.7
51	10.1	11.9	12.6	15.1	17.6	24.2	24.7	25.5	22.8	19.6	14.7	12.9	31.8	12.9	37.6	13.7	42	0.2	0	0	25.6	25.2	65.9	88.9
52	9.5	11.9	13.8	13.3	18.7	20.8	26.9	27	23.1	18.2	13.7	13.1	101.1	9.1	3.5	77.5	29.5	5.4	0	0.1	5.9	19.3	18.6	21.7
53	10.7	11.9	11.8	15.6	20.3	20.2	25.9	25.6	23.4	20	15.2	12.8	106.3	45.4	102	62.5	14.5	7.1	3.8	0.2	38.3	43.7	15.6	259.2
54	10	11.4	12.7	15.4	18.9	22.1	23.4	27.7	22.2	18.8	15.2	11.7	3.4	41	12.2	22.6	33.2	1.8	5	40.8	18.3	52.5	222.6	45.9
55	8.9	11.8	13.9	14.9	16.4	23.8	25.7	26.4	23.8	19.5	15.9	10.8	6.1	69.7	3.3	3.9	10.1	2.8	3	0	21.7	62.3	15.7	44.8
56	10.7	10.1	14.2	13.5	16.4	23	25.2	24.9	21.8	17.9	13	9.3	54.9	22	38.3	56.7	159.9	0.6	1.7	0.1	111.4	48.3	67.7	140.6
57	10.3	8.9	14.2	14.9	16	24.6	25.7	26.1	21.7	18.1	14	10.5	2.5	61.2	10	50	45.8	2.8	1.4	0.7	59.7	21.7	79.5	27.1
58	12.4	10.6	11.7	12.6	19	23	26.2	24.7	22.8	19	13.2	13.8	24.7	11.3	49.1	49.8	11.3	2.9	2.3	0	4.6	14	62.5	5.3
59	10.9	10.2	12.8	14	18.6	25.2	25.8	25.3	22.7	19.9	14.5	10.5	49.8	3.7	8.1	70.5	12.1	3	5	1.2	18.9	14.1	99.8	91.1
60	8.2	10.3	13.5	15	18	23.7	24	24.2	23.2	19.9	14.8	10.7	42.1	87.6	43	45.9	19.4	16.6	0	0.2	3.8	21.3	21.6	20.4
61	9.1	10.3	12.3	15	19.5	22	23.4	27.1	22.7	17.1	13.6	11.5	16.1	54	27.1	29.2	50.8	20.7	2.9	0.2	12.8	34.6	35.6	47.7
62	10.5	10.1	12.9	13.5	20.5	20.6	26.1	22.1	22.6	19.9	14.7	11.1	72.7	24.3	5.9	41.6	9.6	8.8	8.4	5.2	13.2	39.2	65.1	42.6
63	10	10.3	12.3	15	17.1	22	22.9	24.7	22.2	20.5	15.6	10.9	28.5	72.4	4.6	41.4	15.1	7.1	0	1.4	0	167.8	34.1	116.3
64	10	9.2	12.6	13.7	16.7	22.3	26	24.1	23.6	19.2	15.1	8.5	7.9	21.9	54.3	34.5	27.1	0.4	3.3	1	56.9	53.7	239	40
65	9.7	10.6	11.8	14.1	18	22.8	24.9	24.7	23.5	18.9	13.8	10.9	37.9	14.6	17.6	16.9	28.4	3	3.7	5	49.6	121.8	105.3	17.1
66	9.4	9.2	12.8	13.3	17.2	23.2	24.2	25.9	22.9	17.7	15.1	12.9	11.8	45.5	2.4	69.5	17.9	6.7	2.5	0	4.1	32.6	8.9	46.1
67	12.8	8	10.9	14.7	17.3	21.4	21.3	25	21.7	20.8	14.5	11.3	92.7	128.9	5.9	77.8	61.5	3.1	0.5	4.9	13.5	54.9	3.1	104.6
68	11.4	9.6	12.1	13.9	20.1	22.5	22	28.1	21.2	18.9	13.5	9.7	82.4	63.3	4.2	48.3	3.8	1.5	0.4	0.2	7	87.4	171.7	44.3
69	9.1	12	13.6	13.2	17.8	24.6	25.8	27.8	23	19.9	14.3	12.7	47.8	19.9	1.3	11.4	44.6	0.9	2	3.6	1.5	5.2	148.6	16.5
70	10	11.3	12	14.5	18.7	21.5	26.8	25.4	21.2	16.6	13.7	10.9	47.7	45	18.8	18.7	16.1	1.3	8	0	3	29.3	87.8	124.9
71	11.4	8.1	13.5	13.3	19	22	24.1	23.1	23	20.3	14	12.4	47.5	26.2	7.9	23.7	4.6	13.4	0.1	0.2	68.2	64.6	63.7	18.4
72	11	10.4	12.1	15	20.1	21.1	26.9	25.3	24.6	19.1	13.2	11.2	64.3	53	4.9	58.3	6.6	2.4	0.1	0	1.1	75.8	23.2	106.1
73	11	11.6	13	13.3	21	24.6	22.4	26.4	23.8	18.5	13.3	13.4	83	40.3	10.3	23.2	5	0.1	8.2	8.3	16.6	105.5	41.2	9.6
74	10.3	11.8	11.6	16	17.8	24.4	24.6	25.2	20.8	18.1	14	11.6	27.8	21.2	39.6	8.8	6.7	3.6	3.6	1.4	12.9	91.5	73.3	50.9
75	9.4	9.5	12.4	13.4	16.1	22.6	23.8	27.5	22.6	18.1	14.4	11.6	107.7	46.4	57.9	47.8	63.9	0.8	7.9	0.7	22.4	2.1	16.5	47.7
76	9	9.8	12.2	14.7	18.6	21.6	25.6	23.7	23.7	17.5	15.8	9.5	22.8	22.7	15.5	9.8	28	0.2	13.2	1.7	14.4	62	55.1	211.2
77	9.6	11.2	13.3	16.1	18	24.5	26.2	24.3	22.7	21.4	15	12.2	17.2	17.2	16.1	31	20.9	15.8	2.7	0.2	6.8	27.8	103.4	63.6
78	10.5	13.1	10.2	14.3	17.9	21.2	26.9	27.4	23.1	17.6	14.6	11.8	11.3	10.2	61.5	25.8	9.1	64.6	6.4	0.1	74.6	35.8	58.6	30.1
79	9.3	9.8	12.3	13.9	17.5	23.3	25.9	23.8	24	19.6	14.1	12.2	11.6	86.1	9	28.3	74.2	8.2	9.4	11.7	64.2	106.7	115.5	37.7
80	10.5	9.9	10	13.5	16.4	22.8	24.6	24.5	24.5	19.5	14.7	12.7	31.5	135.4	46.4	79.4	19.9	3.1	2.2	4.7	13.6	129.6	10.3	29.7
81	9.7	10.2	13.6	14.7	17.5	19.3	24.8	22.9	22	15.6	17.1	9.8	39.9	146.4	6.4	98.2	27.5	14	5	5.9	11.2	51.7	22.7	81
82	9.4	10.9	12.5	14	18.4	22.5	26.8	22.4	22.5	18.5	14.8	13.3	25.1	66.2	38.3	19.2	21.3	6	2.3	0	52.6	39.2	122.7	84.3
83	9.4	12.7	12.1	15.8	18.5	21.1	25	26.1	22	17.1	13.2	10.3	14.9	124.3	7.5	17.8	66.8	0.5	0.2	2.5	52.2	24.7	6.7	31
84	11.5	11.4	11.1	13.7	17.4	24.5	24.2	24.3	21.6	16.7	14.5	10.6	45	76.9	108.1	19	44.1	2.4	2.3	0	1.1	4.6	31.6	32.7
85	11.1	12.3	12.4	13.4	19.4	22.6	24	25.7	22.4	18.8	14.4	11.7	13.7	24	12.7	17.6	15.8	13.1	0.4	6.7	24.5	98.6	16.6	18.6
86	10.5	11.5	13.5	17.1	17	19.2	26.3	27.2	20.4	18.6	14.3	10.5	89.7	66.9	6.7	15.6	34.4	29.3	2.1	0.1	9.7	140.4	70.3	89.4
87	9.1	10.5	13.1	14.2	16.9	21.5	25.3	25.9	23.3	17.8	16.5	12.6	9.2	155.3	19.8	7.9	43.1	1.7	6	0.6	4.9	6.2	61.3	48.6
88	12.3	10.7	11.6	13.8	16.8	21.9	27	24.9	22.5	18.7	15.7	11	42.4	47.9	56.4	23	34.4	32.8	2.8	0.6	32.1	50.2	37	85
89	10.2	11.4	13.1	14.3	17.1	20	26.3	27.1	22.8	17.4	15.2	13.7	72.2	56.3	21.4	36.5	52.9	7.3	4.7	1.5	60	19.2	58.2	133.4
90	10.2	8.6	12	13.4	18.9	21	23	24.5	22.5	18.3	15.2	10.2	41.1	199.7	85.7	107.4	4.6	18.5	26.4	0.3	25.6	22.5	89.5	6.6
91	10	8.9	9	13.2	18.9	21.4	23	25.7	21.8	18.7	14	12.8	26	28.5	58.2	12.8	29.1	12.9	17.8	9.4	1.9	5.3	19	78.6
92	9.5	11.6	13.5	15.7	16.9	20.7	26.1	26	23.1	20.8	14.8	13.2	10.5	87.8	29.2	79.9	22.9	1.9	5	2	98	10	70.1	29.1
93	8.5	8.1	11.8	16.2	18.2	18.8	25.2	26.9	24.6	20.8	14.8	12.3	52.4	117.1	28.2	21.9	3.9	5.5	0	13.9	104.4	135.7	46.4	67.5
94	10.2	8.9	10.6	15.1	20.4	19.3	27	25.5	23.3	20.9	13.8	12.1	19.3	89.4	45.1	96.6	64.2	4.3	1.2	7.5	7.3	26.5	6.5	23.5
95	10.3	11.8	11.8	13.8	17.4	22.1	24.2	26.5	22.1	19.5	13.9	10.8	6.4	25.8	53.3	14	14.9	0.3	0.1	0	97.5	6.4	36.1	33.1
96	9.3	10.3	11.9	14.4	18.5	23.4	24.2	26.6	23.6	17.9	13.6	12.1	2.3	59.4	80.5	52.4	22.3	3.1	3.4	0	10.7	10.2	12.9	48.1
97	11	9.3	11.6	15	16.9	22.7	24.5	26.3	22.1	19.7	15.3	9.5	74.6	39.4	9.7	31.4	8.3	0	2.6	0	28.8	52.7	29.5	80.8
98	8.4	10.8	10.1	12.3	16	24.7	25.7	25.9	21.4	18.4	14.7	11.9	21.4	28.6	50	71.9	32	4.5	5.6	0.1	22.6	16.1	124.6	90.9
99	11.5	10.3	12.5	14.4	19.6	22.8	26.5	23.3	23	17.9	17.1	11.1	37.6	25.6	65.4	13.4	6.3	11.3	3	14.3	24.2	25.9	12.4	51.3
100	9.2	9.2	11.1	15.7	18	26.6	26.4	27.4	24.5	18.5	14.6	12.4	45.7	61.5	8.2	36.9	21.1	0	10.5	0.2	1.1	19.3	28.8	73.1
101	9.2	10.3	11.1	13.9	18.1	24.1	27.6	26.3	22.4	19.9	14.2	13.3	53.5	76	4.8	5.1	103.3	15.6	13.5	0.1	18.5	47.6	19.7	27.2
102	9.8	11	11.6	14.1	18	20.3	26.4	24	21.3	18.6	14.5	14.2	68.5	96.1	21.2	41.5	21.8	11.3	0.9	2.6	28	12.1	73.2	60.5
103	11.4	10.2	11.9	14.8	15.6	22.4	25	24.2	24.1	18.1	14.3	11.1	81.4	231.8	5.2	45.9	4.4	12.5	0.1	2.9	5.6	43.4	48.9	31.6
104	8.7	10.9	13.3	13.8	19.4	21.2	21.9	24.1	23.5	18.7	13	13.7	55	59.2	2.1	23.1	43.8	12.6	0	0.1	13.8	5.1	26.1	41.7
105	8.5	7.6	14.1	14.8	16	21.7	23.3	26.2	23.6	20.7	15.1	11.4	54.5	58.1	4.6	38.7	59	5.6	21.7	3.5	41.9	4.4	45.5	121.5
106	11.2	11.3	11.7	14	16.9	22	24.9	23.6	22.9	18.7	14.6	13.2	54.1	1.1	34.3	63.8	25.1	8.9	0.4	3.3	7.2	94.8	35.6	70.8
107	9.2	11.2	12.7	13.8	18.2	24	24	28.4	21.7	17.7	14.3	10.3	55.3	2.2	14.2	29.6	15	5.7	1.2	0	67.6	112	40	38.7
108	9.2	10.2	11.9	14.6	17.8	20.4	25	20.9	22.8	20.1	15.4	12	55	27	3.3	66.8	14	2.7	12.2	0.5	3.1	6.9	24.5	26.4
109	9.3	11.4	11.7	13.6	16.5	23.4	25.3	23.6	21.5	17.8	15.3	11.8	27.3	41	9.5	27.1	24.5	4.3	1	21.8	10.8	11.4	31.5	78.7
110	11.2	10.1	12.7	13.7	17.9	19.9	23.8	24.7	23.3	19.6	13.3	10.1	71.7	104.7	50.1	80.6	51.5	2.3	0.1	7.7	25.2	15.8	75.2	33.1
111	9.8	8.5	12.7	14.1	18.2	21.5	23.8	26.5	22.9	20	14	9.2	28.7	163.4	13.5	66.8	7.3	0.5	0.1	1.3	130.7	15.8	16.2	70.3
112	9.7	8.3	12.4	12.4	21.2	23.2	26.5	23.2	22.9	18.9	15.8	11.9	34.4	43.6	31.6	13.7	1	4.8	1.2	0	7.9	49.7	6.2	63.1
113	9.6	9.4	11.6	14.1	17.2	20.6	26.9	24.2	23.3	20.8	13.9	10.1	37.4	17.5	17.4	5.9	10.1	17.9	3.4	26.7	3.7	65.3	100.5	139.8
114	8.6	9.8	11.3	13.7	17.4	22.6	26.5	25.6	22.7	19.2	15.8	9.9	34.3	25.3	47.3	38.2	28.6	1.5	3.5	0.1	8.1	14.1	30.9	38.1
115	11	9.2	12.7	13.5	19.4	21	28.5	26.5	22.9	18.6	15.2	11.1	48.4	97.6	20	35.4	1.9	15.5	6.7	0	1.2	48.9	41.8	86.2
116	9.1	10.6	12.2	14.7	17.5	21.9	25.3	23.9	21.9	17.3	14.6	11.1	5.4	26.9	26.9	11	50.9	7.3	0.4	4	5.7	20.8	61.2	127
117	10.3	7.2	12.4	13.4	18.5	24.3	26.6	24.3	22.1	18.4	14.6	11.9	39.3	91.5	69	25.4	14.6	21.2	2.2	0.9	19.1	44.1	275.2	106.2
118	10.6	11.5	13.1	15	18.2	23.4	24.2	26.4	22.9	18.9	14.1	10.3	6	71.1	6.8	5.7	11.7	22.3	0.1	0	63.4	17.8	110	25
119	11.6	12.5	13.3	14.8	18.5	23.6	24.2	27	23.4	19.8	14.3	10.5	38.2	15.6	13	25.1	16.6	4.8	1.8	0.1	75.6	51.9	56.6	79.1
120	9.4	11.1	11	14.6	16.1	23.1	24.8	25	23.8	18.2	15	10	47.3	31.6	41.9	28.9	61.5	4.9	3.1	10.2	54	78.2	67.5	11.4
121	10.7	9.9	13.3	14.7	17.3	22.3	25.4	23.7	22.7	19.8	14.6	11	11.3	21.1	37.8	24.1	36.7	13.8	7.1	0.2	34	31.1	19.9	3.3
122	10.1	10.5	11.3	14.1	18.5	21.2	23.8	25.7	21.8	16.7	15.7	10.6	18.6	9.8	14.5	71.6	19.5	8.5	0.5	0	111.5	77.8	60	40.6
123	10.3	11.2	12.6	14.4	17.4	22.2	25	26.9	20.1	19.8	15.2	12.8	23.2	27.2	27.7	1.9	8.7	1.8	36.5	4.4	33.9	12	40.2	52.2
124	11.3	10.2	10.5	13.8	19.3	22.5	23.4	27.3	22.5	21.3	14.1	10.5	33.2	69.1	76.1	4.2	36	2.2	0.7	10.2	96.9	6.3	89.9	83
125	11	9.8	11.6	13.8	17.8	21.3	24.6	25.6	22.9	21.2	14.8	11.1	12.9	17.6	68.7	33.2	128.8	2.7	4.4	9.1	18.2	45.8	17.9	41.8
126	10.9	7.8	11.3	14.1	18.3	22.1	22.8	28.3	23.4	19.2	15.5	8.4	6.9	202.6	30.2	22.2	8.4	0.2	0	2.8	81.1	71.4	9.1	45.6
127	7.5	9.6	10.7	12.8	18.5	23.5	24.4	23.8	22	17.7	14.8	12.7	39.4	13.3	60.9	144.2	18.3	3.2	0.7	16.2	1.1	21.3	158.3	85.1
128	9.2	8.1	11.6	13.4	19.2	22.8	23.9	23.3	23.1	18	15.8	11.5	14.6	45.8	36.3	22.5	54	31.3	0.1	0.4	46.6	47.9	157.1	65.1
129	10.1	11.6	12.3	14.7	15.9	23.1	26.7	26.5	20.1	18.7	14.3	12.2	46.2	89.6	15.5	37.8	77.6	2.2	0.1	8.6	77.8	32.5	21.5	39.6
130	11.6	7.3	12.8	13.5	17.9	22.9	26.1	27.7	22.1	19.3	12.6	11.1	47.7	63.8	10.9	63.9	16	4.5	8.2	8.6	4.8	47.5	56.5	42.3
131	7.4	10.3	13.7	13.4	16.7	23	25.8	26.2	22.5	20	15.3	12.2	72.5	61.3	9.1	28.5	57	0.1	0.4	3.4	11.7	206.6	36.8	57.3
132	10.9	12.4	11.2	13.6	18	23.1	23.5	25.5	22.7	19	13.8	12.5	101	22.3	14	24.4	8.7	3	0.2	0	19.6	15.9	116.2	40.3
133	12.2	9	10.6	13.7	20.3	25.8	23.2	25.2	22.6	17.9	13.9	11.7	81.1	20.1	37.3	93.9	19.7	4.2	1.4	18.6	10.4	63.3	142.2	72.3
134	10.8	9	11	13.9	18	23.5	27.2	26.4	21.1	15.9	14.8	10	65.5	225.5	38.8	19.8	18.5	0	0.4	3.9	39.2	49.7	77.6	10
135	10.1	12.7	11.4	14.4	19.7	21.3	24.7	24.4	22	19.3	14.2	10.1	73.5	22.6	17.8	106	7.1	5.7	12.7	0	79.3	15.7	20.5	41.1
136	9.3	12.5	13.7	15.2	16.4	22.1	26.8	22.1	22.2	18	15	11.9	47.1	44.2	39.3	70.5	38.9	10.4	0.6	6.6	12.1	44.8	92.5	74.2
137	9.6	8.9	11.6	15.1	17.6	21.3	23.3	24.3	23.6	17.8	15.1	11.9	65.3	32.5	26.1	9.9	20	20.9	1.4	0.5	3.2	11.4	23.7	58.2
138	11.1	9	12.6	14.3	21.8	21.3	22.3	24.2	23.1	16.8	14	10.8	135	98.9	34.1	31.2	3.5	22.3	3.7	33.7	0.4	57.7	64.1	125.2
139	9	12.3	11.4	12.7	18.1	22.3	26	27.7	22	15.9	15.7	11.4	39.2	15.2	50.4	74.8	41.8	1.9	0	6.5	78.5	6.3	21.5	19.2
140	9.6	12	10.6	14.3	18.9	21.6	25.5	25.7	23.1	18	13.9	9.9	25.9	0.6	12.7	3.7	22.5	21.4	19.3	0.1	52.9	106.3	54.2	15.2
141	9.2	10.6	13.8	15	16.8	22.8	24	24.4	22.9	20.1	13.3	10.4	27.9	20.2	21.2	49.1	48	0.7	0.1	5.6	6	21.7	63	92.3
142	8.2	8.7	11	14.9	18.1	23.5	25.2	25.2	21.4	20.5	14.5	10.4	89.3	93.7	59.1	53	75	21.8	0.3	13.4	37.6	31.9	57.6	14.2
143	10.7	10.9	10.2	15.1	17.1	20.4	26.3	24.5	20.7	17.2	13.9	11.5	98	89.7	39.5	8.4	14.6	0.8	3.4	1.5	3.2	21.8	46.7	61.9
144	8.4	12.3	12.4	14.3	19.4	25	25	24.6	22.4	19.5	13.8	12.2	95.1	36.7	21.6	22.2	24.1	13.6	0.5	5	4.4	54.2	8.2	10.9
145	10.9	11.2	13.1	13	17.6	21.8	25.6	25.5	22.3	16.5	12.1	9.1	25.3	29.6	15	86.8	29.9	17.1	0	0	26.3	33.3	178.9	96.8
146	10.8	9.8	12.1	15	19.1	22.6	24.9	24.3	21.3	16.2	14.3	11.7	34.3	146.5	16.4	24.5	92.6	8.6	2.1	1	8.6	103.7	45.5	7.5
147	8.7	12	10.9	14.2	17.9	21.3	24.3	22.2	21.8	20.3	13	13.5	108.2	32.2	48.3	40.5	43.6	7.4	0	32.2	10.2	35.5	60.2	23.3
148	9.8	9.8	12.6	14.9	18.4	22.4	26.8	24.4	21.3	18.5	14.7	11.1	36.3	96.3	34.4	21.9	104.1	33.9	0.2	0.1	63.2	86.1	25.4	163.3
149	9.5	9.6	12	16.1	16.3	21.8	24	24.2	20.7	18.9	14.2	13	77.9	60.9	3.6	15.1	60.2	16.6	2.2	13.1	25.5	34.2	113.7	26.7
150	11.3	11.7	11.6	15	15.4	21.1	25.7	25.3	23	17.5	14.7	11.3	27.6	11.7	56.7	86.8	48.9	1	13.3	0	41.2	88.8	77.1	78
151	9.3	9.9	13	13.4	17.4	20.6	23.9	25.8	22.5	20.9	14.4	10.4	23.8	33.1	4.3	78.1	6.8	9.5	1	25.8	12.5	41.3	65.9	44.8
152	11	8.2	12.4	11.9	18.6	24.8	24.4	24.6	22.4	15.9	13.9	11.4	26.9	112.7	7.6	16.3	13.8	29.5	12.6	26.2	39.7	15.7	11	94.3
153	9.3	11.8	13.7	13.7	18.2	23.6	26.2	23.8	22.8	19.8	15.5	10.9	143.6	28.1	0.6	102.3	31.9	5	3.9	4.2	4.2	67.5	19.2	44.9
154	10.9	10	12.2	13	19	23.8	25.6	24.6	21.7	17.8	15.1	13.3	136.7	58.2	50.5	74	10.3	2.9	0.3	8.4	0.8	128.4	124.6	109.8
155	11.4	11.2	12.7	12.5	17.5	23.2	25.4	24.9	23	17.8	14.8	13	113.3	44.8	26.2	119.9	131.1	36.4	6.1	3.5	79.9	68.4	59.5	21.4
156	10.8	6.7	13.3	13.7	19.3	22	26.5	24.9	23.5	20.4	14.6	9.5	46.7	74.4	3.8	22	18.2	10.4	6.9	1.1	10.3	13.7	11.7	26.2
157	10	8.7	10.3	14.1	19	23.2	22.6	24.5	19.9	20.2	14.5	9.6	66.6	226.3	51	63.6	19.8	0.3	11.8	0.5	13	15.7	116.5	52
158	9.4	12.2	13.5	14	19.9	23.3	23.1	23.9	20.1	19.5	12.1	11	21	108.3	19.2	76.9	31.7	0.9	0.1	1.6	33.7	8.6	61.7	56.3
159	10.2	12	11.7	14.6	18.1	20.5	25.9	25.6	22.4	18.7	16.7	10.2	47.3	10.4	40	30.3	8.1	18.2	14.5	2.1	4.4	112.4	35.4	59.5
160	11.8	10.7	12.5	14	16.1	22.2	23.9	26.8	20.6	17.5	15.4	11.1	22.2	13.9	12.9	16.5	19.2	1.3	0	0.3	71.7	35.3	17.4	65.7
161	9.7	9.1	11	14.9	19.1	22	22.5	25.3	24.7	19.5	14.5	11.7	26.6	104.5	8.9	14.1	46.1	3.7	0	13.2	4.8	27.3	91	35.4
162	9.9	9.2	13.1	13.2	16.3	24.6	25.2	24.5	23.1	17.6	15.4	12	62.7	59.1	14.4	48.5	28.6	0.5	0	34.8	14.7	16	63.4	90.7
163	11.4	8.9	14	14.1	20.1	22.5	23.8	23.4	22	20.3	14.3	11.6	31.1	30.6	10.1	14.1	6	0.1	3.7	15.7	8.8	68	143.9	33.8
164	10.6	10.9	13.4	15.6	17	22.8	28.6	25.4	22.8	20	13.6	10.8	26.4	9.6	17.2	37.2	22.3	9.6	12.3	2.4	65.1	26.1	86.9	62
165	9.3	11.1	13.2	14.9	18.6	21.7	24.4	27.8	21.9	17.9	13.3	11.7	146.9	24.2	53	4.7	45.7	0.9	0	0	20.2	24.7	17.5	56.6
166	10.8	11.7	9.9	13.4	18.4	19.6	25.2	25.5	22.9	18.9	13.9	13	91.4	9.2	85.3	18.7	67.1	1.7	3.9	0.4	12.6	5.2	70.1	84.8
167	9.7	10.4	11.9	12.3	16.4	23	22.4	26.2	23	17.2	15	13.4	81.7	38.2	23.2	72.5	50.7	12.5	2	0.2	8.3	52.4	103.8	178.1
168	7.5	11	11.2	14.6	17.6	22.4	24.8	24.7	23.3	19.1	14.3	12.2	49.8	10.3	13	45.6	60.9	24.1	3.6	0.1	51.6	73.8	23.4	183.1
169	10	10.4	11.7	14.2	19	21	24.7	26.5	21.6	18.6	14.2	13.4	31.8	8.4	26.2	65.3	3.7	0.1	0.2	0.1	7.2	36.5	54	31.6
170	8.9	11.9	13.3	14.8	18.6	22.2	24.7	25.8	24.2	18.9	12.6	10.4	56.8	75	45	70.6	18.7	2.5	3.6	0.6	46.4	45.2	10.4	142.7
171	9.2	11.8	11.2	14.2	18.5	22.4	25.6	25.3	22.6	18.2	14.7	12.9	22.3	85.7	15.7	2.4	14.9	2.2	0.3	0.5	7.6	22.8	67.5	168.8
172	8.9	8.2	11.2	15	17.2	23.3	21.8	24	22.5	18.8	13.7	11.8	7.8	84.6	23.1	18.7	40.6	0.8	1.4	0	19.6	40.6	96.1	108.7
173	12.7	9.6	11.9	11.7	18.8	22.9	25.9	22.6	22.9	19.3	12.7	11.6	69.2	53.2	59.2	46.6	19.3	1.7	6.4	11.4	9.2	88.9	92.1	42
174	10.1	9.5	12.5	12.7	19	20.4	22.8	24.4	22.6	15.6	12.3	12.3	6.4	2.5	18.7	23.2	17.7	7.6	0.1	0.4	43.3	9.5	65.2	81.3
175	11.6	12	12.2	13.3	19	25.6	25.9	24.8	21.9	18	14	12.1	22.5	13.8	6.8	45.3	107.5	5.7	0.1	33	22.2	40.9	37.9	24.1
176	10.3	8.3	12.7	14.8	19.6	20.5	23.4	24	21.5	19	15.9	11.1	76.9	22.8	10.4	31.4	15	17.3	0	2.7	1.4	33.5	66.5	72.1
177	11.2	8.5	13.7	14.9	15.8	21.6	25	26.1	21.8	17.2	13	11.5	63.4	63.9	6.2	38.4	52.9	0.2	0.7	4.6	27.6	47.4	26.8	52.8
178	10.7	12.3	12.7	13.6	17.2	20.8	25	24.5	23.5	17.7	15.1	11	40.1	3.4	36.6	18.8	8.1	3.4	1.9	0.3	60.2	54.1	15	74.8
179	10.2	11.1	12.3	13.6	15.4	23.8	25.4	25.2	23.4	17.3	12.4	10.2	26.1	10.4	15.2	67	35	4.5	2.1	1.4	8.8	29.3	85.9	54.9
180	8.6	10.4	12.6	13	17.1	22.3	24.7	23.8	23	19.8	15.2	10.6	36.3	25.8	29.1	29	5.5	4.9	4.6	0	56.7	12.7	68.7	55.1
181	11.5	10.5	12.5	14.6	18.4	22.4	25.1	25.7	23.6	18.6	12.9	10.4	31.6	39.9	10.1	20	15.7	2.8	0.6	0.5	14.4	38.2	93.2	135.8
182	11.2	8.6	12.8	14.5	16.6	19.7	25.4	25.6	22.6	20.6	14	11.2	133	40	49.8	50.9	87.6	26.2	0.1	1	2.6	137.8	100.4	100.7
183	9.7	7.6	12.2	14.4	18.6	22.5	22.9	23.5	22.8	19.4	13.1	11.1	49.4	56.2	58.2	125.9	19.8	11.2	0.1	28	51.9	128	12.9	51.9
184	10	8	11.5	14.7	18.7	21.3	23.4	24.3	22.2	17	15.7	13.1	105.2	66.1	9.6	32	31.7	19.1	19.6	1.2	19.4	17.5	75.2	22
185	9.3	11.4	11.3	13.7	19.1	19.9	23.8	26.1	23	17.6	13.8	13.6	53.1	0.4	37	30.9	29.2	16.5	1.1	25.3	65.1	30.9	66.4	67.3
186	10.8	9.4	13.5	12.8	15.7	21.3	25	23	22.2	17.5	13.7	9.7	2.2	191.4	9.3	19.9	66.6	8.3	11.6	0.1	16.6	17.6	82.2	72.8
187	9.7	10.3	12.1	13.5	17.4	23.3	24.4	25.6	21.4	18.5	15.6	12.3	5.7	25.3	59.3	38.8	17.6	0	1.3	0.2	35.4	24.1	96.4	34.5
188	9.2	12.2	11.7	14.2	19.2	23.3	26.6	22.5	21.2	17	15.7	12.4	33.8	11	29	43.2	9.2	32.2	5.2	2.6	15.7	5.8	118	31.7
189	8.7	9.2	12.3	14.5	18	22.9	25.8	24.6	21.1	16.8	14.3	10	2.1	91	30.3	46.2	40.3	1.1	0.5	0.1	38.3	17.8	24	93.7
190	9.3	10.8	14.1	14.5	17.5	22.4	23.4	26.3	22.7	18.6	13	11.5	9.2	65.4	70.3	94	60.9	18.5	0.7	14.3	16.4	81.2	55.6	32.4
191	9.4	12.1	12.6	13.7	17.9	22.3	26.9	23.4	21.7	19.9	15.1	11.5	52.5	62.9	3.5	38.7	62.3	11.9	16.9	27.3	67.3	3.8	31.8	15.4
192	10.2	9.7	12.8	13.8	19.3	22.9	24	24.8	24.2	17.7	14.1	10.5	3.2	34.9	21.8	40.5	24	1.7	0.7	3.4	1.4	25.1	10.2	40.8
193	9.3	12.1	11.3	14.4	17.6	20.9	27	23.4	23.4	20.5	13.5	11.6	40.6	64.6	78.2	24.3	154.1	41.3	1.5	2.3	22.5	20.5	76	38.1
194	9.5	11.6	11.2	15.3	19.4	21.9	22.9	25.8	21.5	19.2	12.6	11.9	38.7	50.4	40.7	85.5	14	1.1	1	6.3	4.6	136.9	85	62
195	9.7	11.2	12.9	12.6	18.3	20.8	23.3	23.8	20.5	18.9	13.6	11.4	22.3	100.6	23.2	10	33.2	18.8	1.7	27.7	24.7	40.8	78.6	116.1
196	8.1	10.9	12	13.5	15.6	21.8	24.2	26	22.9	19.2	14.4	11.8	21.8	31.7	61.1	19.7	35.8	31.2	11.6	0.5	3	57.9	17.4	126.5
197	9.1	8.4	12.3	14.5	17.3	22.8	27.9	26.6	24.1	17.6	13.7	11.6	17.5	72	13.7	18.5	32.4	9.5	16.9	1.6	48.7	31.1	56.9	90.3
198	10.3	11.5	11.3	14.2	18	19.3	24.4	26.6	22.6	19.6	15.7	11.8	55.6	12.1	29.8	39.6	9.6	6.7	0.2	1.4	23.8	158	115.9	19.9
199	9.4	10.4	11.6	12.9	17.4	21.2	23.4	23.3	20.8	17.4	15.4	10.8	6.2	84.4	46.5	10.5	7.8	5.9	3.8	3.4	61.1	10.8	25.1	62.1
200	10.8	10.2	11.3	15	16.5	22.6	24.1	23.7	20	16	15.9	12.4	90.5	72.3	7.7	35.8	53	52.6	4.1	22.7	0	34.1	14.9	49.4
201	9.1	10.6	13.8	13.3	16.9	20.4	25.2	27.7	19.8	16.9	14.6	12.2	68.4	56.8	43.9	87.6	65.5	1.6	5.1	1.9	6.3	24.6	64	25.9
202	11.1	9.4	10.9	13.9	17.6	20.6	25.2	25.3	21.2	18	15.7	11.3	19.7	130.7	34.8	60	39.5	20.9	10.5	4.9	29.1	64	64.5	60.5
203	8.6	8.5	12.5	14.4	19.2	22.1	23.8	26.2	22.7	19.5	13.8	10.8	5.7	36.8	38.4	21.5	16.3	29	2.3	23.6	29	28.6	3	15.7
204	8.3	10.4	9.9	15.2	16.1	24.2	24.2	25.5	23.7	19.3	14.1	11.4	41.2	45.7	35.7	4	48.6	6.9	20.7	2.5	12.3	6.3	110.6	35.6
205	10.5	11.2	12.7	12.2	18.5	21.9	23.6	25.6	22.2	19	15.7	11.7	55.3	52.1	12.4	38.6	7.9	31.3	7.7	7.6	10.6	49.8	59.7	93.1
206	8.9	12.6	11.2	12.6	16.9	24.7	24.4	26.1	23.6	18.6	13.3	11.9	8.2	15.5	20.4	97.3	25.5	0.9	0.5	0.5	21	11.4	46.3	35.8
207	11.1	9.4	13	13	18.3	23	26.1	25.1	20.5	17.8	13.4	9.8	41.8	30.3	11.1	44.5	54.4	6.9	16.6	0.3	24.9	20.1	100.9	24.3
208	7.7	10.9	13.4	14.4	18	23.3	27.2	23.3	22	17.4	13.8	11.5	31	6.2	23	27.3	4.2	3.8	3.5	0	81.6	2	142.2	41.1
209	10.4	9.3	12.8	12.9	17.2	23.9	24.8	24.9	22.5	17.6	13.4	11.1	41.8	111	28.4	54.3	76.1	1.5	5.2	26.6	59.9	62.5	33.8	35.2
210	9.2	10.3	8.9	14.1	18.5	22.4	22.6	23.1	20.6	18.2	14.5	9.7	72	32	7.1	54.3	7.9	1.8	0	51.5	17.2	18.7	16.5	100
211	9.6	7.1	12.5	12.1	18.2	21.6	25.2	23.4	22.6	16.2	15.8	11.1	36.3	101	34.1	25.6	7.8	2.7	0	19.2	21.2	11.6	46	26.8
212	10.3	10	10.6	14.5	17	20.4	24.9	25	21.6	18.3	12.8	10.9	62.9	49.1	67.7	213.1	34	3	11.6	2.8	106.9	85.4	62.4	195.5
213	10.8	11.9	11.1	14.9	20.2	23.9	24.3	21.5	23	15.6	14.9	11.5	93.3	15.3	19.1	7.1	14.4	1.6	0.9	3	0.1	18.8	26.4	152.9
214	12.1	10.5	10.6	14.9	17.3	23.4	24.8	24.4	23.3	18.7	12.8	11.5	137.8	17	17.6	25.1	21.6	1.5	0	2.6	39.4	132.9	26.2	43.2
215	10.1	13.2	11	13	17.2	21.7	22.8	24.2	23.7	16.7	14.9	10.2	25.1	17.5	48.2	90.2	13.2	9	0.2	3	15.7	93	150.7	141
216	8.8	9.6	11.6	14.1	16.1	23.2	22.8	26.8	21.4	18.2	13.2	10.5	138.3	51.2	1.4	108.2	123.4	0	1.7	0.2	64	2.4	51.2	159.6
217	9.5	9.9	11.1	15.5	18.5	22.3	22.9	27.1	21.8	19.5	13.1	11.5	31.1	47.3	103.1	49	4.2	1.7	0.1	0.1	3.7	21.4	43.3	18.5
218	11.3	9.6	12.7	14.9	16.7	23.8	25.5	25.4	21.7	18.5	13.9	13.1	6	16	60.5	28.8	93	0.3	8.9	0.7	58.4	21.4	76.7	183.5
219	9.9	9.8	12.3	14.2	17.4	20.1	21.9	26	23.2	19.2	14.2	9.8	16.6	45.8	18.7	34.9	23.7	9.4	0.3	11.2	36.2	7.6	96.1	153.1
220	8.3	10	12.1	13.8	17.5	20.4	24.8	24.4	19.3	17	13.8	10.5	93.6	46.9	27.3	27.8	23.7	1	2.5	0.2	41.4	33.7	47.7	25.1
221	10.2	10	12.4	14.9	17.3	20	25.2	27.6	23.4	17.1	13.1	12.1	12.5	34.4	10.7	13.9	32.6	7.2	3.3	5.9	4.3	30.3	65.4	75.7
222	9	8.6	10.5	15.1	18.8	23	24.3	27.5	21.4	17.7	13	11.6	83.4	72.1	30	7.2	21.5	3	0.3	0.9	52.7	0.8	222.2	15.7
223	9.1	11.9	10.2	13.2	17.2	21.8	23.1	27.4	19.8	21.3	14.4	9.8	16.2	39.8	55.5	44.8	8.2	1.9	0	0.1	104.8	9.1	34.6	47.6
224	10.6	11.2	10.5	13.8	18.2	19.6	20.8	23.7	20.7	18.5	14.1	11.1	38.3	81.6	3	50.6	68.4	9.4	2.3	0.8	0.1	7.6	17.4	48.6
225	9.6	8.7	11.1	12	17.1	20.8	20.7	25.7	23.1	19.8	14.5	8.4	9.8	87.3	55.5	136.1	87.2	10	1.4	23.9	70.4	34.9	71.6	42.6
226	11.4	11.2	13	13.3	15.6	20	23.9	25.9	22.6	20.9	12.3	12.3	126.3	33.7	15.4	18.2	101.7	8.8	3.1	0.5	59.5	29.1	72.6	6.5
227	12.2	12.9	12.1	13.2	17.7	21.5	23	26.7	22.4	19.1	14	10.9	56.6	0.6	8.4	55.4	20.4	0.4	0	0	29.4	58.8	29.3	116.3
228	10.9	11.2	11.1	15.6	19.5	23	22.4	26.3	22.9	19.3	13.4	11.3	24.4	79.1	33.3	55.2	14.1	0.6	0	4.5	18.8	74.9	16.2	47.5
229	9.6	7.5	11	13.8	17.6	23.7	23.6	27.5	23.2	19	14.9	15	33.5	69.3	29	36.9	13.9	8.8	0	0	0.3	23.9	96.8	79.7
230	11.6	9.1	13.9	14.8	18.6	20.8	25.7	27.6	22.5	19.9	15	12.1	53	153.5	23.1	9	0.7	4.3	13.8	0	21.3	43.8	62.7	16.2
231	9.1	8	12.7	14.3	16.7	21.8	22.9	24.8	23.4	17.2	13.9	10.8	13.9	67.6	20.7	29.8	78.6	15.6	1.1	1	17.4	2.6	35	6.1
232	10.4	8.5	12.2	14.7	16.9	21.7	23.1	23.8	21.1	16.5	13.9	13.1	50.5	108.8	3.7	51.2	10.6	4.8	9.5	0.1	72.4	53.7	98	53.8
233	11.9	10.2	10.9	14.1	20	20.5	25.3	26.1	22.2	15.9	15.7	10.1	102.5	11.5	18.4	34.7	0.7	31	3.9	0	4.5	43.2	104.4	54.6
234	8.3	9.8	12.1	14.3	19.5	23	24.5	24.9	24.8	16.4	13.6	10.3	43.6	12.5	66.1	40.8	0.4	0.3	0.7	41	15.2	31.2	34.6	47.2
235	8.7	10.5	12.7	13.1	18.4	23.3	25.3	23.7	20.9	19.2	16.3	10.6	11.5	49.6	84.8	62.4	13.7	0.5	0	9.8	1.8	55.3	48.1	10.9
236	11.3	12.3	12.4	14.2	18.8	21.2	24.5	24.8	21.4	19.3	13.9	11.2	25.4	22.5	18.5	52.9	2.1	1.1	18.6	5	10.9	15.4	31.3	53.5
237	7.7	9.4	10.6	13.4	18.5	21.5	24.7	26.2	22.6	18.8	15.4	10.7	45.1	28.7	12.3	32.1	74.7	8.6	0.1	2.4	111	9.1	174.4	83.2
238	9.3	10.9	11.2	15.1	18.3	21.7	25.7	22.3	23	18.7	14.7	11.4	68.7	14.3	5.7	32.7	9	0.3	20	1	30.3	41.2	51.4	89.4
239	10.9	11.6	11.1	13.2	17.6	20.9	23.4	25.2	21.7	15.7	14.6	11.6	16.8	36	32.6	106.8	33.7	9.3	2.1	0.1	28.6	36.8	88.4	20.6
240	10.7	10.7	12.9	13.9	17.6	21.9	21.5	26.2	21	19.4	13.9	8.9	71.8	43.2	23.8	20	4.6	9.3	0.2	3.2	106.3	66.2	81.2	38.8
241	9.7	12.3	12	14.5	18.9	20.9	25	25.2	21.2	18.4	15	10.5	46.3	0.3	17	15.7	48.5	15.7	5.6	3.7	66.6	59.2	53.5	56.8
242	10.5	8.3	12.4	14.2	17.1	21.1	26.5	25.1	21.7	18.1	14.9	9.4	97.1	39.6	5.4	124.3	14.1	27	0.2	1	35.2	55.3	63.4	153.3
243	9.3	10.9	12.2	13.6	20	21.7	24.2	25.8	23.2	18.1	13.2	11.6	24	24.6	11.3	48.2	6.7	5.1	2.2	0	15.1	32.2	79.8	10.2
244	9.9	9	12.3	15.7	18.2	20.6	25.7	24.4	21.9	15.8	15.2	12.9	9.9	134.1	2.4	71.3	24.5	21.1	3.7	1	5.6	24	43.5	16.3
245	9.3	11.5	12.1	14.9	16.3	22.8	24	24.6	21.6	18.4	14	11.6	2.2	17.6	72.6	91.1	26.1	9.4	2.6	15.7	54.1	69.3	86.2	30
246	9.5	10.2	13.6	12.7	19.3	22.2	24.4	25.8	22.5	18.8	14.3	12.3	39.6	21.8	21.1	101.9	43.5	5.6	0.7	0.5	25.5	0.6	25.4	12.7
247	10.7	7.2	12	13.2	19.7	21.9	23.1	24.1	22.8	20.1	12.5	11.5	33.7	129.3	35.2	31	12.1	21.1	6.4	11.1	65.9	12.8	58.9	75.7
248	9.6	12	12	14.4	17.1	23.9	24.1	25.5	21.7	17.5	13.3	11	24.6	1.9	30.5	38.5	41.3	14.4	11	0	1.9	0.6	8.8	48.7
249	9.9	9.4	11.5	14.7	17.7	21.6	23	23.7	23.1	17	14.1	10.9	43.9	33.3	9.4	9.3	6.3	5	0	15.7	4.2	4	62.8	63.3
250	11.8	11.6	11.8	14.6	18.6	23	23.5	22.7	21.7	19	13.9	10.5	38	5.6	6	16.5	22.8	0.1	15.3	25.6	91.7	31.5	59.6	41.9
251	9.9	10.7	10.9	13.8	18.7	18.6	25.6	25.5	24.1	18.4	13.4	12.5	30.1	133.6	139.5	9.9	15.8	5.9	2	1.8	119.2	23.4	79.9	56.2
252	9.2	13.3	12.3	15.4	16	21.3	24.2	26	22.7	17.4	15.2	9.4	10.5	87.5	11.1	51.7	55.4	3.6	1.9	0	91.9	30.2	112.1	34.3
253	10.8	11.4	12.5	14.2	16.7	23.3	23.2	24.6	23.9	18.4	14.3	10.5	20.1	8.2	1.5	56.7	26.5	0.2	4.3	16.9	69.3	48.5	1.9	34.5
254	10.1	10.4	13	11.7	16.7	22.1	26	25.8	20.2	18.3	13.9	8.4	40.8	12	19.4	37.8	16.2	1.6	0	0.1	58.1	1.6	85.9	115.2
255	9.6	11.6	14	13.8	18.6	21.1	26	25.2	24	17.6	15.2	10.6	54.9	34	17.7	14.8	9	4.4	0.3	0.9	69.5	32.2	38.8	70.5
256	11.4	11.3	13.1	13.4	18.2	21.4	25.4	25.2	22.6	17	13.2	10.2	28.1	45.3	80	86.5	64.1	0.8	0	0.3	55.6	28.4	26.7	64.8
257	11	9	12.4	13.2	19.5	23.9	26.3	24.3	23.9	18.4	13.1	11.5	74.7	126.8	51.1	25.7	35.2	5.2	2.2	1.4	0.6	90.1	71.5	7.2
258	9.7	10.1	12.6	13.1	18.3	20.7	25.9	23.6	23.2	19.3	14.7	9.2	134.7	40.2	69	64.7	3.9	25	29.9	6.3	44.7	42.9	91.1	50.3
259	10.8	10.7	11.3	15.3	17.1	22	23.1	22.6	19.7	17.3	13.9	10.6	22.8	24.4	34.1	27.1	22.4	1.9	0.2	12.6	10.8	77	55.9	42
260	10.2	11.4	10.9	13.4	19.4	19.4	25.1	27.1	23.6	18	13.4	10.2	52	27.9	55.1	10.4	21	0.8	0.4	0	18.3	40.8	36.1	50.3
261	9.4	11.2	11.6	14.1	16.8	21.5	24.2	24.5	22.8	17.4	14.2	10.1	45.1	37.1	22.2	2.9	39.4	5.2	7.9	3.7	17.5	68	78.2	41.9
262	9.7	10.4	13.8	13.4	19.5	19	26.5	25.9	22.7	16.8	14.6	12.1	32.1	61.6	61.1	19.9	4.1	16.4	1	2.2	31.5	51.6	42.1	51
263	8.9	9.3	14.3	15.5	17.7	20.5	24.5	25	22.2	18	13.6	11	51.9	13.5	3.6	78.3	37.9	8.7	0	0	0.9	15.6	12	131.8
264	11.1	9.1	11	13.8	18.8	23	26.7	26	22.1	20.1	13.4	12.6	98.6	36.5	22.2	67.3	15.1	25.2	0.4	0	59.5	77.3	40.6	22.6
265	8.8	9.2	11.3	12.9	18.2	21.4	23.3	26.3	20.6	19.4	15.9	9.2	6.5	70.1	28.8	133.2	9.8	0.2	0	56.1	15	37.6	12.5	18.3
266	10.5	10.8	12	14.1	17.7	24.8	26	25.8	21.2	17.6	16.2	9.9	44.4	74.6	19.5	51.2	30.9	2.9	4.8	0	6.4	29.7	8.5	73.4
267	7.8	12.5	13.2	14.1	17.3	22.5	25.9	25.1	22.3	18.5	15.4	10.9	29.1	7.4	20.9	49.9	7	9.5	7.6	34	3.5	21.2	247.5	43.2
268	9.4	10.2	9.6	15.5	17.1	22.8	25.1	24.5	22.5	20.5	15.6	10.8	40.6	24.6	41.7	7.3	89	1.2	0.3	1.1	58.4	69.7	42	77.9
269	9.2	10.5	12	14.1	16.8	19.4	22.4	24.6	23	18.5	14	10.9	144.5	34.1	79.6	40.7	14.5	14.6	3	2.6	5.7	1.8	32.6	41.2
270	7.7	11.6	12.4	13.8	17.8	20.2	25.4	25.5	21.7	18.1	14.7	10.9	67	39.9	14.2	2.6	4.5	4.9	5.6	11.2	131.1	9.2	52.9	22.3
271	11	11.1	10.9	13.7	16.8	22.5	24.6	26.6	22.4	18.2	13.3	10.9	40	9	99.1	40	40.9	14.3	0.9	0.8	32	18.3	83.3	22.8
272	10.7	9.9	11.6	15.5	17.6	22.1	28.6	24.9	23.7	19.6	14.6	10.6	23.3	62.3	44.6	61.5	38.3	1.2	0	11.9	15.1	16.4	97.4	60.4
273	9.7	12	12.6	13.7	16.5	22.2	24.2	24.1	22.9	17.3	12.3	12	31	20.4	59.5	150.3	41	67.8	0.6	48.3	5.4	26.6	25.5	39.3
274	8.4	8.7	11.5	12.8	17	21.3	25	24.9	22.2	18.7	15.1	8.6	14.5	45.6	20	47.8	7.8	18.1	4.3	0	22.4	39.2	52.6	55.3
275	8.7	10.1	11.4	13.9	19.2	22.4	27.4	21.1	22.4	17.7	14.6	10.3	43.4	84.2	20.1	37.7	8.5	1	6.4	8.8	39.6	15.6	114.2	12
276	10.4	9.5	11.9	14	16.2	19.6	24.2	24.4	20.6	16.8	14.5	10.8	55.7	85.8	96.6	41.8	57.1	48	0.9	1.2	8.5	108.9	32.1	43.4
277	11.2	11.5	11.2	14.2	16.6	21.9	24.8	23.3	21.3	16.8	14	12.1	89.9	31	58.5	13.3	70.4	12.4	0.5	1.3	46.9	13.1	8.4	37.6
278	10.9	9.3	13.4	13.9	19.9	21.3	25.3	27	23.2	16.8	14.8	10.1	53.1	61.1	20.1	14.7	11.5	6.6	1.9	0	24.7	28.4	36.4	69.6
279	10.7	11.9	11.4	14.3	19.4	23	24.5	25.6	22	18.7	15	12.7	57.4	11.6	12	54.3	25.8	11.7	0.1	10.8	5.5	30.4	96.5	46.2
280	9.6	9.4	12.8	12.7	17.5	21	22.9	25	22	15.7	14.6	10.6	199.7	69	21.6	41	32.3	6.4	0.6	1.5	41.2	41.5	9.7	47.5
281	9.7	10.5	12.4	13.1	19.7	22.2	26.5	24.4	23.1	16.4	14	10.7	169.1	19.9	40.1	30.2	14.1	15.6	2.3	19.3	20.1	110.4	35.5	55.3
282	10.9	9	10.5	13.4	18.7	22.8	26.2	23.6	21.9	20	15.8	12.3	8	61.1	44.1	34.3	32.4	5.7	0	6.4	20.1	33.9	57.7	20.6
283	9.3	11.5	9.4	12.8	18.3	20.1	22.4	26.1	22	17.5	12.6	11.5	25.5	37.5	83.4	61.9	21.6	3	4.2	11.1	24.3	69	21.3	34
284	10.7	10.4	11.4	13.5	18.8	20	26.3	25.5	23.8	17.7	13.8	8.1	10	40.8	47.3	25.6	1.2	17.3	0.1	0	7.3	24.2	28.3	127.7
285	8.5	11.2	12.5	14.7	16.5	18.9	25.6	24.9	21.8	19	13.1	11.9	21.2	3.2	39.8	43	9.3	6.3	4.2	7.7	20.5	22.2	50.1	40.5
286	9.6	7.8	12.7	15.5	18.7	21.3	24.9	23.7	21.5	18.3	13.1	9.4	6.5	109	8.3	29.3	54.1	5.4	13.3	23	17.7	43.2	30.5	63
287	9.8	11	11.7	13.9	17.2	22.2	24.1	24.5	21.9	18.8	14.5	10.9	57.8	7.5	6.7	29.3	17.4	7.9	0	36.3	30.1	33.5	86	123.5
288	9.9	9.8	11.5	12.9	18.5	23.3	26.4	23.6	21.2	16.1	14.3	10.8	39.5	12.5	34.3	53.7	12.2	2.6	0	0	0.7	8.7	69.8	40.3
289	11.7	9.5	12.1	15.6	18.7	20.8	23.7	25.8	21.8	19.5	13.8	10.6	80.6	20.9	20.9	21.3	7.6	5.7	18.1	0.6	57.2	32.1	51.8	42.5
290	9.3	9.5	11.3	13.3	17.7	21.8	25.5	26.3	21.1	20.3	12.6	9.5	58.1	15.1	20.1	34.9	3.8	1	4.5	18.4	25.6	53.3	21.1	25.3
291	8.7	8.2	11.6	13.4	16.6	24	25	23	22.5	16.6	15.6	12.1	18.3	124	28.7	31	38.6	0.2	0.1	0	15	47.4	66.6	82.8
292	9.2	10.9	12.7	13.6	16.8	20.4	24.1	24.1	22.6	18.2	13.8	10.5	26.1	56.5	59.1	15.1	14.2	22.9	0.2	10.6	18.4	71.6	6.2	31.1
293	9.2	10.7	11.5	13.7	18.8	22.1	25.8	24.4	22.2	17.6	12.8	11.7	41	16	25.9	74.1	25	3.2	3.1	1.7	24.9	24.4	92.7	19.4
294	7.9	9.1	11.8	14.1	16.3	22.4	23.8	24.6	21.3	18.7	13.5	11.8	32.8	62.8	135.3	98.2	8.4	24.4	2.5	19	5.5	99.4	6.8	34.6
295	8	11.8	12	15.5	17.6	22.3	24.7	23.3	23.4	16.1	14.9	9.6	30.4	23.3	44.3	24	57.3	21	1	3.1	48.1	1.7	22.3	27
296	11.4	11.6	13.3	13.1	15.4	23.7	24.5	21.5	22.1	17.1	13.2	9.9	32.3	6.3	17	98.5	28.1	10.7	1.8	24.3	8	41.6	26	131.6
297	7.3	9.6	12.9	13.8	16.5	24.2	23.6	27.1	21.8	20.2	14.2	10.6	23.3	50.6	50.8	99.7	3.6	3.2	12.2	0	21.5	46.9	123.6	16.2
298	9.9	12	11.5	14.9	17.1	21.7	22.9	23.5	23.9	20.3	12.4	9.9	53.7	5	15.5	27.1	38.1	3.4	1.5	9.5	32.9	30.2	61.4	90
299	7.3	10.1	11.3	15	19	21.3	24.3	25	22.1	19.4	12.2	9.7	27.7	35.3	40.2	12.9	14.7	5.3	0.4	7.7	9.6	86	25.6	10.4
300	6.7	9	12.9	12.8	16.4	20.4	21.6	22.8	22.1	17.2	12.7	11	5.4	52.3	24.1	60.2	120.6	0.6	15.4	8.4	6.2	14.1	14.1	65.1
301	11	11.8	12.9	12.5	16.8	20.6	20.1	23.7	22.4	18.5	12.7	10.1	26	47.5	11.4	59.9	30.8	3.2	0.1	1.7	1.5	26.1	11	155.8
302	9.5	10	11.6	14.8	19.5	20.8	24	24.7	22.5	19.1	14	10.7	18.3	125.4	10.3	19.7	3.6	8.3	25	3.1	2.4	3.3	6.8	68.2
303	8.3	10.1	13	14.1	19.3	22.1	25.2	25.7	23.2	18.3	14.3	11	151.6	59.8	19.1	53.2	1.2	7.5	9.6	0.8	4.4	68	29.7	57.8
304	8.7	9.1	11.3	12.7	17.6	22.7	23.1	24	22.6	16.8	15.6	11.2	40.3	21.7	72.1	56.1	13.3	2.3	0.8	3.6	87.4	42.3	23.4	47.4
305	9.6	8.6	10	15.3	18	22.4	23.3	23.9	22.4	18.2	13.5	10.8	38.8	63.7	62.5	14.1	19	5.2	5.4	0.7	17.7	58.9	45.9	71.2
306	10.3	10.4	11.9	13.6	17.5	19.8	26.2	24.9	21.1	17.9	13.3	10.4	31.1	77.8	52.7	40.9	17.8	3.2	1.5	0.3	99.8	18.7	92.1	62.8
307	8.5	11.1	12.2	14	15.4	22.3	22.8	23	21.7	16.5	13.6	10.7	31.6	25.8	30.1	37.6	50.1	2.5	0.1	40.3	48.3	4.5	85.4	147.9
308	9.4	12.3	11.2	11.6	17.6	19.3	26	26.8	21.7	17.6	13.9	11.2	3.2	16	2.4	24.4	43.4	10.8	0.1	0.4	38	28.5	128.6	80.6
309	9.2	8.7	13.1	15	18.2	20.3	25.6	23.9	21.6	19.1	14.4	9.6	31.7	125.5	13.8	1.3	17.5	0.1	0.6	11.1	116.7	28.8	89.9	75.3
310	11.5	11	11.5	14.4	16.7	22	28.2	25.3	21.5	18.1	13.4	8.8	45.6	9.7	34.8	57.6	11.5	15.2	12.7	50.5	69.9	15.1	40.8	139.1
311	10	10.8	12.3	13.5	15.8	22.8	25.4	23	20.7	17.2	13.9	11.8	46.3	16	11	25.6	40.4	11	0.1	0.1	61.7	74.1	39.2	65
312	8.9	9.4	12.5	13.2	16.1	18.7	25.3	24.2	21.4	18.1	14.1	12.9	13.7	30	9.4	29.1	19	5.5	0.2	8.9	100.7	58.4	39.3	45
313	8.5	10	12.7	13.4	16.5	21.6	22.3	25.4	21	17.5	14.3	10.6	82.4	57.4	3.6	78.6	16.7	11.2	2.9	2.8	23.1	31.8	27	18.4
314	9.7	8.9	10.1	12.4	19.6	20.1	22.1	26.7	22.3	18	14.6	13.9	8	30.9	35.9	19	17.3	16.6	0	5.3	96.1	12.9	6.2	58
315	11.3	11.2	12.8	13.2	17.7	20.3	24.1	25	22.3	18.5	15.9	11.1	27.3	46.6	16.8	5.1	101.7	17.7	1.2	1.9	1.1	23.5	35.5	76.8
316	11.3	10.4	10.9	13.6	22.5	21.5	23.8	26.1	21	20.3	14.4	10.6	25.2	72.7	4.6	93.4	16.4	12.3	3	17.1	29.2	79.6	39.9	71.8
317	9.3	11.1	12.7	13.9	17.6	22.3	26.9	25.8	21.8	16.7	14.1	10.8	17.3	10	43	3	46.5	1.2	8.1	0	3.8	45.5	0.6	74.4
318	10.9	10	13.1	13.5	15.2	23.3	25.5	26.1	23.1	20	14.4	11.3	37.2	14.9	10	109.6	109.2	12.1	5.6	3.7	7.6	6.5	41.6	41.9
319	9.7	10.2	12	12.1	18.8	22.2	22.4	28.2	20.9	18.7	15.6	11.2	65.4	82.3	10.8	27.8	66.9	10.7	0	0	10.9	34	16.6	50.2
320	9.4	10	12.7	13.9	17.7	19.7	25.9	26.2	21.6	19.7	14.8	12.2	18.9	29.9	37.1	29	98.7	10.5	0.6	5.3	16.3	41	6.7	77.1
321	10.2	8.6	11.5	13.5	16.3	21.2	23.4	25.3	20.2	14.9	12.5	11.9	45.2	48.3	45	75.6	50.9	22.1	3.8	0.2	46.8	70.9	124.2	27.3
322	10.5	10.1	12.7	13.3	19.7	21.5	24.2	25.7	20.8	19.2	13.3	10.6	36.5	15.1	36.4	14	14.5	11.1	7.2	1	28	13.8	24.7	216.2
323	7.6	13.4	12	15.1	18.2	23.4	22.2	28.2	21.8	17.8	12.5	11.1	2.3	3.1	64.2	28	136.8	0.9	2.2	1.6	61.6	17.8	18.7	106.9
324	10.3	8.7	9.5	14.6	19.3	22.1	27.1	23.6	22.8	18.6	14.3	10.7	39.1	208.7	109.8	26.7	21.8	5	7.2	29.7	60.8	71.4	13.1	139.8
325	8.7	11.2	11.9	14.3	16.9	20.6	23.9	24.7	21.2	18.9	10.6	11.6	16.6	13.5	11	44.2	41.7	12.4	0.6	14	13.4	5.3	24.4	135.4
326	9.5	11.8	12.1	14.5	17.3	21.3	22.8	24	24.1	16.6	13.8	11.1	31.6	19.3	55.1	85	12.3	13.9	0.6	23.6	10.9	62.2	49.6	23.1
327	10.1	11.1	12.2	13	17.6	19.7	25.5	23	23.4	17.9	14.8	10.9	77.3	58.3	14.6	75.1	4.5	3.8	0.6	16.1	14.2	38.9	22.8	59.6
328	10.2	11.6	14.2	13.6	16.8	22.6	24.1	25.2	22.7	16.6	12.4	11	78.1	7.1	2.6	48.9	86.6	1	0.7	0.9	24.8	107.8	50.5	33.7
329	7.2	11.8	11.7	13.5	18.5	21.7	26.7	25.8	21.1	18.8	14.9	12.9	44.3	28.8	6.4	62.4	5.4	6.4	2.6	67.7	1.8	20.1	35.4	135.8
330	10.9	9.5	12.3	12.8	18.2	21.7	24.4	27.1	21.7	19.4	13.9	11.8	132.1	20.5	1	11	17.2	3.4	2.9	2.8	40.4	103.8	172.4	6.5
331	10.4	10.3	11.7	12.5	18.4	23.6	23.2	21.7	22.2	18.7	14	9.7	39.7	68.1	37.4	72.9	10.6	3.4	0.3	14.7	15.2	35.2	78.3	23.1
332	9.5	11.2	12.1	12.9	20.2	21.9	22.9	26.5	22.5	15.5	14.6	10.1	9.3	44.4	39.4	99.6	0.5	21.3	0.2	0.7	99.7	14.8	3.6	26.2
333	10.9	11.6	11.1	14.3	19.9	20.3	24	24.2	21.2	18.7	13.6	10	58.3	7	11.4	54.2	0.7	0.5	0.3	0	22.4	5.3	77	57
334	8.5	11.3	11.8	12.6	17.2	21.6	25.1	26.1	21.4	19.8	15.7	10.9	10.4	13.4	36.9	57.7	58.2	8.2	0	1	7	2.3	11.6	166.1
335	9.5	10.2	13	13.4	20	21.4	26.4	22.3	23.5	19	13.7	13.9	40.3	16.1	39.9	45.8	13.9	6.2	19.5	19.2	1.2	30.2	104	95.6
336	7.3	9.3	12.4	15.2	18.7	23.4	21.9	24.8	21	20.2	13.5	12.1	15.3	32.7	46	7.3	7.4	0.7	14	0	8.2	83.6	9.3	7.3
337	8.5	9.3	13.2	12.9	17.4	21.1	25.1	23.7	21.4	18.8	13.1	10.2	56.2	20.7	9.8	27.7	12.3	6.9	1.8	2.1	114.5	4.2	33.7	80.9
338	9.6	7	11.7	14.8	16.1	21.4	24.6	24	20.9	19.3	12.3	11.8	35	140.7	30.8	27.7	96.1	17.4	0	8.8	9.8	27.5	10.2	64.9
339	8.9	8.8	11.2	13.6	19.5	22.9	23.6	24.2	24.9	17.2	14.7	9.5	12.7	53.6	30.7	43.9	1.1	0.2	0.4	6	11.7	3.5	112.3	10.6
340	9.9	9.5	10.4	14.4	19.9	22	25.3	23.2	21.4	19.5	14.6	9.3	49.6	50.9	54.1	64.1	7.1	12	0.9	10.2	39.5	40.8	69	105.4
341	9.4	8.2	9	13.8	17.6	23.9	24.4	25.6	22	19.5	12.7	9.7	17.4	69.9	32	13.7	14.3	2.8	1.4	1.4	11.4	42.9	66	160.5
342	9.9	10	12.5	13.5	16.6	21	24.8	23.8	23	20.5	12.1	11.2	24	111.6	10.9	4.7	15.2	22.6	0.7	6.4	71.4	50	33.3	71.2
343	10.1	9.4	13	13.4	18.7	21.5	21.2	22.9	21.9	18.6	15.5	13	21	32.6	56.3	80.1	31.4	14.5	1.9	14.8	17.6	113.6	32	170.1
344	9.3	9.4	10.5	15	16.5	22.2	25.7	24.6	21.9	19.4	11.1	11.3	21.2	11.1	15.2	19.2	10.5	10.3	0.1	2.1	7.6	95.2	47.6	119.5
345	9.9	10.5	14.6	13.4	16.7	18.2	25.1	24.9	22.4	19.1	13.1	12.6	25.2	38.5	12.2	135.9	5.3	11.8	18.7	0	5.2	9	25.4	44.1
346	10.3	10.7	12.2	12.2	16.2	22.9	23.5	24.7	20.4	19.9	13.3	13.4	26.7	63.2	38.8	34.8	57.9	7	0.7	1	4.4	21.9	35.5	2.7
347	8.7	11	10.4	14.5	17	22.3	22.2	22.1	22.1	20.3	13.8	9.7	53.8	50.6	38.4	39.8	51.6	1.5	0.8	2.4	4.6	147.9	34.2	28.4
348	8.7	9.6	10.5	14	17.5	20.6	21.4	25.7	22.1	18.7	14.2	11.2	28.6	57.1	8.8	38.6	35.6	16.2	0.8	29.4	19.5	81.2	20	100.5
349	8.3	10.9	11.6	13.5	17.2	21.2	22.9	23.2	22.2	19.3	14.3	11	47.5	33.1	18.4	16.9	38.3	1	3.5	44.5	27.3	56.4	53.3	68.6
350	10.1	10.7	10.1	15.9	16.1	20.3	27.2	26.1	22.3	19.3	13.2	10.7	4.5	38	23.7	5.3	27.2	12.8	0	3	27.8	131.6	110.4	48.2
351	8	10.1	11.1	14.7	18.6	23.1	23.9	22.9	21.9	17.5	14.2	11.6	18.4	27.2	21.5	27.2	5.5	0.5	8.7	0	96.9	40.8	86.3	31.2
352	10.9	9.4	11.8	13.5	19.1	23.1	25	28.2	22.1	18.7	11.8	10.5	29.4	47.5	21.7	87.2	15.9	0.8	2.1	0.4	35.3	123.3	42	71.2
353	8.8	12.4	11.3	14.6	18.2	21.2	25.7	24.6	20.7	18.2	14.2	10.2	100	23.3	40.2	163.8	42.1	21	1.9	1	45.3	92	10.3	62.4
354	10.2	9.1	11	13.8	15.9	19.6	25.8	24	22.4	19.7	13.8	11.7	21.4	87.2	65.1	13.9	12.3	5.6	2.6	16.3	30.1	152	51.2	46.1
355	10.4	9.8	12.5	13	17.8	21.5	22.6	24.8	20.6	15.1	12.8	11.4	135.8	40.1	6.6	40.4	20	2.3	0.9	30.3	60.7	22.5	57.3	65.2
356	8.8	9.8	11	14.8	20.2	22.5	24.9	25.9	21.2	19.3	13.4	9.1	19.4	24.8	35.7	1.8	3.2	9.1	1.3	0.6	25.2	5	20.1	13.6
357	9.5	12.4	10.6	14.7	16.8	20.8	25.4	28.7	22.5	17.6	12.2	11.1	35.4	7.9	37.6	62.7	9.5	1.1	27.6	3.6	5.1	24.5	47	12.4
358	9.1	8.7	11.7	13.3	19	20.8	23.2	25.2	22.3	19.2	14	9.1	47	92.9	37.8	60.9	6.5	0.1	9.6	17.1	52.7	8.1	32.9	75.2
359	9.8	9.3	11.1	14.1	17.1	22.7	25.5	24.5	21.1	20	14.8	9.6	6.9	86.3	45.5	32.3	10.9	9.8	1.1	0.8	80.2	26.8	118.5	68
360	10.5	9.7	9.6	13.3	17.3	20.1	24.1	25.8	23.1	18	12.4	10.5	43.8	18.2	68.1	5.9	1.5	0	3.5	2.8	2.1	13.4	17.1	72
361	7.3	9.3	12.5	14.4	17.4	20.9	25.7	24	22.7	20.2	14.1	11.8	66.3	129.6	6.9	22.6	4.3	0.7	4.2	6.4	1.1	15.3	190.7	73.7
362	9	10.7	13.8	14.1	16.3	22.4	26.4	23.6	23.7	20.1	13.1	10.5	57.9	23.2	4.9	33.1	92	1.9	0.1	1.9	8.5	21.7	112.7	22.9
363	9.2	9.7	10.9	14.8	16.4	21.6	22.3	26	22.5	19.1	13.7	9.9	3.4	38.5	13.7	20	19.2	5.7	0	6.1	0.4	30	55	116.4
364	8.1	9	12.2	13.7	17.8	23.1	25.6	25.6	21.1	18.9	15	12.4	14.9	123.6	17	37.5	4.8	45.7	0.2	4.4	2.5	105.7	5.2	82.6
365	9.8	9.1	11.9	13.6	17.8	22.6	23	25.9	21.4	17.9	12.9	10.8	157	63.7	48.6	28.4	25.9	4.1	1.2	0.1	16.7	85.9	46.3	92.6
366	8.2	9.8	10.6	14.1	18.3	19.3	24.1	24	21.4	17.5	14	7.9	26.7	47.4	77.4	68.6	22.8	33.1	0.3	0.3	36.7	53.3	3.9	83.4
367	9.5	9	10.7	11.9	18.8	21.8	24.4	24	19.4	17.4	12.9	9.9	23	21.9	39.9	19.7	96.3	0	1.4	38.7	65.5	3	36	41.3
368	10.1	11.3	11.9	14.8	16.4	19.7	25.5	22.9	22.4	19.1	15.5	12	128.8	99.4	44.3	20.7	27.7	1.3	0.1	0.1	2.5	48.2	105.1	73.6
369	9.4	9.6	12.7	15.4	17.5	21.1	23.1	23.1	23.2	17.6	14.4	10.6	25.3	120.5	4.5	34.8	86.2	28.6	2.1	5.4	9.6	92.8	112.9	23.7
370	9.6	10.2	13	14.5	17.1	19.1	23.7	25.2	21.8	20.1	13.2	12.9	32.3	117.8	92.5	25.3	3.9	1.3	0.3	0	1.8	43.4	10	39.8
371	11.7	9.5	10.8	13	19.6	21.8	24.1	25.5	23	17.5	13	10.4	59.4	56.7	43	28.4	2.8	3.5	12.1	0.1	30	13	21.5	17.3
372	9.6	12.2	10.9	13.7	16.6	20.2	25.5	24.4	22.9	16.8	13.5	10.4	55.6	31.9	80.4	19.3	47.9	16.2	2.6	5.8	6	9.8	31.2	43
373	10.6	8.5	13.4	15.3	17	21.4	22.7	26.5	21.4	17.1	13.7	11.4	51.7	18.1	10.6	70.1	25.8	0.1	0.2	0	46.6	24.3	65	46.5
374	10.8	9.6	11.4	11.4	19.3	20.8	25.3	25.7	21.4	19.8	14.8	10.3	39.4	37.8	16.3	87.4	5.4	0.2	0.6	55.2	67.1	32.3	7	4.7
375	10.9	10.9	12.4	14.8	18.6	23.5	27.3	23.9	21.8	15.7	12.4	10.2	37.2	58	121.2	33.4	0.4	9.2	0.2	8.8	7.6	11.9	45.3	42.7
376	10.7	12.4	13.2	13.8	18.1	21.7	24.4	25.1	21.1	18.2	15.5	10.2	50.5	26.6	8.3	61.2	17	16.4	0.3	1.9	79.6	36	61.6	20.1
377	8.7	10.8	13.1	15.1	16.5	21.2	23.4	24.3	23.5	19.3	13.7	11.4	28.9	52.4	51.5	33.1	14.9	3.6	25.7	10.2	36.3	12	58.9	162.1
378	8.6	8.9	12.6	14.1	17.3	20.1	23.1	27.8	20.9	18.4	14.6	8.2	3.2	69.7	8.8	20.2	0.7	2.6	3.6	0	2	85.6	9.8	34
379	10.5	7.3	13.1	13.8	19	21.1	22.9	25	23.7	16	12.1	11.3	36	193	38.2	38.2	13.3	2.4	0.7	3.8	1.1	18.7	61.1	56.1
380	10.8	11.3	13.4	15.2	19.7	22	23.7	24.9	22.6	19	15.7	12.4	56.6	39.2	46.2	45.1	1.8	3.8	2.9	1.1	56.6	20.4	59.3	88.7
381	10.7	11	12.1	14.1	19.1	22.1	25	22.4	21.2	18.7	13.7	11.5	54	92.8	6.7	56	6.3	4.8	8.7	7.2	51	16.3	31.6	82
382	9.8	10.6	13.7	11.6	18.6	22	22.6	23.1	22.2	17.7	13.1	12.2	21.8	17	1.9	33	11.8	10.5	0.5	9.5	34.2	126.7	26.8	31.3
383	8.2	9.9	10.7	12.7	17.9	21.9	24.5	25.9	21.3	16.7	12.7	11.1	29.6	32.4	32	18.8	19.4	0.3	22.8	0	6.2	124.5	67.7	93.1
384	9.5	14	12.4	13.5	17.1	22.9	24.1	26	21.3	17.7	14.8	8.9	24.2	63.6	44.5	49.6	44.2	2.1	0.2	13	14.9	30.8	65.1	69.5
385	10.4	10.5	12.7	13.8	18.3	23.1	24.6	23.9	23	17.8	13.4	11.5	106	54	26.3	71.4	9.4	0.5	7.1	22	18.2	20.7	95.2	117
386	10.3	8.8	11.7	14.5	18.4	20.2	25.2	24.4	22.5	17.1	13.1	10.5	20.8	30.7	52.4	36.1	76.4	33.9	4.4	51.4	28.4	26.8	53.1	68.6
387	9.7	11.5	10.7	13	17.1	21.5	25.7	26.6	22.5	17.9	14.2	11.6	14.1	33.6	48.3	62	38.2	0.2	0.1	0.6	12.9	27	32.1	17.3
388	12	10	10.1	13.4	17.6	22.6	23.4	27.3	21.7	18.2	14.2	10.1	11.1	10.8	21.2	29.5	17.4	29.9	0.4	0.1	13.2	1.9	29.9	101.3
389	10	7.7	11.2	11.5	18.8	20.3	22.9	23	21	16.7	13.8	11.3	72.1	76.1	40.6	96.9	7.6	8.1	0.3	7	5.5	13.2	191.8	101.1
390	10.4	8.9	11	13.3	18.7	19.6	24.5	22.8	21.2	19	13.8	9.1	45.3	36.8	20.6	47.1	1.4	5	0.1	17.1	13.3	19.7	16.2	16.5
391	9.1	10.4	12.7	12	15.3	20.7	27.2	23	22.5	17	13.3	12.5	22.1	111.1	3	46.8	32.1	2	23.3	20.6	87.4	21.1	75	50.6
392	9.9	9.9	11.1	13.9	17.7	21.7	26.2	22.8	20.7	18.5	11.8	12.3	43.6	89.9	50.8	27.5	47.1	6.3	6.2	9.3	170.9	16.3	154.4	54.6
393	7.5	8.6	10.5	13.5	16	20.6	22.8	24.7	21.3	17	13.5	10.8	17.9	118.9	99.6	101.7	58	0.7	3.2	0.1	61.2	8.9	36.5	124.8
394	11.4	10	11	14.2	17.7	22.1	24.2	19.8	20.6	17.1	13.8	10.7	31.6	22.2	37.9	22.2	8.5	12.8	1.7	49.7	8.7	12.9	69.3	77.2
395	10.6	8.5	9.9	13.8	18.4	22.1	23.9	22.5	22.5	20.1	13.6	12.2	25.8	75.8	12.9	47.8	0.5	3.5	2.7	2.8	6.9	0.7	209.2	207.7
396	9.7	12.1	13.6	12.8	18.6	20.4	21.3	23.6	21	19.2	13.5	11	23.5	10.6	15.3	146.2	15.1	8.4	0.9	3.8	25	29.8	45.8	62.6
397	9.1	9.4	11.6	13.2	16.1	20.9	24.8	23.1	22.6	20.3	12.6	11.7	51	115.5	12.6	34.5	127	5.4	1.2	7	22	75.3	86.2	21.5
398	9.3	8.3	11	14.8	18.8	21.9	24.8	25.7	18.8	18	14.4	12.2	9.5	30.1	11.2	0.2	21.5	2.3	0.1	38	28.6	33.4	66.8	167.7
399	10.1	9.3	10.7	13.6	16.2	20.8	23.1	26.7	23.2	18.5	14.5	9.4	81.3	12.8	11	42.1	29.6	5.3	0	0.5	12.2	13.5	39.2	130
400	9.3	10.1	12.9	13.6	15.8	22.8	24.2	25.2	21.1	18.4	13.4	10.8	31	14.7	3.3	89.6	64.9	7	0	15.7	66.2	5.4	162.7	10.2
401	9.4	9.9	12.6	14.7	16	21.7	24.8	24.1	20.4	16.5	13.9	11.2	23	32.6	70.9	34.1	65	2.4	13.4	1.2	17.8	5.4	89	28.6
402	10.6	8.3	10.4	12.7	16.4	21	23.6	24.4	21.2	20.9	12.3	11.8	71.2	113.7	21.7	36.7	29.6	3.8	0.6	17.4	19.1	24.7	16	53.6
403	9.4	8.8	12.1	13.9	18.3	19.1	24.8	23.7	24.3	17	14	10.1	22.1	55.7	103.3	9	25.8	19.5	3.8	1.1	3.6	8.3	103.6	122.8
404	9.6	9	11.1	14.3	18.7	21.8	23.7	26.8	23	17.7	13.8	9	60	80.1	30.8	61	5.5	2.5	0	9.4	88	10.9	35.5	38.8
405	10.2	10.6	11.7	13.5	15.6	22.2	25.5	25.6	21.5	17.3	12.7	11.9	45.6	41.4	88.4	3.3	29.5	22.7	0	0.4	126.6	36.7	62.5	43.1
406	7.2	9.6	12.1	16	17.5	19.8	25	24.9	21.1	19.8	13.3	11.3	9.1	107.2	36.5	71.5	26.4	14.8	20.6	40.3	103.7	5.3	20.5	74.2
407	9.3	10.2	9.8	15.1	17.5	22.1	22.5	23	21.3	19.7	13.5	11.6	27.5	46.7	107.8	2.1	8.7	2	0.8	2.7	36.6	16.6	79.6	221.1
408	7.9	11.6	10.9	14.7	19.7	18.9	25.4	22.8	21.8	16.6	15.2	9.9	20.3	88.7	49	54.2	32.3	0.3	11.3	1.1	25.2	82.7	179.6	46.8
409	10.7	9.5	10.1	14.1	17.8	21.8	23.8	22	22	18.7	13.9	10.9	103.7	15.5	30.8	33.9	12.2	0.2	1.4	12.2	65.6	15.4	74.3	44.9
410	12	10.1	10.3	15.1	16.7	22.6	24.1	25.2	21.9	16.9	14.5	13.5	19.4	92	31.7	37.9	44.1	2.3	2.9	0.1	82.8	0.8	209.1	93.3
411	8.3	10.7	10.3	16.1	18.5	21.9	22.9	24.4	23.7	19.6	13.3	9.8	4.9	33.5	16.5	7.9	7.4	17.1	3.1	2	1.9	26.9	94.6	37.9
412	9.6	9.9	11.3	13	17.6	21.2	25.9	24.3	22.9	19.1	13.3	10.1	162.1	16.3	106.1	18.4	43.8	7.8	9.1	0.9	10.3	72.2	12.3	102.4
413	8.9	10.3	11.4	15	19.2	23	25.3	24.8	22.4	18.6	13.3	11.8	52.3	21.2	68.7	41.9	8.9	0.1	2	4.9	57.8	52.8	14.7	154.9
414	9.7	8.5	10	14.7	17.8	22.6	22.8	24.3	23.8	19.3	13.6	10.7	7.3	111.4	89.7	39.1	12.2	2.7	0.4	0.1	16.5	6.7	88.8	26.4
415	9.2	10.3	12.6	12.2	15.8	19.9	22.6	25.5	21.1	18.9	15.1	11	3.1	60.4	4	36.2	19.5	4.3	0.1	0.2	147.7	51.7	127.7	64.6
416	8.8	9.6	11.6	14.4	16.4	23.1	23.8	24.4	23.7	17.9	15	11.6	21.9	40.7	6.2	63.2	23.3	10	6.5	2.9	20.2	32.5	49.3	85.1
417	8.8	11.4	13.1	13.5	17.2	22	23.6	25.2	22.1	17.8	14.1	11.4	53.5	36.4	16.5	33.3	63.7	1.3	0.7	7.8	2.6	19.6	49.8	35.6
418	10.5	9.3	11.4	13.5	18.2	21.7	24.6	24	21.9	19.6	13.1	10.6	67	94	33	54.8	24.6	0.4	5.4	1.8	62.9	93.9	60.2	114.2
419	9.2	10.4	11.8	13.3	18.5	24.2	24.1	26.3	22.4	19	15.1	10.2	78.6	77.9	37.5	2.5	1.2	1.1	7.3	7	118.7	21.1	75.5	156.4
420	10.5	11.7	10.7	15.2	15.1	20.7	22.3	26.1	21.6	18.4	14.3	11.6	66.9	4.1	74.2	13	26.7	7.2	0	0.7	14.3	70	34	257.8
421	11.4	10.2	13.1	12.4	16.2	20.3	26.4	24.7	23.6	17.4	13.2	9.3	95.8	79.3	28.5	40.5	83.4	16.9	0.1	0	17.3	9.7	26.6	34.7
422	9.1	9	11.7	12.4	17.7	21.2	23.6	27.3	22.4	18.5	16.5	10.4	75.3	50.2	17.6	45.2	28.9	8.1	0	5.2	48.4	45.8	51.4	56.3
423	8.3	9.2	10.4	14.6	16.6	20.8	23	25.5	20.4	20.7	15.4	11.4	13.9	109.7	73.7	34.5	44.7	60.9	0	20.7	60.9	109.3	27.8	15.1
424	7.8	14.4	11.3	12.9	18.3	22.2	24.5	25.9	23.7	20.5	15.7	12.3	9.9	5	23.9	76.9	35	27.7	15	5.6	3.5	34.9	55.5	9.7
425	9.4	9.5	12.8	13.9	19.1	23.9	28.5	24.5	20.1	18.7	14.2	11.1	72.2	12.7	13.4	141	4.3	6.8	4.7	10.6	116.9	25	45.7	7.1
426	7	9.9	10.5	12.7	17.5	24.4	26.8	24.7	21.3	20.4	14.6	13.5	19.6	26.8	8.5	49.6	25.6	4.1	4.7	4.4	3.4	4.2	45.2	65.7
427	10.7	9.5	11.9	16.1	18	22.2	26.1	22.2	22.9	18.1	15.2	11.4	40.9	2.2	15.3	9.1	16.4	18.5	0.4	12.8	16.8	0.4	57.2	96.9
428	9.6	11.7	12	13.9	16.6	24	26	24.2	22.4	16.7	14.5	11	43.8	24.6	27.9	12	21.6	0	0.3	1.7	81.2	26.6	107.8	69.6
429	9.6	11.2	12.4	12.8	17.8	20	24.8	26.1	23	19.5	13.4	9	115	25.4	13.8	60.3	30.9	12	3.6	0	37.5	9.1	38	124.1
430	10.7	9.8	11.8	15.3	17.4	22.2	23.9	22.8	23.8	18.6	13.8	10.2	49.6	37.4	45	89	6.4	0	1.2	0.8	61.1	29.5	81.3	62.8
431	8.7	10.2	11.8	15.8	16.2	21.5	24.3	25.7	22.5	20.5	14.3	10.1	23.4	88.9	17.4	46.7	2.5	5.8	4.9	11.5	5	85	68.1	14.7
432	9.5	11.5	11.2	14	17.9	22.1	25.5	24.3	20.7	16.9	14	11.5	36.5	2	45.2	27	31.3	0.2	0.5	0	7.5	22.7	57.8	83.3
433	8.1	7.9	11.8	14.9	18.7	21.7	24.9	22.7	23.7	18.5	14.5	10.9	20.1	83.5	53.2	24.6	13	20.6	0	0.1	9.7	77	90.1	25.9
434	10.6	9.4	10.9	13	16.2	19.7	22.6	26.6	21.5	17.1	15	10	103.1	54.3	21.4	150.3	19.6	5.1	0	0.1	1.5	10.8	119.6	94.9
435	11.8	10.2	11.3	13.7	19.9	22.2	24.2	26.7	21.9	19.3	14.3	9.2	62.9	25	72.4	71	5.3	2.1	0.9	7.4	2.3	2.8	34.5	26.6
436	8.4	11.3	10.4	12.5	17.6	20.8	25.5	21.9	22.6	17.5	12.1	12.4	40.1	10.2	11.5	26.3	25.2	11.6	6.9	2.2	5	1.5	16.6	25.5
437	11.4	9.2	12.3	14.7	18.7	20	24.9	26.9	23	17.6	13.8	10.5	33.4	51.5	8.1	57.3	12.4	0.7	1.9	2.5	44.8	18.7	79.7	38.3
438	10.3	12.2	12	13.8	17.4	20.4	24	23.2	21.8	18	13.7	11.4	51.4	21.9	56.4	55.8	80.4	2.1	6.8	5.6	49.8	225.1	38.1	133.5
439	10.2	9.7	12.1	13	16.2	22.1	23	22.7	21.4	17.6	12.6	10.1	34	61.6	15.7	212.8	79.1	0.2	3.6	7.9	31.7	65.8	39.9	100.3
440	7.9	10.1	10.3	14.1	15.3	23.1	24.8	21.9	22.2	19.1	14.4	9.2	14.6	37.2	43.5	26.3	63.4	0.6	1.7	14.9	106.1	98.5	103	123
441	9.1	10.6	12.1	14.4	20.4	22	24.6	23.2	23.2	18.7	13.8	10.5	8.2	26.8	32.8	61.2	6.3	9.9	3.3	12.6	20.8	25.1	56	89.6
442	11.7	9	12.6	13.7	18.8	19.8	24.5	23.8	23.6	16.4	14.2	12.7	62.4	90.4	44.2	84	39.3	14.3	10.9	0	44.7	31.9	170.2	101.9
443	8.1	12	13	14.7	17.1	20.6	24.2	23.2	23.1	18.1	14.7	8.8	41.7	51.2	5.3	29.3	64.2	17.4	1.7	8.4	85.4	108	10.8	82.9
444	11.5	9.5	11.6	14	18.1	22.9	22.2	26.7	20.7	17.3	15.5	11.8	32.4	52.2	31.3	97.7	6.9	0.5	0.2	0	15.2	80.4	160.1	41.7
445	8.9	10.4	11.6	13.8	15	20.1	22.3	26.4	20.7	19.2	14.9	12.1	6	132.4	34.7	57	30	8.3	3.1	0.1	14.6	144.9	36.9	22.2
446	10.8	9.8	12.2	12.8	18.6	20.6	23.5	22.5	22.6	16.9	13.3	11.1	41.6	31	29.9	31.1	4.8	11	0.7	0.7	9.2	22.1	143.2	38.5
447	9.8	11.2	13	12.8	15.4	21.8	25.7	23.7	21.4	16.5	14.2	11.1	29.9	11	6.4	54.6	44.6	8.2	10.2	0.1	14	37.6	156.3	28.2
448	9	9	12	14.2	19.1	21.5	26.6	22	22.4	18	13.7	9.8	8.4	30.8	50.2	25.3	22.8	8.6	0.1	1.8	36.4	23.4	105.1	52.5
449	10	10.4	12.5	13.6	18.5	22.7	23.3	24.5	21.9	18.6	12.3	10.8	39.1	42.5	9.9	54.6	15.4	2.8	2.1	0.1	1.1	8.5	18.4	132.7
450	11.6	9.6	9.6	12.6	18.7	21.6	22.2	24	22	18.9	13.3	9.2	30.7	101.3	41.9	41.5	28.9	1.7	1.8	0.3	12.9	26.1	19.6	63.8