#header info#
40.4	#latitude; used for cacluating drought index in model bugmann#
65	#meter a.s.l. of climate station#

#temperature lapse rate with increasing altitude: #
-0.48	-0.51	-0.46	-0.49	-0.46	-0.37	-0.31	-0.35	-0.42	-0.38	-0.47	-0.50

#precipitation lapse rate with increasing altitude: #
5.97	3.12	2.35	4.56	1.71	0.74	0.49	1.16	0.79	0.31	1.82	7.01

100	#meter: corrections (see above) every x meter. #

#	mean monthly temperature (∞C) total monthly precipitation (mm) #
#year	jan.T	feb.T	mar.T	apr.T	may.T	jun.T	jul.T	aug.T	sep.T	oct.T	nov.T	dec.T	jan.P	feb.P	mar.P	apr.P	may.P	jun.P	jul.P	aug.P	sep.P	oct.P	nov.P	dec.P#
1	10	12.8	12.3	14.7	20.2	22.6	24.2	26.6	23.3	20.1	16.1	14.5	57.4	1.2	43.9	18.2	2.8	24.9	0	0	9.8	48.5	2.1	75.3
2	10.3	11.4	13.3	15.1	19.1	20.8	22.7	24.8	21.2	18.8	16.5	11.7	1.5	12.8	24.7	26.1	6.3	4.5	0.6	4.2	9.8	292.3	173	78.3
3	10.4	10.5	12.3	12.3	17.9	23.8	23.6	24.8	22.6	16.6	14.5	11.4	11.7	214.2	127.4	24.4	64.1	37.6	72.3	10.9	7.6	113	31.1	153.7
4	10.9	10.6	14.2	14.3	18.5	20.8	23.1	24.7	22.8	21.4	13.1	10	59.7	16.8	24.8	4.6	0.5	0.3	70.9	4.6	51.2	98	57.4	88.2
5	12.9	9.6	13.7	13.7	17.8	23.8	24.6	24.4	24.1	19.8	16.7	11.8	24.7	46.5	18.4	29.9	160.9	60.9	0.6	8.5	41	63.6	70.3	31.8
6	12.3	13.4	11.5	14.4	15.3	22.9	25.6	27.7	24.1	20.7	14.7	11.5	33.8	3	107.7	79.7	13.1	6.5	0	4.3	14.9	1.4	132.2	124.4
7	11.6	12.2	11.1	15.2	18.6	23.1	26.3	26.4	22.8	19	13.3	12.9	16.8	32.8	29.7	14.8	3.9	0	1.6	6.8	10.5	90.5	88.8	0.3
8	10	13	12.7	13.4	17.4	22.5	23.7	25.9	24.2	19.4	14.7	11	107.9	28.5	46.1	48.1	9.6	0	0	0	34	87.9	145	151.9
9	9.7	12.9	11.7	13.5	18	25.5	24.4	25.6	23.6	20.1	16	12.6	42.9	25.2	26.3	44	4.8	0.2	7.2	1.4	16.4	17.1	2.2	80.8
10	12	10.1	13.3	15.3	18.4	22.4	25.7	27	22.7	16.9	14.9	12	5.9	213.3	48.8	142.2	34.6	31.2	53.7	0	49.3	62.2	136.6	38
11	11.7	13.1	13.2	14.9	17.4	22.7	25.1	27.2	22.8	20.3	16.4	11	253.9	20.2	9.9	40.3	20.3	1.4	0.5	1.6	31.3	26.5	21.4	16.9
12	10.2	14.2	13.2	12.6	17.7	23.1	25.8	25.7	25.1	20.4	17.4	13.4	10.4	7.5	22.7	162.4	4.8	57.7	10.9	6	2.8	12.1	93.7	22
13	12.5	9.8	12.7	15.6	17.9	20.5	25.1	26.4	24.3	20	16	12.6	26.3	125.7	27.8	7.4	0.5	7.1	0.6	0	21.2	107.8	12.5	28
14	10.2	10.6	14.1	14.7	18.1	23.6	26.1	28.2	24.2	20.4	15.5	13.2	4.3	83.2	13.6	30.3	77.7	5.4	3.1	19.1	2.4	29.4	127.9	18.8
15	12	13.6	13.1	14	19	22.4	26.7	28.3	24.1	22.6	14.9	13.2	32.3	12.9	44.2	91	9.3	40.2	1.1	0.7	88.5	51.7	199.8	38
16	13.2	10.6	10.2	15.3	17.9	23	25.2	26	24.9	20	14.6	12.2	88.2	34.8	59.5	87.8	30	125.9	23.1	0.5	123.6	96.5	53.2	32.5
17	12.3	11.4	14.8	15.9	20.1	22.5	25	27.1	21.6	18.1	16.1	10.5	3.8	36.1	23.7	65.9	23.1	14.2	22.4	10.8	3.4	49.7	29	14.9
18	12.5	11.1	12.5	14	19.3	24.4	26.3	28.4	25	20.5	14.5	11.3	29.9	12.6	8.4	16.8	1.8	2	0	0.9	11.6	82	173.5	122.6
19	10.7	11.4	12.5	14.7	15.8	20.9	26.1	26.1	22.5	19	14.7	13.9	126.4	35.2	59.9	27.5	66.4	38	0.5	35	164.3	81.2	37.8	10
20	11.4	12.4	12.9	14.4	19.7	23.1	27	29	23.4	19.6	14.8	10.1	178.3	25	41.6	28.8	18.8	3.5	0	4	2.1	21.5	56.8	231.5
21	10.4	10.1	14.2	13.8	16.9	23.7	27.1	27.1	22.2	19.6	15.4	11.7	55.8	74.6	1.3	101.5	17.1	3.6	0	1.1	51.1	71.4	137.8	76
22	12	10.8	12.3	14	17.5	23.2	28.3	27	24.4	20.3	15.9	13.6	97.9	147.8	184.5	96.1	215.7	11.7	0.7	12.2	39	50.9	118.6	26.2
23	13.3	8.4	15.4	14.7	20.2	24.4	26.1	26.5	23.5	18.9	15.6	13.3	26.7	133	25	28.1	3.5	6.9	0.8	69.8	85.7	26.1	408.2	73
24	12.8	11.5	13.2	16.4	19.1	24	25.1	30.6	24.4	21.4	15.7	13.2	96.7	80.2	189.5	11.3	4.3	0	35.7	0.3	5	54.9	62.4	5.9
25	12.7	13.2	12.7	15.5	18.4	21.7	26.6	26.2	23.2	19.4	16.3	10.8	31.7	57.8	85.3	68.6	15.8	8.6	19.5	18.3	56.8	7.7	33.1	101.9
26	10.4	10	14.8	16.3	19.2	22	27	27	23.8	19.4	15.6	13	45.4	50.3	32.3	75.4	3.1	0.4	2.6	1.1	2.1	94.6	155.6	63.2
27	13	9.8	13.7	15.6	17.9	22.9	28.4	27.3	22.4	18	15.7	12	39.5	15.9	1.8	61.5	109.1	0.9	0	13.3	10.4	63	151.7	181.9
28	10.6	14.1	13.2	16.5	17.8	21.4	25.9	28.7	24.5	20.5	14.9	11.7	27.6	52.5	8.1	10.6	8.4	2.6	51.7	0	3.2	19.6	328.3	217.5
29	11.6	11.4	12.4	13.9	16.9	23	25.8	26.4	23.7	19.9	16.5	13.1	202.8	20.2	65.6	16.3	74.5	1.3	5.7	3.2	34.6	22.3	20.5	59.8
30	10.8	13	14.7	16.1	19.3	23.2	25.5	25	25.2	20.6	16.4	15.4	31	35.7	15	90.3	68.6	4.5	5.3	106.5	14.8	76.8	16.1	37.4
31	12	13.4	12.9	16.2	15.2	24.6	27.9	28.8	22.8	22.1	17	14.2	52.1	1.4	107.2	71.8	56.7	73.1	0.8	1.4	10.9	10.1	180.3	43.4
32	11.3	11.8	14.4	15.5	18.4	23.2	25.2	26.5	24.3	19.8	18.7	12.6	27.8	169.3	24.1	18.8	2.1	8.4	0	8.2	45.5	67.6	13.6	24.3
33	11.3	13.3	12.8	15.3	16.7	22.6	26.2	27.7	24.4	22.1	16.1	14.6	17.6	9.5	72.3	64.8	82.6	0.1	0	4.4	9	61.1	96.5	20.8
34	10.7	11.3	13.2	18	17.2	23.6	26.4	29.6	25.1	19.2	15.3	12.6	42	36.4	27.6	60	1.7	2.8	0.1	33	2	31.8	12.2	48
35	9.9	11.9	12.3	16.6	16.9	23	27.2	28.7	24.4	21.2	16.7	13.7	43.5	7.3	179.2	14.2	79.7	0	47.7	34.4	59.9	20	11.8	63.3
36	14.2	12.7	13.8	15.5	16.1	22	27.5	28.2	25.7	19.2	16.7	14.8	57.3	0.9	14.9	39.3	70.6	12.4	0	0.2	0.5	172.9	24.3	94.9
37	11.4	10.9	12.8	15.7	19.1	22.9	27.2	27.1	26.1	21.3	15.1	12.9	145.9	23.2	7.1	88.4	34.5	9.7	0.2	18.3	41.6	37.6	212.3	147.4
38	13.9	12	12	15.6	19.8	23.8	27.5	27.7	24.8	21.2	15	15.3	7.7	42.5	43.4	18.4	38.2	3.4	10.2	1.8	34	41	86.5	7.9
39	13.6	14.6	13.7	15.7	20.3	23.7	27.1	27.8	24.9	19.6	16.2	13.2	70.3	137.4	91.6	13	36	6.5	0	5.6	44.2	27.6	39.8	0.3
40	13.3	9	14	15.2	20.6	22	26.9	26.5	25	20.9	16.5	12.3	61.5	176.9	27.7	10.2	8.3	46.1	0.1	8.9	155	87.2	118.1	131.3
41	11.6	12.2	12.1	15.9	21.9	25.6	26	26	23.5	20.9	16.3	12.7	25.1	13.2	37.7	27.5	17.1	2.1	0	0.4	143.6	37.3	6.2	82.5
42	11.5	10.2	12.4	15.8	21.2	24.4	25.2	27.2	25.8	19.7	15.9	12.8	46.4	126.1	53.3	61.3	129	15.7	3.1	0	29.7	95.8	165	32.8
43	12	12.6	14.6	16.1	18.3	25.6	27.2	27.4	25.5	19.9	18.1	13.8	94	82.3	40.9	16.3	3.8	1.6	10	4.7	77.3	262.4	84.5	97.6
44	13.7	13.6	11.9	17.8	18.1	23	26.1	27.4	26.2	20.2	14.7	11.8	35.8	9.2	229.5	43.2	6.1	17.4	0.7	2.8	7.8	73.4	43.4	107.4
45	11.8	12.3	11.8	16.5	19.3	25.1	27.8	29.5	26.3	20.1	17.7	14.6	17.3	12.7	96.6	7.6	70	6.3	7.1	0.6	12.4	109.6	26.7	5.5
46	14.3	14.7	13.3	14.5	18.5	23.8	26.2	29.5	23.6	20.9	16.3	12.5	174.2	28.8	6.3	27.8	49.7	2.4	0.9	0	47	114.3	17.8	161.6
47	12.1	13.5	14.7	14.7	19.1	22.4	29	28.2	25.7	22.8	15.5	13.2	124.2	7.4	77.1	44.3	9.4	19.5	0.2	2.1	101.6	10.1	74.8	12.8
48	13.9	14	13.8	16	19.2	24.3	26.8	29.6	23.5	22.3	17.4	12	138.2	7	29.7	12.3	21.5	11.5	8.5	0.8	0	79.4	15.3	156.4
49	13.1	11.6	15.6	15.5	21.8	25.3	27.5	28.7	24.6	22	16.5	13.6	17.8	31.2	3.7	91.7	19.5	0	16.3	6	40.5	164.8	73	172.2
50	12	12.7	11.6	15.8	20.3	24.3	29.6	30.1	24.2	21.1	16.8	14.6	86.5	7.5	152.9	68.1	1.7	11.1	1.9	0.9	23.6	39.4	21	60.9
51	12.7	12.6	13.1	17.2	18.8	23.9	27.9	28.6	24.7	19.8	16.9	14	7.7	86.6	10.5	3	50.7	11	7.5	0.5	12.4	61.4	8.7	12.4
52	13.5	13.3	14.7	15.1	19	24.7	27.9	29.1	24.4	22.7	16.2	12.4	31.5	18.7	34.9	5.5	9.5	5.4	19.9	0	6.3	74	75.2	347.9
53	13.9	11.1	13.3	16.1	17.5	24.7	28.8	29.1	25.3	22.1	16.9	13.7	6.6	30.6	227.3	14.1	34.1	0.1	5.9	66.8	1.8	47.9	122.8	85.4
54	12.5	15.8	14.6	16.4	20.8	27.1	29.2	27.5	25.5	23.1	18.7	12.5	29	8.9	49	20.7	12.8	0	1.7	4.7	72.1	331.4	16.4	62.3
55	14.3	12.1	12.5	17.1	18.8	23.4	29.6	28.3	24.9	21.6	17.3	14.2	5.4	37.8	126.6	17.4	112.4	7.7	1.2	69	29	71.1	234.5	19.6
56	12.9	13.9	14.8	16.5	18.5	25.5	29.5	28.3	24.7	20.9	17.3	12.2	62.3	32.3	45.9	55.5	28	3.4	0.2	31.9	93.8	14.7	63.1	158.7
57	13.8	11.7	15.4	15.8	23	25	24.9	29	25.1	22.9	15.5	13.3	15.4	6.7	4.3	30.1	0	1.4	0.5	4.6	83.5	32.5	4.3	61
58	13	13.1	13.9	15.3	21.1	24.7	29.5	28.1	23.7	20	17.7	13.7	54.9	204.6	60.6	39.1	14.3	1.9	0	0	25.7	112.1	66.9	173.3
59	13.9	13.3	15.9	16	22.3	24.2	28.3	31.1	25.8	21.8	16.8	14.3	96.9	77.3	50.1	10.3	54.7	0.5	0	0	27.4	139.4	161.8	80.5
60	13.3	15.1	12.6	15.8	19.7	24.6	28	29.5	26.5	22.5	16.2	15.6	222.4	95.1	129.2	55.8	54.3	24.9	0.1	2.3	7.4	10	46.9	17.9
61	13.6	12.5	14.2	16.3	20.7	25.3	29.6	29.7	26.2	20.4	17.1	13.7	42.7	11.6	92.7	20.9	15.2	6.4	0	0.1	12.8	93.5	266.5	78.7
62	12.6	13.7	14.7	15.6	20	25	28	28.3	25.5	21.9	17.5	15.5	18	24.4	39.4	15.1	8.5	168.4	12	10.4	103	85.1	47.5	47.7
63	11.8	14.9	15.5	16	20.1	26.9	27.7	31.6	25.3	24.5	17.4	13	49.2	13.7	17.9	14.9	4.4	3	3.4	0	11	19.6	101.2	40.2
64	12.9	13.1	13.1	17	21.2	24.5	30.8	29	26.8	22.8	17.3	16.1	85.9	18.7	28.4	23.7	59.8	3.6	3.2	1.8	13.8	63.5	22.9	34.5
65	13.9	13.4	13.2	16.4	19.6	21.6	31	28.1	26.3	21.1	18.5	14.6	36.3	5.7	102.8	31.8	67.6	9.4	27.6	0.2	102.2	90.4	149.5	66.6
66	12.8	14.4	16.1	16	19.3	25.7	26.8	29.6	27.2	22.1	16.8	15.5	66.3	34	58.1	171	8.8	26.1	0.7	3	110	152.6	96.2	38.2
67	14	12.5	14.6	16.7	18.8	23.6	30.4	30.3	26.6	22.7	17	14.3	5.6	69	37	26.2	21.4	41.9	0	2.3	13.4	134.6	119.9	27.9
68	14.6	11.1	15	17.4	21	24.4	26.4	30.7	24.9	21.4	17.3	14.9	40.7	207.8	150.5	2.7	38	27.8	14.2	0.1	127.2	10.8	164.1	11.9
69	13.1	13.3	15.2	19.3	21.3	26.3	28.7	29.3	24.6	23.5	18.3	15.6	71.9	46.2	22.5	12.5	17.1	0.7	0.8	8	59.8	35.2	101	129.8
70	13.5	13.6	14.5	16.7	22.2	26.8	29.7	32.6	25.2	22.8	16.9	16.2	65.6	8.7	76.9	3.1	1.5	0	0	7.9	6.3	233.5	72.6	125.2
71	12.3	13.7	15.7	15.7	21.5	26	29.1	31.9	26.9	22.9	19.1	15.6	4.7	43.2	13.8	7.9	22.4	0.7	3.2	0.1	19.2	24.7	34.8	41.1
72	14.3	12.7	17.1	17.5	18.9	25.2	28.4	28.8	27	23.1	18.1	17	10.9	16.6	2.4	2.3	17	0.3	10.8	72.6	18.2	20.5	61.3	39.8
73	14.3	15	15.2	13.1	19.7	26.6	28.9	28.9	26.4	20.7	17.4	12.8	28.7	2.5	49.8	65.7	46.6	8.5	2.6	55.5	57.6	30.1	9.7	17.2
74	12.3	11.3	15.7	18.2	22.8	25.7	30.4	31.2	25.6	25.4	17.9	14	84.4	70.4	85.5	76.2	16	9.7	0.1	33.1	57.9	13.8	68.4	3.8
75	14.7	15.8	15.6	16.5	19.4	24.5	29.2	33.1	25.6	23.1	16.5	15.8	30	2.5	10.9	50.1	5.3	6.2	0.6	0	84.7	34.5	79.2	14.8
76	15.7	15.7	12.3	19	20.7	25.9	34	32.2	28	21.8	17.9	15.5	11.6	54.8	28.4	10.5	111	15	0	0	2.9	60.2	99.2	34.6
77	14.2	14.9	15.3	17.7	21.3	26.7	27.9	28.7	28	23	18.7	16.2	51	45.2	32	31.4	10.3	0.3	1.3	36.6	1.6	9.8	108.7	83.1
78	15	12.8	15.4	18.5	23.2	26.8	30.6	31.3	28.4	23.9	17.2	15.4	38.3	81.6	111.2	21.4	35.7	123.7	26.8	12	46.7	97.6	124.2	56.4
79	12.8	16.2	16.6	18.6	21.4	28.1	30.5	33.1	28.4	22.4	17.7	15.6	12.7	7.7	25.1	22	31.5	13.8	12.1	0	0.9	57.6	179.7	1.4
80	15.7	15.2	16.1	17	19.6	26.1	30.8	30.4	27.2	22.5	17.7	15.6	16.4	24.2	34.7	21.3	25.2	0.1	0.3	0.3	25.2	4.7	28	47
81	14.5	13.4	15.9	18.7	23.1	24.8	30.1	30	29.1	21.4	17.6	16.4	69.8	42.7	37.3	4.3	16	0.7	0	0.1	1.1	178.5	17.6	27.9
82	14.7	13.1	15.3	17.8	20.1	24.8	29.3	30.7	25.7	24.5	18.7	15.6	120	104.6	21.2	6.3	7.6	0	8	3.4	104.6	162.2	4.1	64.1
83	14.1	14.8	13.4	17.9	22.6	23.2	33.1	29.2	27.8	22.7	17.3	13.7	58.2	24.4	21.6	21	16.6	3.9	0	7.2	12	122.9	230.9	140.8
84	14.9	16	16.3	18.7	20.2	26.5	31.4	30.2	28.8	23.5	16.5	15	53.2	37.3	72.5	17.6	139.3	45.5	0	41.6	9	27.2	31.9	156.9
85	15	14.5	14.8	18	24.1	25.5	30.5	32.7	29.7	24.9	18.4	16.2	215.2	65.4	149.8	42.8	118	1.5	48.6	0.4	7.5	19.2	66.7	14.5
86	13.7	13.7	14.5	18.4	18.3	28.5	31.3	28.5	29.4	22.2	19	14.8	8.6	62.7	14.3	31.3	28.3	12.7	40.6	6.1	4.2	23.9	36.6	81.4
87	15.5	13.7	15.8	17.7	22.4	26.4	31.4	33.6	27.9	26	19.2	15.2	96.3	126.8	48.6	57.5	0.5	2.7	7.6	4.1	27.6	34.7	121	101.7
88	14	18.9	15.8	16.2	22.7	26.1	31.7	30.8	28.8	23.9	19.9	16.3	41.7	3.2	25.8	40.3	8.4	3	10.3	108.2	29.9	141.3	46.2	33.3
89	13.8	14.9	15.5	17.1	21.4	27.8	31.7	33	30.7	25	17.4	16	60.5	34.7	53.9	29	68.8	15.6	46	0.1	7.8	36.9	95.6	54.6
90	17.4	10.3	15.7	17.1	21.2	27	30.8	33.1	27.1	24.6	17.5	15.5	32.6	144.8	1.1	22.9	21.9	2.1	7.3	0	13.1	110.3	45	18
91	15.1	15.4	16.2	18	21.7	28.8	29.9	32.6	28.5	22.4	18.8	18	46.7	31.2	8.6	7.6	35.8	11.3	0.2	1.5	46.4	74.5	20	150.8
92	14.6	17.5	15.8	17	21.8	29.2	33.1	30.1	28	23.5	17.8	16.7	54.9	8.1	69.7	17.9	14.7	0.7	2.8	11.6	28.8	23	148.1	114.6
93	16.1	15.6	16	18.2	21.7	26.2	32.6	32.6	28.9	22.5	19.2	17.4	21.8	26.7	65.7	16.4	101.6	3.7	0	3.6	24.7	75.3	26.5	7.1
94	13.7	14.9	16.9	18.7	18.2	25.4	31.6	33	26	25.5	19.8	13.7	16	65.8	99.6	108.1	137.2	0.3	0.5	0.2	30.8	27.5	44.4	45.4
95	14.2	13.9	18.3	18.8	24.4	27	32.1	32.5	29.2	22	20.2	15.6	10.6	52.6	18.9	3.9	34.6	7.6	5.6	0.3	29.6	42.6	92.9	62.6
96	14.4	12.8	15.5	21	24.3	27.7	32.6	30.1	29.4	22.9	17.5	18.1	71.6	55.4	123.4	24.7	10.3	101.4	4.6	59.2	28.7	10.5	49.2	76.7
97	16.5	15.7	15.4	18.7	22.7	26.7	32.1	30.6	28.3	24.1	18.1	16.4	13.9	4.2	60	86.1	54.6	26.7	0.9	12.1	12.6	428.7	202.2	83.9
98	15.4	14.8	16.6	16.8	22.5	28.2	30.7	30.3	26.5	23.8	19.2	15.1	82.4	53.1	30.5	66.8	27.1	0	0	0.5	56.3	92.4	30	20.1
99	15.8	14.6	16.8	17.6	22.1	25.5	31.3	31.5	28.9	23.7	19.5	17.1	3.1	111.4	49.3	77.4	111.5	50.8	2.5	4.9	13.6	26.6	7.8	52.5
100	16	15.3	14.8	18	22.4	26.4	31.9	31.9	28.5	24.1	18.6	15.3	23.6	3.7	54.5	22	0	0.5	3.9	0.1	0.4	20.6	111.1	9.6
101	13.5	16.3	14.5	18.3	23.2	28.4	32.7	33.2	28.7	23	18.9	16.4	66.3	7.3	79.8	119	24.4	2.1	2.4	4.2	12.9	154.1	74.5	9.7
102	14.1	14	17.1	20.5	24.4	27	31.3	32	29.2	24.1	19	15.3	138.2	41	37.2	37.4	10.5	59.7	0.2	36.5	5.9	34.3	66.7	77.8
103	12.8	17.9	16.7	19	22.9	25.9	30.6	33.4	29.3	24.2	16.8	15.8	26.7	0.6	0.2	76.8	13.8	31.6	7.4	1.8	1.7	41.7	33.1	60.1
104	16.2	13.2	14.7	18	22.9	26.1	31.3	31.4	28.5	27.3	17.5	15.3	20.1	74.6	21	1.8	10	35.2	0	0	19.9	5.6	29	282.1
105	14.3	14.8	14.3	17.8	20	27	31.7	33	29	25.5	20.4	18.5	89	70.7	19.5	7.4	70.5	18.2	16.9	0.5	2.5	29.3	122.6	17.9
106	16	13.3	17.4	19.2	21.5	29	33.4	31.7	29	24.8	20	15.7	21.9	93.4	54.8	23.3	53.9	89	9.6	7.4	16.9	63.3	5.6	16.1
107	14.9	19.6	15.2	16.4	23.7	29.7	31.8	31.1	28.5	24.4	19	15.7	12.3	10.2	50.1	20	42	0	0	39.3	8.2	19.2	150.9	50.3
108	14.3	16	15.1	18.3	20.8	28.2	32	31	29.3	24.1	18.5	16.9	46	86.6	10.5	113.1	48.6	14	0.3	3.9	31.9	51.8	82.8	4.4
109	14.9	13	15.2	17.6	23.2	27.5	29.2	30.3	27	23.9	19.2	16.2	46.6	51.6	45.9	45.1	17	1.1	0.1	8.7	19.7	61	64.9	30.7
110	13.3	13.8	15.3	18.8	22.3	27.3	31.8	32	28.7	23.8	19.4	17.2	26	231.1	1.8	21.3	25.5	1	0	2.9	54.5	2	70.5	23.1
111	15.7	15.5	17.4	17.5	22.8	29.3	32.1	33.7	28.2	23	20.3	16.3	17.3	27.6	28.8	5.9	46.3	4.7	0	0	38.7	49.4	7.9	29.9
112	15.9	14.6	15.9	17.3	21.8	30.4	31.4	32.5	27.9	23.1	17.5	15.7	41.4	100	20.5	76.8	62.2	38.7	0.2	6.2	37.5	73	5.8	75.6
113	17.1	16.2	15.8	17.9	21.4	28.8	29.6	32.8	26.6	25.4	19	17.1	83.7	8.3	6	3.7	0.4	13.8	8.7	16.8	69.9	92.5	10.7	54.9
114	14.3	16.6	16.5	18.7	21.1	30.4	29.3	33.7	28.9	22.9	19.3	15.5	11.8	20	19	8.5	32.5	2.3	27.7	0	51.2	27.9	88.6	123.3
115	14.6	16.3	13.1	19	20.9	28.6	29.1	33.5	30.1	24	18.7	14.6	39.4	13.5	0.6	25.7	23.6	0	1.2	0.1	5.5	14.7	39.7	5.1
116	14.4	14.4	14	17.8	23.7	27.4	31.5	33	28.9	23.3	18.3	18.1	59.9	30.2	83.2	22.4	19.2	34	6.4	0	36.5	80.3	52	15.7
117	14.6	15.4	13.7	18.4	22.1	27.5	32.6	32.9	27.9	24.7	19.6	16.2	76.4	10.8	80.6	35	35.9	11.5	0.1	0	2.8	216.6	17.4	17.9
118	13.7	14.8	15.5	17	23.1	26	30.9	32.5	29.8	24.5	17.9	16.4	64	23.5	15	12.1	15.5	1.3	5.4	0.9	27.7	69.4	50.5	139.8
119	15.4	13	16.3	18.3	22.5	27.7	30.1	33.4	29.7	26.5	19.6	16.3	38.3	42.2	33.4	23.9	10.2	0.4	0.2	3.9	10.4	22.7	101.6	61.7
120	15.1	14.3	15.6	16.4	24	28.3	30.4	30.7	28.6	21.7	19.7	16.2	28.9	6.8	5	30	10.5	0.3	0	6.2	41.4	186.5	10.2	51
121	15.8	12.4	15.1	18.4	23.8	26.5	29.1	32.2	28.7	22.6	16.9	17.7	13	120.1	9	126.9	19.9	3.6	0	18	26.2	153.5	140.2	43.5
122	14.1	14.6	15.8	17.9	21.4	29.6	28.7	33.1	29	24.5	20.9	15.5	34.1	91.1	36.2	12.1	73.8	1.5	0	0	3.4	41.4	1.5	12.9
123	13.7	14.5	17	18.6	24.4	26.6	32.8	32.9	28	22.6	19.6	16.3	5.2	15.1	68.2	18.4	0	13	17.1	16.6	0.1	74.9	18.2	18.7
124	13.2	17.4	15.4	18.5	22.9	25.9	30.3	31.2	29.4	22	17.3	16	23.3	0.7	23.2	56.8	4.6	1.1	13.9	1.3	59.6	47.9	156.7	86.6
125	15.3	14.5	16.8	17.7	24.3	29.4	29.9	32.1	28.2	25.3	19.5	15.9	64.7	11.8	81.1	19.9	0.3	6.5	0	0	61.1	21.3	12.6	1.6
126	12.3	15.3	16.8	19.1	23.7	27.9	31.7	31.1	29.1	23.7	19.7	15.8	24.7	67.3	2	4.7	20.4	38.5	0	0.2	69.9	69.1	209.3	105.6
127	14.1	14.4	14.5	18.4	22.7	25.7	30.8	31.9	29.2	23.4	19.9	16.7	105.3	12.1	58.7	63.4	82.3	0.8	6.5	0	5	111.5	228.9	60.9
128	15	13.2	14.9	18	20.5	27.9	31.2	31.3	28.2	24.5	19	15.6	14.1	99.7	104.7	130	20.6	0	0.5	35.7	46.5	14.3	225.6	7
129	15.7	16.9	16.3	19.8	20.8	27.6	32.4	33.3	28	24.1	18.5	16.9	13.2	34.9	49.4	24.4	0.9	78.4	1.7	0.9	43.9	6.2	8.3	210.8
130	14.4	15.9	15.7	19.4	22.1	29.3	29.4	32.3	29.2	24	20.2	14.7	50.2	11	27.3	38.2	7.1	0.1	0.1	0.4	9.9	31.4	121.7	84.3
131	14.1	15.2	15.4	19	23.9	28	30.1	32.7	28.8	22.6	20.5	15.3	57.1	20.7	62	17.1	9.1	15.3	0.2	0	29.8	4	121.9	11
132	16.6	14.2	18.4	15.9	24.4	26.5	29.8	34.2	28.5	25.3	19.4	16.3	86.7	49.1	30.9	27.1	20.3	102.7	36	0.1	26.7	70.8	67.3	52
133	15.8	13.8	15.7	16.7	23.9	27.1	30.3	32.9	27.9	24.3	18.4	16.1	62.8	161.6	9.3	24.1	5.1	50.1	0.4	0.1	38.8	36.1	17.2	8
134	15.8	15.8	15.6	19	23.4	28.1	31.7	32.5	28.3	23.7	19.8	17.1	36.5	62.2	41.6	61.3	74	0.5	1.8	1.8	12.2	35.1	19.9	13.8
135	14.5	16	17.7	17.7	23.1	27.4	30.1	29.9	27.9	24.5	18.4	18.6	36.6	15.9	4	12.3	28.7	0.1	3.9	0	14.7	13.6	69.7	119.2
136	14.8	15.5	17.3	17.9	22.3	26.7	31.7	31.7	27.8	23.9	17.6	14.9	47.9	11.6	1.5	59.6	6.5	17.3	6.1	51.7	5.8	9.7	30.8	20.8
137	14.3	15.4	13.9	18.1	20.3	27.4	31	33.4	29.4	25.7	20.7	15	7.3	13.8	80.7	63.8	99.5	0	0	10.8	9	117.9	5.8	124.5
138	14.2	14.2	13.8	18.2	24.1	28.6	28.6	31.7	28.8	22.9	17.9	13.6	14.1	60.5	20.3	5.6	48.6	2.4	0.4	19.5	22	11.2	125.5	90.8
139	13	12.4	17.6	17.8	22.5	29.7	30.8	34.5	28.8	24.1	18.1	14.3	62.2	62.7	5	83.2	76.8	0.3	10.3	0	39.5	215.7	38.9	88.1
140	13.3	15.4	16.3	18.7	21.5	27.4	32.3	30.8	29.2	22.9	20	16.5	71.5	11.3	94.6	12.9	143.3	12.1	5.4	3	33.8	112.8	14.5	67.1
141	12.2	15	15.6	17.3	22.9	25.8	31.8	31.7	27.7	23.6	18.9	17.2	78.4	41.6	10.7	19.7	22.8	4	0.4	0	53.6	106.2	295.1	3.1
142	14.7	13.5	13.8	19	21.1	27.8	31.2	34.2	27.9	22.3	19.4	15.4	4.8	21.7	19	35.4	15.3	10.6	0.7	0.1	76.3	44.9	90.9	71.1
143	15.2	16.8	15.8	18.8	19.4	25.8	33.4	31.4	28.4	24.3	18	18.1	91.9	0.6	22.7	80	37.2	9.9	0.1	5.9	14.6	10.8	38.1	147
144	13.4	18.3	16.9	18	21	26.5	33.8	30.8	29	25.4	19.2	14.4	19.1	22	14	30.3	22.3	0.2	0.1	3.4	32.7	37.8	220.5	145.4
145	15.9	13.7	16.7	18.9	22.5	25.6	31.3	32.4	31	22	18.4	17.6	15.2	15.4	279.8	36.1	34.6	0.3	1.3	1.4	0.1	140.9	137	8.9
146	15.6	15.9	14.8	16.6	23.2	28.3	32.2	33.4	28.8	23.5	18.8	16.3	2.6	9	43.7	48.4	45.6	0	9.5	0	17.7	136.8	74.9	35
147	13.2	16.6	17.1	18.6	22.5	27.2	34.6	34.1	28.5	22.9	18.7	16.4	28.8	64.4	10.3	78.5	34.1	11.7	0.2	0.9	33.3	106.8	85.5	38.6
148	13.3	15.5	13.8	18.3	22.1	26.4	31.9	32.3	28.5	24.8	18.4	15.9	5	17.2	31.7	22.2	43.3	8.2	0	17	11	64.6	6.4	70.3
149	14.1	13.1	15.7	18.8	21.3	28.6	31.3	30.5	29.1	22.8	19.8	17.5	5.5	74.7	13.3	15.7	16.6	0.7	0.4	13.6	3.3	53.9	97.2	45.2
150	14.4	14.4	14.9	17.1	22.3	28.3	30.7	34	26.9	23	18.9	17.3	166.7	13.4	1.8	6	12.5	109.8	1.4	0.1	12.9	104.9	46.7	127.8
151	14	16.1	14.2	17.7	24	24.8	29.3	32.1	29.4	24.3	19.1	18.1	27.6	15.4	73.6	74.1	18.2	1.6	21.2	1.8	63.3	84.3	107.8	94.5
152	14.3	13.4	15.1	19.8	20.4	25.1	30.7	31.8	28.4	23.4	19.7	15	10.1	6.8	385	4	52.7	16.2	0	0	58.4	10.9	35	43.2
153	15	14.8	14.5	17.3	23.8	27.2	30.3	30.9	29.2	22.9	20.5	16	16.4	29.9	111.6	115.2	0.3	14.4	0	20.5	10.3	193.6	110.3	66.6
154	14.6	13.7	16.3	19.3	22.4	29.6	32.9	34.6	28.2	23.6	18.6	16.9	20.8	196.1	24.9	48.5	8.3	0	0.1	0	0	6.5	59.4	36
155	14	14.1	17.2	18.9	22.9	26.9	32	30.8	27.5	23.7	18.5	15.2	13.8	64.1	36.1	25.9	14.8	0.6	7.7	46.4	46.2	27.9	162.7	289.6
156	16.6	14.9	17.1	19.3	24.3	27.4	30.8	31.1	26.9	24.4	18.8	15.2	58.6	29.5	60.7	18.4	15.4	9.8	5	2.7	50.8	17.9	39.8	156.6
157	16.3	14.1	17.7	17.8	22	28.8	31.8	31.7	30.5	24.3	18.8	14.7	10.9	102.2	22.1	164.4	7.5	0.1	2.4	3	1.6	9	157.7	236.6
158	13.6	12.7	16.5	18.4	23.1	27.4	32.5	32.5	28.1	21.9	18.9	15.7	18.8	28.9	18.9	3.2	91.3	3.3	0	10.4	44.2	10.6	5.8	1.2
159	17.4	15.7	14.3	18.5	22.7	28.4	30.5	32.6	27.4	23.5	18.4	14.6	46.3	12.3	16.5	17.3	9.1	41.1	8.7	0.1	82.8	153.3	11.2	14.7
160	14.4	16.5	16.5	18.5	21.9	27.8	30.1	31.8	27.5	25.4	19.9	16.4	71.5	8.6	14.8	32.8	38.5	1.3	4.3	22.6	51.5	100.4	37.4	37.7
161	13.9	14	15.4	20	23.1	27.3	29.5	31.9	26.8	22.8	20.4	15.2	55.9	194.6	24.3	45	19.9	15	2.2	3.1	7.9	128.9	84.1	53.3
162	15	13.8	16	18.8	21	27.3	31.7	30.8	27	23.2	19.2	14.5	23.1	100.2	56.7	16.1	7.5	2.7	0	0.1	55.7	39.2	24.4	141.2
163	14.9	16.8	14.9	17.8	21	27.4	32.3	32.3	27.4	24.5	18.8	14	3.3	42.4	25.4	12.6	17.7	0.2	0	12.5	14.1	22.3	195.5	182.9
164	14.3	13.5	13.4	18.2	21.2	25.5	33.5	32	29	22.3	18.8	16.6	26.9	87.5	75.2	32.5	13.6	7.8	0	12	30.3	240.8	18.9	4.5
165	13.9	16.3	15.4	18.3	22.1	28.5	31	32.1	26.8	23.5	19.5	16	72	1.2	65.2	27.5	18.6	5.4	1.5	7.9	114.4	19.4	172.7	82.9
166	12.7	14.9	14.9	18	21.8	27.7	31.3	33.2	29.5	22.7	21.3	15.1	31.4	21.5	91.2	13.2	180.8	15.4	12.7	3.7	48.5	100.5	99.2	139.5
167	14.5	17.2	14.9	18.4	24	28.1	31.4	31.6	27.8	22.1	18.6	15.1	42.1	39.5	42.5	21.5	19.8	1.5	4.3	37.9	2.2	15	18.6	158
168	12.9	14.8	13.7	19.3	21.7	27	33.7	32.9	26.2	24.7	19.8	14.9	39.3	5.6	63	30.2	76.3	21	1.5	0.1	109.8	54.3	68.7	4.1
169	15.1	12.9	14.3	16.8	21.3	28.9	30.8	32.2	30.1	23.7	18.8	14.5	52.3	133.6	15.1	13.4	39.1	9.7	6.5	0.6	3.7	88	103.2	445.1
170	14.8	15	17.3	17.1	23.9	27.4	30.7	31.9	28.5	22.4	18.9	17.7	53.4	12.1	23.7	27.5	3.7	4.5	39.7	0.1	20.6	67.5	179.8	18.7
171	15.7	14.5	15.6	17.1	23.1	28.1	29.4	33.8	28.7	22.9	19.4	16.7	109.1	29.4	187.7	9.9	85.3	8.9	15.9	0	127.9	101.5	5.8	9.6
172	15.5	15.8	16.1	17.4	21.8	29.2	31.2	31.6	29	23.3	19.8	17.4	50.9	97.4	19.9	44.9	36	0.9	0.7	4.7	9.7	5.4	39.3	177.8
173	15.3	14.1	15.7	18.1	23.3	29.6	31.2	31.3	29.1	22.7	18.2	14.2	12.8	139.3	0.7	15.9	1.1	13.6	0.1	0	15.7	123.8	169.6	179.2
174	15.8	14.8	17.8	19	23	27.2	30	33.5	27.9	24	19.3	14.6	138.6	2.1	1.1	49.3	58.5	53.5	0.1	5.1	11.9	109	112.6	53.3
175	14.7	15.2	16.8	18	20.7	29	29	29	29	22.7	17.7	15.6	13	1.9	44.9	2.8	11.8	53.4	0	6.5	6.5	79.5	97	160
176	15.8	15.5	15.7	18	22.3	26	34	30.5	30.3	23.9	17	17.4	5	25.6	0.7	196.5	9.9	0.3	0	22.6	1.4	24.4	55.1	17.3
177	14.5	13.1	14.9	18.4	22.2	27.6	29.8	31.4	30	23.7	19.3	16	24.7	65.8	159.7	5.5	60.1	10.1	0.7	5.7	0	23.7	81.8	40.7
178	15.2	17.2	16.3	18.8	23.1	28.5	32.1	32	29	24.1	17.4	15.8	6.9	5.3	3.6	87.3	29.9	4.9	0.4	5.6	30	53	103.3	11.2
179	13.6	12.9	15.9	20	22.9	28.7	32	33.2	28.3	23.1	19.8	15.6	13.2	26.7	22.5	10.4	20	0	0	0.4	9.1	39.8	108.7	304.6
180	14.7	15.1	15.7	19.1	22	27.2	28.7	32.3	26.8	24.2	18.9	16	57	55.1	37.5	82.9	19.5	12.2	11.4	38.8	101	60.2	69.9	82.1
181	15.5	11.5	16.7	20.4	22.2	27.8	30.1	34.1	27.5	22.6	19.5	16.7	60.2	114.2	30.4	7	22.7	2	3.9	0	10.6	62.4	27.6	55.3
182	13.3	13.5	14.7	18.7	20.1	28.5	29.8	33.8	27.5	22.5	21.6	15.3	47.1	44.8	26.3	103.2	64.5	0.2	102.1	3.4	110.2	66.5	43.7	29.6
183	15	13	15	19.6	20.7	28.5	32.7	31.1	28.8	23.7	20.5	17.1	35.9	67.8	67.9	4.6	45	0.8	2.5	1.5	6.2	92.3	1.5	77.7
184	15.4	15.7	17.5	18.9	21.7	25.5	29.9	31.1	28.6	23.9	18.8	15.9	26	30.5	9	29.8	50.2	96.4	0	3.8	34.6	41.9	95.7	15.5
185	14.8	15.4	15.1	18.7	22.9	28.1	33.3	31	28.2	24.3	18.9	17.1	10.9	31.4	78.1	122.9	42.9	16.7	0.4	1.8	17	91.9	94.1	207.9
186	14.9	18.7	12.4	18.1	21.4	28.1	33	32.2	26.8	24.1	20.6	15.9	66.7	3	262.8	13.7	10.7	0.1	0.1	0.7	90.9	5.9	30.2	33.4
187	14.9	15.2	15.1	18.4	23.4	26.3	30	30.8	29.3	23.8	19.2	15.7	16.4	44.3	53.5	8.2	14.9	0.7	6.3	2.2	18.9	59.6	101	71.1
188	16.5	15	16.3	17.4	23.3	26.6	31	34.7	29.5	26.1	20.3	16.3	17	76.5	30.4	33.8	34.1	4.1	1.6	0.2	15.2	25.5	65.2	14.2
189	14.2	16.3	15.5	18.6	23.4	28.7	29.7	33.4	29.3	24.8	19	16.6	111.1	72.1	255.1	43.1	25.4	11.2	7.2	0.1	73.7	42.6	87.8	42
190	15.3	14	18.4	18	20.8	29.8	30.8	33	29.2	24.4	18.1	15.3	63.1	87	1	94.1	27.8	0	0	2.1	32.1	6.6	170.3	14.4
191	16.2	12.8	16.6	17.4	22	25.3	32.3	32	29.4	23.4	18.5	16.9	184.9	64.2	117.3	34.8	26.2	45.8	0	0.1	71.6	6.5	108.9	28.3
192	16.3	15.4	16.8	17.7	22.1	27.7	30.9	31.6	27.6	23.4	19.5	16.8	13.5	21.7	3.1	40.6	9.7	5.6	1.1	0.2	23.8	36.5	42.5	260.4
193	14.1	13.1	15	19.1	21.3	26.7	33.2	29.9	28.1	23.7	18.1	17.2	28.6	86.4	104.6	44.8	32.9	52	0.5	51.4	6.4	86.4	85.4	30.5
194	14.7	14.1	14.8	19.3	23.5	27.7	30.6	32.3	28.2	22.2	18.7	15.7	46.3	81.3	88.7	34.7	7.7	0	0	24.9	26.7	76.4	152	78.6
195	14.4	16.8	14.7	18.8	22.7	27.7	32.6	32.4	30.4	23.5	20.1	15	46	39	18	32	5.2	0	1.9	76.9	66.6	52	63.8	59.5
196	15.1	15.9	18	18.3	24.4	27	32.8	30.5	27.6	23	18	15.3	74	16.7	1.2	14.4	29.6	10.2	0	2	19.5	160.9	13.8	270.8
197	15.1	16.1	17	18.6	22.1	26.6	31.4	32.2	27	23.5	20.1	17.3	54.7	44.1	45.4	40.2	78.9	3	0	0.3	224.7	111.8	78	9.1
198	13.9	15.6	17	19.5	21.7	28.2	30.6	32.1	29.6	21.9	17.3	16.9	88.8	17.1	4.8	28.8	14.6	0	0.1	9.8	6.9	298.3	37	156.8
199	15.8	15.7	17.1	18	21.7	27.8	31.9	33.3	26.9	24.1	16.3	17.7	22.5	26.8	6.9	4	113	4.1	37.9	0.6	22	25.2	149	47.5
200	13.6	14.1	15.9	18.4	22.5	26.3	30	31.9	28.2	24.1	18.8	16.4	60.9	67.1	29.4	1.3	32.5	5	9.6	1.2	2.3	9.1	37	107.1
201	15.5	13.8	15.7	18.6	22.4	28	31.3	33.1	27.6	23.5	17.9	15.3	59.4	23.7	6.5	66.4	2.4	17.4	0	0	68.1	1.2	72.1	25.2
202	15.1	12.1	15.8	18.5	24	26.6	31.3	31.3	27.8	23.1	17	16.6	32.6	98	149.2	12.4	6.1	21.6	0	0.8	18.5	58.7	58.4	9.5
203	15.3	14.1	15.4	17.4	23.1	26.8	29.1	33.4	28.2	23.8	18.4	16.9	89.8	133	20.9	17.3	36.7	0.6	0.8	1.9	43.2	7.6	63.8	24.5
204	14.5	17.6	18.4	17	19.8	28	32.6	33.2	29.3	22.7	17.3	14	19.9	2.7	3.4	47.6	23.8	4.7	0.1	0.8	9.1	72.1	62.3	6.4
205	14.7	15.2	14.6	18.3	22.4	24.7	31.6	31.8	29.7	24	18.9	16.2	13.7	8.9	19.8	13.4	5.1	0.7	33.1	0.6	5.1	107.5	30.1	28.1
206	14.7	14.5	18	17.6	22.5	27.9	33.7	30.3	27.6	24.7	19.4	15.4	21.2	12.4	16.5	81.2	29.6	10.1	0.1	36.6	97.6	94.9	118.6	91.5
207	14.6	14.3	14	18.8	22.2	29.4	30.3	31.5	27.9	23.4	18.3	15.9	48.8	23.4	145.6	6.6	3.9	0	18.8	8.5	0.2	65.9	78.3	73.5
208	14.6	13.7	16.2	16.7	20.4	25.9	30	32.7	27.8	23.7	19	15.3	51.3	43.2	17.8	4.1	15.1	0.8	0	0	23.4	69	19.7	66.9
209	13.2	14	15.2	19.1	20.2	27.1	30.1	31.7	29.7	23.9	22.1	14.5	6.8	50.2	19.7	11.4	40.4	14.9	0	16.4	2	27.5	10.6	342.6
210	14.2	13.5	16	18.3	21.8	29.2	32.3	34	29.1	21.4	18.9	16.7	3	60.9	57.9	34.6	25.4	6.3	1.9	0.1	43.9	57	43.9	49.9
211	14.5	15.5	16.6	18.5	24.7	27.8	33	32.5	28.6	23.5	17.8	15.7	26.5	22	14.9	41.8	33.1	0.9	9.9	7.2	50.8	36.6	12.8	67.8
212	13.4	17.1	16.8	17.8	21.9	27.9	30.2	32.1	28.8	23.9	19.5	17.3	57.9	10.8	5.3	7.4	0.9	34.5	0.5	14.7	11.6	158	48.5	28.5
213	14.3	17.8	15.8	18.4	21.1	27.9	31.5	31	27.8	24.1	19.2	16.9	51.7	2.3	63.2	86.4	9	19.1	0.1	4.7	2.6	104.1	73.9	43.7
214	15.2	12.9	14.9	19	21.4	28.4	28	33.6	28.7	24.1	19.1	16	37.7	81.1	79.5	23	1.5	11.4	3.4	0	3.5	30.9	31.9	179.5
215	14.1	13.7	17.8	18.3	20.6	27.2	30.5	33	28.6	23	19.5	16	56.9	30.8	17.1	12.5	43.7	6.5	10	0.1	3.1	59.5	95.9	22.6
216	15.3	13.8	15.2	19.8	22.9	28.2	30.5	32.5	29.6	24.3	20.3	15.9	11.3	60.4	18.6	21.4	1.3	0.2	0.2	10.5	44.5	53.4	6.9	4.8
217	14.9	11.8	13.8	16.7	22.2	27.2	31.3	32.1	27.9	24.3	18.1	16.3	85	27.2	76.1	13.7	7.8	0	9.7	5.1	11.2	107.4	91.8	89.2
218	14.4	14.1	16.4	18.2	23.4	25.6	28.2	31.8	29.8	24	17.9	14.4	9.1	36.6	35	15.2	0.5	12.8	0.2	0.2	30.5	102.5	326.7	124.8
219	17	16	17	19.5	22.9	28.3	32.4	31	28.6	22	18.4	16.1	17.9	13.4	4.6	6.9	19.3	6.7	2.1	4.7	93.9	27.3	6.7	34.3
220	15.7	12.5	16	18.1	20.7	28.5	29.2	31.3	27.3	21.3	19.3	16.2	41	193.7	30.4	86.8	66.9	85.1	75.3	27	46.8	82.2	36.5	52.9
221	13.2	15.4	16.1	17.3	22	27.6	28.7	33.2	28.1	23.5	17.8	16.8	60.9	26.3	97.4	10.3	59.4	13.4	1.4	1.6	29	98.4	120.9	125.4
222	15.2	16.8	15.6	18.1	22.5	27.4	31.8	31.2	27.4	23.8	16.8	15.1	3.7	28.4	23.4	37.2	19.6	0	13.5	49.3	94.4	66.4	337.8	86.6
223	16.4	12.7	16.1	20.4	22	26.2	33	33.1	26.8	24.3	19.8	15.8	18.1	312.4	8.9	58.3	25.4	88.6	0.4	3.2	7	50.6	26.7	60.1
224	14	14.7	15	19.7	22.5	28.7	30.8	32.4	29.2	25.6	18.4	15.6	29.9	39.7	34.8	10.5	25.7	2.1	1.9	11	26.3	46.1	139.6	15.6
225	14.4	15.8	16	19.9	23.1	26.7	31.2	33.8	27.5	22.8	19.7	15.3	5.3	26	11.8	8.1	24.9	8.9	0	38.4	30.4	10.3	84.2	19.6
226	14.1	14.2	14.1	18.7	22.4	26.3	32.9	31	28.4	23.1	20	16.6	6	22.9	93.8	7.5	110.5	0.6	0	1.8	15	73.5	44.3	190
227	15.9	12.6	15.4	20.9	21.4	28.5	30	32.3	27.7	23.1	18.1	16.7	34.5	8	7	5.4	6.3	69.9	0.6	1.2	21.7	24.1	159.9	321.7
228	14.9	18	14.7	17.2	21.2	27.3	29.8	32.3	28.3	23.5	20.3	15.2	85.9	0.3	41.4	116.8	4	1	0.4	0	29.4	56.2	167.1	228.7
229	15.6	13.9	14.6	19.1	24.3	26.5	30.6	32.5	28.5	23.1	18.3	15.2	29.9	40	2.7	36.4	66.3	3.7	2.2	9	15.1	1.3	69.9	34.5
230	15.5	17	18.1	17.5	22.3	26.2	32.1	33.1	29	24.4	20.2	15.1	5.9	3.5	38.6	37.9	9.4	0.2	0	0	4.5	95.8	101.3	37.9
231	15.1	15.4	16.2	19	21.3	27.3	30.4	32	28.6	24	18.7	14.4	4.4	3.9	33	20.3	43.2	0	0.8	1.8	36.5	18.4	48.3	91.1
232	13.8	13	15.3	19.2	24.5	27.5	29.5	31.7	28.3	24.2	18.1	16.1	22.9	20.8	214.5	3.5	76.2	11.7	0.9	0	14.5	21.4	18.2	67.2
233	14.6	15.8	13.3	18.6	20.5	27.2	30.3	31.6	27.5	24.7	20.7	15.4	33.1	12.3	76.5	46.6	107.5	2	1.1	5.3	15	237.7	106	18.9
234	16	15.6	14.2	19.1	23.1	27.3	30.3	31.1	30.6	24.3	18.5	13.8	90.6	4.3	6.3	25	36.3	8.3	0.2	0.1	10.5	8.4	74.7	141
235	13	14.3	16	18.1	22.7	28.2	31.2	31.7	27	22.2	20.3	16.1	128	47.4	29.4	35.4	18.5	2.8	0.3	0.2	19.3	22.2	7.8	7
236	15.2	13.6	15.7	18	24.1	26.5	31.6	32.8	27.5	22.7	20.4	15.5	50.3	9	23.2	2.4	3.8	0.3	0.4	0.1	4.7	8.8	45.9	91.9
237	13.3	15.3	14.6	17.6	21.1	27.4	30.4	32.3	27.7	21.4	19.1	15.9	43.3	3.3	70.8	24.2	40.9	68.4	0	32.3	52.2	17.9	85.5	35.5
238	15.3	14.8	14.6	18.5	22.3	29.7	32.2	32.3	29.5	23.8	19.3	15.8	24.7	12	21.7	10.9	9.4	0.6	0.6	0.3	77.8	229	128	63.6
239	15.9	14.5	15.7	19.6	22.4	28.2	30.5	29.8	28.1	23.5	19	16.1	22.6	123.7	1.7	69.5	2.6	16.5	5.8	12.3	39.3	25.9	247.9	22.8
240	15.4	14.4	15.7	17.5	22.1	27.1	31.1	35.1	27.8	25.9	18.8	16.8	35.4	24.1	74.5	27.4	17.5	0.4	10.4	0.1	53.3	39.2	83.1	25.5
241	13.9	15.9	16.4	16.9	22.1	27	30.4	31	30.3	22.8	18.3	16	71.1	8.9	2.9	84.3	41.1	22.5	23.8	2.5	17.1	4.7	32.3	35
242	14.2	14.9	17.7	18.5	19.3	27.3	32.5	33.5	27.9	23.1	19.3	14.5	76	12.3	11.7	72	14.1	1	56.4	0.2	1.7	113.2	7.5	90.6
243	14.1	18.3	15.9	19	22.9	26.2	30.9	31.2	26.5	24.1	19.4	15.9	98.7	11.5	121.8	40.2	7.1	0.4	0.2	0.3	4.7	56.5	131.5	161.2
244	12.8	17	15.1	18.7	21.9	30.2	31.3	32.3	28.7	24.1	20.7	17.1	43.5	2.9	142.6	56.5	34.8	1.4	0	0.3	16.2	15.7	41.7	155.1
245	14.5	16.3	15	18.7	25.7	27.2	32.7	32.7	29.2	23.5	19.4	16.8	23.8	1	4.3	27.8	0.5	3.6	24.1	1.8	2.1	113.6	8	37.8
246	15.3	14.8	16.7	18.4	21.3	28.2	29.9	31.1	26	23.1	16.4	16.2	55.6	77	48.1	21.4	18.2	8.8	0.2	8.5	31.7	241.6	59.6	56.1
247	17	14.6	17	20.2	21.1	27.5	31.3	32.4	30.2	22.7	18.2	14.5	23.5	225.1	33.5	12.2	36.6	2.6	0	0	9.1	59.4	22.2	12.6
248	13.2	15.2	17.9	19.1	21.3	26.6	33	32.2	27.1	23.7	19.5	16.8	26.1	5.6	6.3	48.8	87.5	0.8	0	0.5	81.2	193.7	111.8	23.8
249	14.6	15.8	16.1	17.5	20.6	26.7	31	30.7	30.5	24.2	18.5	14.7	52.6	7.5	59.7	57.8	10.4	6.9	0	4.5	27.5	48	25.2	98
250	14.5	13.3	14.7	18.9	25.4	26.4	30.7	31.1	29	23.1	20	13.8	36.9	47.9	32.3	32.2	4.3	30.5	3.8	21.1	34.8	345.1	50.3	114.1
251	13.8	14.6	13.9	17.2	21.7	28	29.4	30.8	28.7	22.5	18.4	14.3	75.5	21.1	28.8	15	69.1	0	7.3	1.5	3.9	68.7	23.2	35.1
252	14.7	14.7	15.4	19.1	21.8	28	29.7	32.1	29	23.6	19.9	15.9	18.7	28.4	55.7	23.8	1.4	3.8	12.7	0	10.3	24.2	25.6	59
253	13.2	11	15	18.7	22	27.6	29.3	30.9	28.2	23.9	19.6	15.3	16.5	91.2	137.5	14.7	35.7	0.1	11.9	0.4	164.4	64.1	143.5	134.8
254	16.2	14	14.3	18.8	23.1	25.5	32.3	33.9	28.8	23.5	18.2	17	25.1	25.9	93.3	15.8	170.5	67.7	0	4.9	2.5	44.1	83.5	88.4
255	13.2	15.4	15.3	17.7	21.9	24.6	30.6	32.5	27.7	23.6	18.4	14.4	39.9	4.5	5.7	12.6	19.7	1.7	15.4	8.3	125.6	139.1	19.8	401.1
256	14.3	12.6	14.8	19.3	21.9	27.8	30.1	31.8	26.4	23	20.1	16.9	64.8	72.2	153.8	55.5	36.6	25.6	5	0	36.4	41	209.9	83.1
257	15	11.8	15.5	20.3	22.7	26.1	31.8	31.3	28.9	21.4	16.2	15.4	66.3	334.5	39.7	49	173.8	12.3	4.5	0	32.7	93.2	115.7	105
258	14.2	16.1	16.3	16.8	21.5	26.5	31.1	33.5	28.5	23.7	17.2	15.3	47.6	31.5	68.7	8.5	11.5	0.9	62.1	0.9	13.1	119.9	212	70.9
259	13.2	12.9	16.3	17.8	22.6	28.1	31.2	32	28.6	22	19.9	15	6.1	4.7	5.3	94.9	2.9	28.6	2.2	0.9	8.4	43.5	8.2	31.4
260	13.8	16.5	14.7	16.7	21.5	28.9	27.8	30.6	28.3	23.8	18.2	13.8	17.4	13.6	34.3	26	33.8	32.1	1.2	0.4	4.4	38.5	96.7	373.9
261	14.7	16.1	17.4	17.8	21.4	28.7	32.2	31	27.4	23.3	18.3	17.2	18	28.7	6.1	3.6	56.3	0	0	138.3	148.8	160.1	20.2	12.1
262	17	12.7	18.4	18	22.6	27.3	31.6	30	28.6	24.9	21.2	14.5	28	112.4	11.2	85.7	44.7	0.1	8.5	28.2	34.5	90.8	14.4	184.4
263	13.6	15.2	15.4	16.8	20.7	25.2	30.7	31.3	27.9	24.9	17.8	16.2	7.7	8.1	1	40.3	46.8	20.9	7.8	0	96.4	6.7	7	100.9
264	15.6	18.5	17.9	20.3	23	29.6	29.4	31	27.3	24.8	20.3	14.9	61.1	1.1	17.2	22	25.3	0	0	10.2	53.7	5.2	65.3	31.6
265	16.1	14.1	14.7	17.7	21.6	29.2	32	33.5	28.9	23.7	19	16.4	22	39.3	80.2	37.1	65.4	4.5	0.1	80.1	54.6	33.5	3	61.2
266	14.4	12.5	14.8	17.3	21.1	27	32.4	32.3	26.8	24.9	20	16.9	37.5	64.6	104.9	145.4	12.9	6	2.7	2.3	57.6	47	28.8	97.9
267	15.4	13.7	15.7	17.6	20.4	26.2	30.2	31.3	27.5	23.3	19.6	13.4	67.3	18.8	79.8	49.5	39.2	10.2	2.5	46.2	5.1	18.2	153.3	245.5
268	16.3	14.4	17.3	19.1	22.2	25.6	28.9	28.8	28.2	24.9	20.7	15.8	10.7	117.3	4.9	25.2	65.7	32.5	11.1	37.4	58.1	42.6	76.1	116.9
269	15.1	12.5	17.2	17.6	21.6	26.8	30.7	32	27.6	24.7	18.2	15.4	22.1	8.7	27.1	47.1	5.1	84.6	0.5	2	176.2	28.1	4.5	41.1
270	14.9	13.9	12.8	18.1	21.1	24.6	32	32	29.3	22.9	18.9	16.1	6.4	86.2	87.3	5.4	19.7	17.3	3.3	0	24.1	80.5	197.1	73.7
271	16.1	14.3	15.5	17.7	22.7	26.4	29.3	32.2	28.4	25.1	18.9	14.9	1.2	32.6	18.6	7.5	14.9	1.9	0	9.6	17.2	48.4	38.1	55.6
272	12	16.3	16.9	20.3	20.7	27.6	32.3	29.6	26.9	22.2	19	15.2	55.5	65	23.3	4.8	11.1	17.6	0	41.9	58.8	9.6	35.9	1.7
273	14.9	12.7	19.1	18.2	21	28.7	34.4	32.7	28.6	21.3	18.7	16.1	25.3	69.1	13.3	46.2	74.3	0.2	0	0.5	51.3	154.5	48.2	123.8
274	16.3	18.1	13.9	18.5	22.2	28.3	31	33.2	28.6	21.6	19.7	15.5	53.4	0.1	4.1	3.6	54.7	3	0	3.2	102.8	60	57.9	19.3
275	14.8	13.7	18.1	19.6	24.1	27.5	31	31.6	27.3	24.6	16.7	15.1	15.8	83.1	0.1	31.3	7.1	15.6	5.8	6.1	107.6	69.2	136.1	408.7
276	14.6	13.2	15.9	18.4	25.2	28.6	32.2	32.2	28.5	23.7	17.6	16.6	26.7	77	115.4	16	0.4	26.8	0.4	3.9	13.8	15	52.9	99.6
277	13.1	14	12.3	17.5	23.1	25.2	29.7	29.6	29.4	22	18.5	15.6	12.5	52.9	176.2	21.1	87.5	61.9	0	10.9	0.3	66.3	140	198.6
278	13.3	16.4	15.5	18.8	21	27.5	32.3	32.4	28	23.4	20.2	15.7	9.9	2.8	18.5	35.6	51.9	5	3.3	5.8	47.2	234	55.4	111.1
279	16	14.3	15.4	18.2	22.4	27.3	30.3	31.6	29.8	25.2	19.1	16.9	13.1	110	11.5	48.6	23.4	10.4	3.2	80.2	11.5	82.2	20.1	202.7
280	13.6	14.2	16.1	18.7	23.9	26.4	31.6	32	28.2	22.7	19.4	14.6	103.4	6	62.3	33.3	20.9	74.2	4.5	0.9	2.1	97.3	143.6	34.7
281	15.4	13.5	15.4	17.7	24.1	28.2	32.7	32.5	29.2	22	18.1	16.1	46	120.1	20.4	5	31.6	22	10.9	0	0.5	39	15.2	3.1
282	14.9	16.6	16.9	19.1	24	28.1	32.7	32.5	27	23.3	19.8	16.5	48.4	28.7	37.5	36.1	25.9	12.6	0.4	17.5	103.9	88.5	116.3	56.1
283	13.9	16.8	16.6	18	22.2	28.3	30.5	31.4	27.5	26	19.4	14.1	78.1	48.1	161.6	145	12.7	17.2	0.1	25.5	8.5	31.8	44.1	204.8
284	14.2	17	16.5	18.5	23.5	28.1	32.2	31.4	27.5	25.5	16.6	15.5	39	6.4	94.5	17.6	37.2	0.2	0	0	66.7	81.7	82.7	79.7
285	15	9.3	15.8	18.7	19.8	27	29.7	30.8	27.9	21.4	17.5	15.7	22.4	96.5	60.9	123.6	45.1	8.6	0.1	0	65.2	63.3	20	46.8
286	13.6	12	15.7	16.5	24.2	28.9	30.1	31.7	27.2	21.3	18.9	17.7	28.5	90.2	41.8	147.3	26	2.9	0.1	10.2	40	375	112.7	39.7
287	14.4	15.3	14.6	19.2	21.8	27.1	29.1	32.6	28.4	22.9	20.5	15.3	22.2	7.7	182.8	35	101	0.1	13.9	0.2	2.3	221.1	26.4	154
288	14.8	13.3	15	18	23.8	27.2	31.3	31.6	26.6	22.2	21.9	15.2	26.1	100.3	12.4	15.5	18.8	6.6	2	1.2	91.4	37.1	2.9	20
289	13.3	15.4	17.6	18	20.9	28.1	33.1	29.4	27.5	23.5	18.5	15.2	31.9	38.2	88	38.7	1.2	3.1	0	78.5	4.3	4.1	125.2	93.5
290	14	16	16.4	17.3	21.3	29.1	31.2	29.6	28.7	25	19.8	17.5	33	8.4	4.7	16	50.5	60.3	3.7	37.4	12.3	62.1	10.9	49.3
291	14.8	13.3	15.7	17.3	22	26.8	30	31.6	27.3	23.6	19.5	15.4	24.8	34.3	96.8	11.4	8.9	2	4.1	15.2	74.6	23.4	40.7	4.2
292	16.2	17.1	16.9	19.7	21.8	27.1	30.5	34.1	29.1	22.9	19.6	15.7	67.5	22.7	40.9	37.5	18.7	0.5	0.1	0	6.2	207.7	38.9	57.3
293	14.5	15.9	17.5	17.4	22.6	27.2	33.8	33.1	29.3	23.8	20.6	14.7	26.2	50.5	88.3	36.6	48.1	62.5	0.1	0	42.9	41.9	16.7	166.6
294	16.3	14.9	15.5	19.1	23.2	27.7	30.8	30.6	28.7	22.2	20.4	17.3	41.4	50.5	35.6	6.3	2.6	6.8	0	1.4	0.7	44	50.8	93.6
295	16.8	13.8	17.2	19.8	19.7	27.9	26.4	32.5	27.9	23.8	18.8	16	206.7	36.7	32.9	19.8	63.9	0.6	19.5	2.1	25.6	54.9	393.4	119.5
296	14.5	15.8	16.9	18.9	23.4	26.8	32.2	32.6	27.1	22.9	19	14.6	68	35	62.3	29.2	26.8	0.5	12.7	0	54.6	78.6	24.6	9
297	15.5	16.7	15.7	17.5	25.6	27.1	31	33.8	27.8	23.8	17.4	16.8	21.8	21.5	64.1	24.3	0.3	0.4	11.4	0	18.6	113.8	12.3	92
298	13.9	15.7	16.3	18.5	21.6	27.2	28.5	31.5	28.7	24.4	20.1	15.1	19.5	106.8	3.8	37.4	3.1	17.3	0.1	9.2	24.5	3.8	90.3	28.8
299	14.3	13.9	14.4	17.7	23.7	27	31.7	31.4	29.7	24.1	17.5	15.7	12.2	110.5	28.3	58.6	21.5	8.8	0.1	8.4	7.8	51.5	152.5	126.9
300	14.7	13.9	14.2	18.2	22.5	27.5	31.2	31.2	29.7	25.2	17.4	16.5	104.4	27.8	149.6	12.1	2.8	0.3	0	17.3	35.4	60.6	53.6	201.4
301	14.8	11.7	16.5	18.3	22.4	29.2	32.6	32.6	27.3	24.5	18.3	14.8	44.9	148.5	21.6	31.4	5.1	64.5	4.3	1.7	101.4	94.2	64	142.3
302	14.4	15.6	16.7	18.4	23.5	27.8	32	32.6	29.1	24.4	20.5	16.9	10.3	21.1	1	33.7	26.5	40.2	5.9	8.8	10.4	91.8	67.7	37.2
303	13.4	17.2	16.8	20.2	22.7	25.2	30.5	31.5	28.8	25.4	18.6	16.7	19.2	32	33.7	0.3	4.5	4	2.8	0.6	20.1	69.4	80.2	19.6
304	16.4	15.5	15.2	18.3	23.3	28.2	29.6	31.7	28.2	23.8	19.5	16.3	3.9	41.4	100.9	40.4	4.5	4.7	40.9	1.7	120.4	119.8	77.2	42.1
305	13.9	14.6	14.6	18	22.6	28.9	29.9	29.3	28.4	22.4	18.8	15	7.6	20.8	31.1	70.1	78.4	52.1	0	10.3	32	8.9	148.6	3.8
306	15.3	16.6	16	20.2	23.6	26.5	31.4	31.6	28.3	24	17.6	16.4	51.9	16	5.3	8.1	50.8	25.4	2.6	15.3	2.7	101.9	118.9	54.9
307	13.5	14.8	16.3	19.5	22.2	29.6	30.2	30.5	27.5	22.5	21.5	15.3	15.2	110.5	6.1	55.5	65.7	15	1.3	1.5	2.1	9.8	160.7	287.4
308	15	14	15.4	17.7	23.6	28.6	32	32.1	29.1	23.6	19	15.6	139.4	18.9	7.5	59.1	29.6	4.8	18.3	19.1	38.9	35.3	45.9	185.6
309	14	13.9	16	17.9	22.8	26.7	32.6	31.8	28.9	24.3	17.5	16.6	14.4	10.7	20.1	36.8	14.3	7.4	0.2	1.2	101.6	82.9	23	240.9
310	14.4	14.5	16.8	16.7	23.4	28.5	32.9	32.4	27	23.7	19.9	15	43.7	31.2	62.4	197.5	22.5	0.1	0.1	0.1	32.6	20.4	16.9	121.6
311	13.8	14.8	14.7	17.2	23.3	26.2	29.8	31	27.1	23.6	20.8	14.5	36.9	64.3	24	113.9	42	23.4	8.5	3.7	111.8	107.9	121.2	37.3
312	14.5	14.9	14.7	18.4	21.4	27.5	30.3	32.5	27.3	25.4	20.1	16	53.6	168.9	29.6	49	4.1	1.2	10.1	1.8	8.9	23.7	50.6	91.3
313	12.4	12.3	14.3	17.9	21.7	29.1	30.9	32.2	26.3	25.3	20.4	15.4	5.8	53.3	11.2	122.8	108.6	8.6	0.1	1.8	31.9	10.9	47.6	32.1
314	16	17.6	15.1	19.1	22.9	26.1	30.8	31.3	28.3	22.3	18	14.7	65	0.2	51.6	3.4	18	4.1	5.3	37.2	42	33.8	58	104.8
315	13.2	15.1	16.3	19	21.2	27.2	33.4	32	29.5	23.5	19.2	15.1	8	112.5	1	4.3	45.3	0	0	0.2	39.8	20.9	24.5	276.6
316	14.2	15.1	16.9	17.5	23.5	27.1	31.7	33.8	31	23.8	18.9	14.8	42.7	16.5	6.7	17.2	83.9	0.7	14.9	0	3.3	200.9	18.8	207.5
317	15.4	11.7	17	18.2	22.3	28.3	29.6	31.9	26.9	23.6	17	17.5	115.1	76.4	39.1	18.3	1.1	0.3	18.4	1.9	15	14.8	164.4	60
318	13.6	14.1	14.1	18.6	22.5	26.9	31.7	33	26.7	22.3	17.8	16.6	21.2	74.1	103.6	9.4	20.7	1	0	1	6.8	15.9	116.8	68
319	13.7	14.9	15.3	19.9	23.1	25.7	29.3	31.1	29.7	22	20.2	14.9	37.5	50.5	70.2	14.6	36.5	21	21.2	11.4	40.2	183.2	28.8	44
320	16.1	17.4	16.6	17.8	24.3	26.7	32	33	28.6	25	18.2	15.5	8.8	151.6	41.3	6	9.2	0	0.1	1.9	3.3	5.1	19.9	17.8
321	16.7	14.2	16	17.9	24.3	27.2	29.9	30.2	26.8	24.6	17.4	17.3	47.4	19.2	37	23.3	0.2	8.8	1.9	0.1	15.2	76.1	47	101.5
322	15.8	15.9	14.9	19	21.7	27.3	33.6	31	28.9	24.9	20.6	15.5	30.2	37.7	37.7	8	112.3	8.9	0.2	22.7	11	90.3	18.8	46.8
323	14.4	14.8	14.6	18.2	22.4	28.3	31.5	33.1	29.3	23.4	19.2	16.9	27.8	16.8	49.4	14.7	46.2	0.7	0.2	1.4	20.1	14.2	102.2	52.8
324	15.3	15.3	16.5	18.3	21.3	27.9	31.4	30.7	27.9	21.7	17.4	14.2	41.3	66	4.1	75.5	52.6	5.8	0.4	12.9	7.2	64.2	82.7	112.6
325	15.5	14.7	16.9	18.3	20.2	27.5	32.5	34.9	28.7	24.9	19.5	17.8	42.4	60.7	64.8	8.9	34.2	156.4	0	0.7	0.1	26.2	52.5	125.9
326	15.3	17.7	16.8	16.8	20.4	27.9	31.6	31.6	28.5	23.2	19.2	13.5	47.8	20	10.1	12.6	94.6	37.5	0	0.1	22.3	98	27.5	196.3
327	14.8	14.7	16.1	17.8	23.1	27.6	31.9	30.8	27.1	24.8	20.2	16.4	68.3	63.9	5.1	52.6	0.3	39.6	26	24.3	16.7	85.9	106.9	5.2
328	13.4	16.4	16.9	16.8	24.3	28.3	31	33.7	28.2	23.9	18.3	14.7	72.4	21.9	23.2	26.4	2.4	5.4	0	0	72.9	66.9	106.8	209.5
329	14.4	13.8	15.4	19.8	23.8	25.7	31.4	31.9	28.5	22.8	18.5	15.9	17.9	49.1	104.2	11.8	22.3	43.6	0	1.7	5.2	99.9	249	40.5
330	15.3	12.9	16.5	20.7	22.9	26	31.7	33.1	27.2	23.5	20.3	17.8	8.2	134.1	22.6	31.2	130.6	35.5	1.5	1.8	7.1	47.9	6.4	57.6
331	14.7	15	13.7	18.4	23.2	25.6	30.4	31.4	29.2	20.9	18.7	16.6	3.7	24.1	136.9	21.6	8.2	11.5	8.3	8.3	107.8	17.6	57.9	253.7
332	14.4	14.9	17.1	19.3	21.3	28.4	31.1	33.2	28.5	23.4	19.5	14.8	3.2	38.5	41	27.5	31.9	0.3	19	0.1	53.8	237.4	19.8	163.8
333	15	16.4	16.2	17.9	22.5	26.5	32.6	31.7	27.1	23.6	20	16	9.1	31.3	44.6	7.6	17	13	2	0.1	40.7	19.5	58.8	150.5
334	14	14.8	14.7	17	22.8	26.5	30.4	30.8	29.6	22.8	19.9	16.6	11.3	29.6	7.1	34.5	49.5	7.1	2.5	0.4	13	16	10.5	50.2
335	13.4	14.4	12.3	16.9	22.6	26.6	29.2	32.1	27.7	23.4	19	16.7	59.4	75.5	87.7	46.6	2.1	9.3	3.9	0.3	16.7	58.3	38.4	67.1
336	13.6	13.2	16.9	18.4	22	24.8	32.4	31.3	27.9	22.4	18.6	15	39.6	31.6	0.2	26.1	82.1	105.1	12.3	4.9	7.9	191.1	119.1	144.6
337	13.8	16.9	14.6	17.1	20.1	26.7	30.9	33.4	28.8	24.1	20.5	17.4	11.4	0.8	64.9	10.7	46.5	1.3	0.1	2.4	12.7	153.3	73.1	55.3
338	13.9	16.4	14.6	17.2	20.8	27.2	29.4	29.8	26.6	23.2	20.6	15.3	69.6	8.8	65.3	11.7	2.1	54.7	0.6	0	14.3	115.7	57	56.9
339	15.9	14.8	16.9	19.7	22.6	28.2	30.6	33	27.9	22.6	17	17.2	1.4	28.1	47.5	43.3	74.3	0	18.8	1	31.5	0.5	335.2	15.9
340	15	14.6	15.5	17.9	21.4	27.2	31.1	31.6	28.1	23.5	18.7	14.2	4	29.4	0.4	7.2	12.3	36.3	0.2	18.6	8.9	108.5	105.6	230.1
341	14.7	12.8	17.4	18	22.3	29.1	30.7	32.3	30	21.3	17.9	15.5	44.4	31.3	4.1	18.3	34.7	0.3	35.4	4	0.3	56.1	6.8	21.1
342	12.8	15.3	16.5	20.4	22.4	26.5	31.1	32.3	30.7	23.9	18.9	16.8	23.5	93.7	41.2	19.1	29	8.7	5.6	36.9	30.6	106	86.4	46.2
343	15.2	12.5	13.8	17	22.3	26.9	29.8	32.8	31.1	23.7	18.4	13.2	9.4	50.4	23.1	50.2	5	1	1.5	12.6	0.9	24.8	98.2	79.5
344	14.3	16.5	15.8	18.5	20.2	28	28.3	32.3	26.8	23.9	20.7	16.4	32.1	0.4	9.2	3.3	5	17.5	38.2	3	163.9	147.9	18.2	59.2
345	14	13.6	15.3	19.2	21.8	27.3	30.5	32.1	28.5	23.3	19.5	14.8	3	15.3	25.1	40.1	0	6.9	2.2	48.3	24.2	27.6	197.5	44.7
346	15.7	15.1	15	18.5	22.3	28.1	29.9	32.9	28.7	21.1	19.4	12.7	106.4	24.9	133.8	20.1	5.2	234.4	13.4	0	5.8	86.3	0.9	125.9
347	15	15.4	16.1	17.2	21.8	26.3	31.9	32.5	28	23.6	18.1	16.3	25.2	104.8	50.1	29.5	59	18.8	0	0.3	52.3	32.7	21.1	5.8
348	16.4	13.4	15.6	19.1	23.3	29.6	32.5	31	28	24.3	18.7	16.3	9.5	61.4	42.5	19.2	7.1	17.7	0	0.9	14.1	9.8	7.2	1.3
349	14.2	11.5	15	18.6	23.7	28.4	32.4	33.2	28.5	21.6	19.4	15.8	26.2	287.8	50.1	18.3	26.8	0.2	14	0	45.5	83.4	23.6	23.9
350	15.1	14.5	15.3	18.2	24.2	28.5	31.5	32.1	28.9	23	18	16.8	50.1	2.1	34.9	76.7	37.4	0.7	0.3	0	36	62	89.3	61.6
351	16.4	16.2	17.4	18.5	21.5	26.4	31.6	31.4	27.9	25.6	17.7	17.9	1.1	7.6	51.8	45.7	23.4	1.5	0.5	0.2	15.8	117.8	3.1	36.9
352	14.1	15.3	16.2	17.9	21.6	26	30.8	31.6	28.7	21.5	19.7	17.2	50.5	36.9	33.9	4	8.3	0	9.3	2.8	11.6	94	14.7	68
353	14.6	12.8	14.5	18.4	21.9	26.6	29.5	32.2	27	25.4	20.2	17.5	21.1	22.3	29.9	38.2	18.6	1.7	2.5	5.9	79.7	13.8	27.3	22.9
354	15	15.2	18	16.8	23.6	27.2	32.6	30.9	28	21.9	18.2	18.2	5.3	21.2	13.1	32.9	3.7	4.3	0.2	1.5	42.4	141.8	57.9	82.1
355	15.3	16.5	16.8	16.9	22.6	27.6	31	32.7	27.5	23.5	17.7	13.5	52.3	19.1	2.3	66.5	54.4	45.2	1.1	93.7	10.1	14.2	82.9	419.1
356	15.9	15.3	16.8	17.8	23.3	29	31.8	32.1	26.1	22.6	20.4	16.9	41.3	2.6	17.7	5.6	8.7	1.7	0.4	0	47.5	47.8	43.9	123.4
357	15.7	16.4	16.2	18.4	25.1	31	31.8	30.7	27.3	25.6	18.2	13.1	32.7	3.1	63.4	11	6	0	5.2	61.4	46.7	17.9	49.1	70.2
358	17.2	12.2	15.7	17.2	23.2	28.8	30.3	30.7	28.3	26.5	19.1	17.1	42.3	30.2	55.2	20.9	22.7	0.1	3.1	8.6	17.3	7.5	97	19.4
359	14.7	13.7	14.2	18.5	22	26	31.6	31.1	27.9	22.5	19.3	14.9	48.9	82.2	33.9	13.9	12.8	0	0.1	1.8	2.8	42.9	25.3	25.2
360	14.8	15.7	17	17.4	21.5	24.6	32.9	30.9	27.8	22.4	19	18	101.5	36.9	14.3	15.7	6.8	2.1	0.9	20.4	34.3	107.7	9.9	22.8
361	14.2	13	15.1	17	21.8	25.2	29.1	31.7	28.2	22.5	18.8	18.4	21.3	48.8	132.1	2.7	1	4.4	29.2	0.9	51.2	23.6	28.9	13.6
362	13.8	15.4	17.5	17.2	22	27.1	32.9	31.7	30.7	25	18.6	15.9	22.3	3.3	79.3	52.4	11.8	41.7	2	19.5	6.3	11.3	63.8	27.6
363	12.6	14.9	17.4	17.1	21.7	24.6	29.4	32.5	28.7	23.3	17.5	14.8	18.1	72.1	34.2	32.9	2.8	99.5	0.7	0	59	79.9	71.3	57.4
364	16.7	13.8	16.9	17.9	21.8	26.7	31.1	31.3	27.7	25.5	18	16.8	15.1	9.4	35.7	21.7	2.2	26.6	23.6	63.7	12.1	13.6	154	0.6
365	15.4	16	17.8	18.1	24.6	28.8	31	34.1	27.4	22.3	18	14.6	36.9	9.3	31.6	95.8	72.1	5.8	0	1.3	2.1	137.4	48.2	123.9
366	12.9	14.6	16.8	19.1	23.8	24.3	32.1	33.5	28.1	22.6	20.1	14.9	12.5	5.8	1.3	37.1	16.6	36.7	0.6	23.8	1	7.7	265.2	22.8
367	15.4	12.6	16	17.1	20.4	28.5	32.4	31.9	29.1	22.9	17.3	15.4	3.4	104.3	53.3	39.2	21.9	7.5	0.2	8.7	7.5	79.7	83.2	123.4
368	12.9	15.7	15.6	19.3	22.4	28.3	30.6	34.1	28.5	24	17.9	15.8	5.1	0.6	88.4	2.9	16.5	0.1	28.6	0.9	92.1	27.1	116.6	91.3
369	13.1	13.4	15.2	17.7	20.3	25.3	30.6	31.6	27.7	23.6	18.9	16.4	39.4	47.3	25.8	59.3	28.4	27.9	5.2	1.8	2.7	80.3	191.3	183.7
370	15.5	13.5	15.1	19.4	20.3	28.5	28.7	34.6	28.1	24.9	20.5	16.8	8.1	41.7	3.3	11.6	18	54.5	0.4	0	54.9	24.9	15	213.7
371	14.8	11.4	13.6	17.5	25.8	28.2	30.3	32.6	29.2	24.4	18.8	15.3	144.9	62.1	80.9	61.6	1.4	0.7	31.6	24.9	6.1	9	53.8	88.8
372	14.3	16.8	15.8	18.2	22.6	27.8	32.7	30.9	28.9	23.9	18.9	15.2	77	26.5	84.1	59.5	37.3	17.6	1	1.4	34.1	100.5	43.8	19.4
373	13.7	12.4	16.5	19.6	22.2	27.3	31.6	32.4	28.3	24.3	19.2	15.8	67.3	121.4	28.8	7.4	15.2	15.5	0.6	0	20.8	232	19.7	34.2
374	14.2	15.7	14.3	20.3	22.1	26.9	31.1	29.8	29.9	23.2	16.9	15.7	64.2	14.3	37.8	2.2	7.2	0	0	41.8	9.3	49.6	159.3	30.9
375	15.6	12.4	16.3	18.8	23.9	27.7	31.9	31.6	28.6	22.2	19.4	16.9	3.8	64.4	46	40.8	0	0.1	1.4	4.1	22	25.1	76.4	12.7
376	15.3	12.6	17.1	18.6	23.9	28.7	31	32.7	28.5	24.9	20	16.7	12.5	66.9	58.5	17.1	38.2	11.5	0	18.1	11	5.4	35.7	5.6
377	13.7	19	14.8	17.9	24.3	26.8	32.4	32.8	29.8	24.1	17.7	16.9	4.4	8.6	86.6	17.8	21.7	48	0	5.1	5.5	35.9	35.6	17.4
378	15.6	15.8	14.1	20.3	21.3	27.9	29.2	32.4	30.1	25	20.8	15.3	4.9	39.9	44.2	54	15.3	0.7	1.4	4.5	9.3	53	57.1	25.7
379	15	14.7	16.3	18.6	24.8	26.3	29.5	32.4	26.7	21.8	19.1	14.3	81	34.9	62.9	3	34	8.9	0.2	1.7	43.1	7.3	43.5	54.4
380	14.5	13.5	15.8	16.7	21.9	29	28.2	30.9	28	20.7	19.3	15.5	18.2	52.9	16.9	45.7	45.6	0	1.7	5.1	35.8	226.8	57	27.4
381	16.1	13.2	15.7	18.1	22.1	27.1	33	33.7	29.2	23.4	19.2	16.2	163.2	14.8	203.1	97.1	0.4	0	0	0	3.1	48	31.8	115.5
382	15.1	12.5	14.4	18.9	24.4	26.4	31.6	32.3	27.7	22.4	18.4	16.3	27.4	54.6	31.2	7.9	44.2	1.8	0.8	2	0.8	44.6	123.7	106.9
383	14.8	13.8	14.3	18.4	21.6	27.9	31.4	31.4	29.6	22.6	20.9	18	57.5	246.1	73.8	49.4	1	0.9	0.3	46.1	24.7	2.1	9.4	8.1
384	15.2	16.9	16.3	19.3	22	27.3	31.9	32.2	28.9	24.6	15.4	15.4	35.7	18.2	54.1	3.6	29.9	25.2	0.2	2.9	44	78.7	175.1	107.3
385	13.2	15	16.9	17.9	20.8	26.7	31.7	33.3	27	21.7	19.8	17.3	139.7	53.1	1.2	5.9	51.8	18.7	6.1	1.5	38	4.9	18	16.3
386	13.6	13.9	15.5	18.1	21.8	27.3	31.2	31.6	27.9	20.9	19	15.9	11.4	154	9.8	60.2	10	0.4	2.7	0	189	39.1	33.3	62.8
387	12.9	17.2	16	18.3	23	28.1	29.3	31.5	28.3	24.3	18.5	16.5	27.5	7.3	11.1	68.2	12.4	0	1.4	0.2	29.7	40.4	82.4	0.7
388	14.2	13.4	14.9	16.7	22	26.8	31.2	31.4	29.8	24.9	20.7	15.1	25.9	20.1	42.8	13.4	22.4	2.8	4.4	0	27.5	38.6	46.4	18.9
389	15.8	12	15.7	18.7	21.3	29.7	30.3	30.5	27.8	23.8	19.5	15	60	254.8	171.9	3.9	33.2	0.1	1.2	0.5	2.7	122.3	9.7	145.8
390	15.6	14.3	15.3	18.3	20.9	28.5	28.4	32.6	28.3	22.5	19.8	18.6	28.3	15.3	17.5	4.2	20.9	0.1	11.2	24.9	42.9	48.1	57.6	4.4
391	14.8	14.5	17.9	18.9	21.5	28	29.2	33.4	28.5	24	18.4	14.6	58	39.3	68.4	36.3	50.4	32.1	0.3	4.8	116	62.2	240.5	150.2
392	14.2	14.6	14.6	17.3	21.6	26.7	32.7	32.7	27.9	22.8	19.6	16	162.4	47.9	38.5	55.3	14.6	217.1	19.4	0	35.1	126	25	14.3
393	15.8	14.5	15.7	17.8	23.9	29.1	32	32.6	29	23.3	18.3	14.7	56.3	45.3	14.4	4.9	0.9	21.3	2.7	0.3	38	41	31	213.6
394	15	14.8	16.3	19.6	21.2	27	29.7	32.3	29.4	24.4	19.3	14.5	56.8	28.7	28.4	5.6	15.9	1.2	1.1	0.1	14.6	13.9	92.1	82.1
395	15.5	16.9	15.8	18	20.6	26.7	32.8	32.1	28.6	22.1	19	15.9	87.5	0	5.9	4.8	4.8	6.7	2.5	35.1	12.2	143.5	82	101.2
396	15.2	15.9	15.1	18.6	22.7	27.9	31.7	30.3	29.6	23.6	19.8	17.2	77.8	74.9	33.9	46.8	0.7	0.7	0	0.1	35.6	45.2	203.9	25.5
397	14.7	12.5	16.4	17.4	19.6	26.4	31.1	30.6	27.9	22.1	20.3	16	54.4	68.5	38	27	41.3	4.5	6.1	1.7	8.4	119.1	47.5	37.4
398	13.3	14.6	16.4	16.8	23.3	27.1	31.7	31.8	28.2	24	18.6	17.1	118.1	72.5	41	34.4	3.4	9.7	0	0.1	51.5	13.1	65.1	103.3
399	14.9	12.6	16	17	22	27.8	32.3	32.4	28.8	23.9	19.3	17.3	2.6	192.8	7.3	140.3	105.1	3.2	4.8	2.7	1.1	5.7	10.2	135.8
400	12.9	16.6	14.7	19.5	23.4	28.1	33	29	28.6	24.1	20.1	17.2	19.6	7.6	28.4	11.2	0	2.8	0.3	17.2	16.1	91.5	17.9	10.9
401	14.4	16	17.7	16.9	23.2	29.1	30.7	33.1	28.5	21.3	18.9	16.5	30.5	20.7	62.8	103.1	18.8	17.5	0.1	30.5	1.1	7.3	4.1	7.1
402	15.5	15.7	15.7	18.8	20.5	27.3	31.3	31.4	29.3	25.3	19.5	16	42.7	45.2	0.4	51.8	9.7	39.2	30.9	3.8	119.3	122.7	77.4	55.9
403	15.2	14.6	15.3	18.9	21.5	28.3	33.6	31.3	29.1	26	19.5	15.5	7.4	27.5	21.5	27.7	43.5	0.1	0.2	0	12.7	27.7	36.9	42.7
404	15.3	15	16.8	18.4	22.7	25.9	32.7	31.9	29.6	24.9	18.4	16.4	30.3	63.2	65.4	38.2	5.9	13.7	19.9	15.8	49.1	2.2	176.9	10.9
405	15.4	13.7	16	18.5	23.2	28.5	32.2	33.6	28.1	23.4	21.4	16.2	24.1	17.2	6.7	24.2	23.9	24.9	9.2	5	96.3	98.9	10.2	8.9
406	17.2	16.5	15.2	19.1	23.9	26.2	30.4	31.9	29.7	24.3	18.6	15.2	21.5	44.5	9.1	1.7	17.2	2.4	38.3	3.7	5.7	17.7	222.7	228.1
407	16.2	15.5	15.6	16.7	22.7	29.2	31.4	31.9	27.9	24	18.2	17.9	24.8	15.5	36.9	47.5	71.1	2.1	0.2	0.1	119.8	55.8	79.8	4
408	15.2	13.5	14.4	18.3	22.8	28.4	32.7	31.9	29.4	23.6	20.4	14.8	25.7	222.4	190.9	101.5	30	2.3	0	6	12.2	33.3	53.8	40.8
409	14.3	13.6	16.3	17.8	24.6	27	32.7	32.9	28.5	25.5	18.9	16.5	67.9	18.8	56.4	28.8	1.1	4.3	0.9	0.1	19.4	10.2	100.6	60.2
410	12.3	13.3	17	18.9	21.6	27.6	31.1	30.3	28.5	23.8	18.5	14.8	92.6	56.3	4	29.9	129.5	0.1	0.6	4.8	14.3	68.7	13.5	95.5
411	15.5	12.8	15.3	18.1	21.9	29.3	30.3	31.6	29.1	24.8	20.5	14.7	25	148.5	0.3	41	28.8	0.3	0.3	1.4	5	54.1	121.1	110.1
412	14.5	13.1	15.6	19.1	22.7	28	32	32.3	28.4	22.5	18.7	16.1	40.5	67.6	21.8	22.3	28.1	25.7	8.6	45	28.3	66.6	70.5	103.3
413	14.1	16.1	16	19.7	22.8	26.9	31.7	33.5	28.7	21.9	19	16.5	39.7	42.4	15.5	69.2	69.5	24.1	10.8	0	7.5	12.1	83.8	3.9
414	13.6	12.8	15.6	17.7	23.3	27.1	30.5	34.7	29.4	22.6	20.2	16.7	32.2	78.1	22.5	35.4	4.4	0.3	0.5	4.5	22.4	35.1	11.9	49.5
415	13.5	14.5	16	17.4	22.8	28.8	29.9	33	28.6	24.9	17.1	16.9	26.1	104.8	10.1	79.3	28.9	0.2	4.8	0	52	53.2	179.8	18.9
416	14.8	14.7	13.3	18.8	21.4	25.9	30.5	32.2	28.7	23.7	19.1	16.5	19.9	26.4	44.4	19.9	105.8	1.4	2.9	0.3	20.3	124.8	110.8	95.1
417	14.3	13.6	16.3	18.8	22.7	26.4	31.3	31.8	28.6	24.6	19.7	14.6	48.6	115.2	61	8	10.4	20.1	0	0.9	1	1.7	16.4	38.1
418	15.3	17.2	16.6	18.5	22.4	28.4	30.8	34.1	27	24.4	16.4	15.5	15.3	1	12.2	84.4	2.5	0.5	0.1	0	110.5	7.8	203.7	76.7
419	14.6	13.9	15.4	18.6	19.9	29.2	33.5	32.3	28	22.9	20	17.1	16.8	72.4	56.3	7.1	44	1.4	0	24.6	35.1	95.4	11.8	5.4
420	15.4	13.8	13.3	18.6	22.4	26.5	31.5	33.8	29.2	25.2	19	14.8	17.7	64.2	115	6.4	14.5	2.5	1.5	0.4	120	58	82.6	43.8
421	16	15.4	15.7	20.9	22.1	27.8	31.9	34.6	28.6	23.7	20.2	14.2	78.1	19.5	39.5	22.5	56.6	0.5	2.3	0.4	21	8.5	33.6	57.3
422	14.7	18	16.5	19.8	23.1	25.9	32.5	33.3	27.6	23.8	20.9	17.1	83.1	32.5	51.7	53.4	24.8	15	0	6.8	12.7	13.9	81.4	184.8
423	15.5	15.8	15.7	19.2	24.3	28.5	29.3	31	27.7	23.3	22.1	16.5	35.9	21.8	12.4	47.2	17.9	5.5	20.4	0	5.2	41.7	2.8	0.5
424	15.7	15.1	13.8	17.6	18	27.2	31.4	31.5	28.7	25.4	18.8	17.8	17.6	39.7	168.1	9.6	98.1	9.5	0	7.9	33.9	45.9	10.8	23.5
425	14.7	13.7	13.8	19	23.3	26.1	30.6	31.5	29.1	23.5	18.6	15.8	137.4	34.8	9.2	66.5	15	11.8	0.4	1.9	19.7	17.4	149.1	42.8
426	15.9	15.3	16.5	18.1	20.8	25.5	29.4	31.7	27.8	23.9	17.1	16.3	35.1	190	10.4	46.7	17.1	29.6	1.2	7.8	25.9	20.8	26	41.6
427	15.7	13.8	18.1	18.3	21.9	29.6	31.3	31.8	29.3	25.8	19.2	16.2	27.2	28.4	4.2	76.2	48.1	2.9	12.2	0	19.9	31.3	27.6	40.8
428	15.6	15.7	17.7	17	22.4	27	30.2	31.7	28.4	22.6	18.4	17.9	29.9	47.9	13.3	22.4	19	1.6	0.4	0.2	2.7	139	17.2	10.8
429	15	14.6	17.1	15.6	25.2	27.7	30.7	31.1	26.7	24.5	18.9	16.5	30.7	39.4	44.4	65.7	7.9	21	0.2	3.4	1.1	3.5	60	3.9
430	13.4	14.8	17.4	16.9	22.5	26.1	31.2	34.8	27.5	23.1	19.4	14.9	44.3	35	35.1	73.7	104.7	0.2	20.8	0	18.1	25.7	12.1	161.9
431	14	14.2	16.5	18.4	20.5	27.2	30.7	32	27.1	24.3	18.5	17.2	33.2	86.8	5.6	9.3	66	66.7	1.5	0	35.8	168.8	142.5	98.7
432	15.3	15.5	17.8	17.6	24	27.6	31.2	32.6	27.9	22.3	19.2	13.7	19.1	13.9	2.7	33.4	9.8	0.8	9	33.6	31.7	29.4	42.6	24.6
433	13.7	13.7	14.6	19.1	22.9	28.4	32.1	30.9	26.4	22.3	19.2	17.5	79.4	49.2	188.1	3.8	6.1	0.5	14.5	5.6	155.9	1.9	105.9	51.4
434	14.3	16.6	16.8	17.3	21.4	26.5	31.5	31	28.8	23.8	18.8	15.3	14.9	0.7	9.1	22.2	2.2	1.9	0.1	31.1	10.6	63.6	260.8	100.7
435	14.2	10.9	13.2	19.5	23.8	28.6	30.9	30.2	30.2	23	20.7	16.6	4.6	227.5	60.8	0.6	7.8	8.1	13.3	0.3	20.3	218.5	18.5	94
436	14.9	14.6	17.3	17.8	20.6	28.9	33	34.9	28.2	24.3	18.3	13.8	28.3	41	3.1	37.2	70.3	16.8	0	0	18.8	3.1	57.7	60.3
437	15.2	14.8	18.6	19.3	22	24.6	31.6	31.1	29.3	24.6	18.4	15.4	8	176.6	4.4	13.9	4.8	23.2	0	7.9	49	82.7	15.3	69.6
438	15.1	13.5	16.4	19.9	21.6	27.8	32.6	31.8	26.9	24	19.4	17.2	73.7	145.8	21.5	4.8	29.4	24.3	0	1	232.1	247.5	76.7	6.6
439	14.9	13.5	15	18.6	23.7	28.3	29.5	33.1	27.6	23.2	17.8	15.8	26.3	71.2	328.5	29.5	10.4	0	0.6	0.1	27.3	72.2	31.3	10.3
440	15.6	12.4	15.7	17.2	21.5	28	30.8	32.2	29.6	22.6	20.3	16	10.1	59	34.4	17.9	1.4	2.2	0	3.5	2.5	100	28	115.9
441	15.1	16.1	16.9	17.3	24.4	26	30	35.2	27.6	26.3	19.6	15.8	40.1	14.1	17.2	42.8	0.2	2.2	0.1	0.4	1.9	9	57.3	54.1
442	15.1	12.4	17.6	19.3	20.1	30.9	30.8	31.9	26.4	25	19	14.7	18.9	30.3	67.4	42.4	20.1	0.5	10	21.9	322.5	97.9	3.6	185
443	16	16.1	16.8	18.2	21.3	26.8	32.1	33.5	26.4	23.3	19.4	15.1	60.3	15.4	34.6	21.5	12.5	1	3	0	118.4	25.7	50.8	101.5
444	14	15.1	16.8	18.3	22.1	25.8	30.9	33.3	28.7	23.7	20.1	15.5	97.3	53.9	9.7	9.8	61.7	0.1	9.1	0.3	74.6	34.4	17.1	22.8
445	14.7	16.3	13.8	18.5	22.9	28.6	29.9	28.7	28.4	21.5	20.2	16	43.2	34.9	265.8	27.5	26.7	32.4	0.1	6.6	28.3	52.2	22.9	105.9
446	17.3	13.3	15.6	17.6	23.5	29.8	30.7	33.3	29.5	25.5	18.8	14.9	5.6	92.8	127.7	18.8	5.2	0	19	0.7	19.7	137	30.9	128.8
447	14.1	13.5	16.7	20	21.7	28.7	31.5	32.6	28.5	23.5	19.2	16.2	1.1	167.2	5.6	14.1	105.3	1.2	0.4	0.1	24.3	6.7	15.7	17.6
448	15	14.8	17.4	17.4	24.5	29.4	30.9	31.9	30.6	24.1	19.5	15.5	33	9.6	10.5	14.5	67.1	5.6	22.8	0.1	21.6	27.9	10.5	77.7
449	13.1	14.4	14.4	19.1	22.2	27.5	32.8	33.8	28.8	25.8	17.2	14.7	98.4	12.2	83.1	6.2	146.5	30	0.1	0.5	46.1	172.8	111.2	136.6
450	12.4	15.3	12.4	17.5	22.3	27.2	31.3	29.8	28.4	24.2	17.7	15.1	22.5	11.9	108.5	110	23.3	43.3	21.6	17.7	18.1	125.5	150.3	1.3
451	13.4	15.4	13.3	18.4	21.7	28.5	31.6	31.8	28	21.8	19.8	16.7	23	24.4	58.1	63.1	6.7	1.3	0.8	21.5	45.9	96.7	95.6	34.4
452	14.4	11.7	15.3	17.2	20.7	28	30.1	31.8	28.5	22.1	18.9	15.9	28.4	79.1	111.2	163.5	98.4	15.3	0	0	18.3	54	139	66.5
453	15.1	10.4	16.5	18	21.1	27.2	29.9	31.7	27.4	23.4	18.4	17.7	50.4	217.3	46.4	15.6	21.5	14.1	1.8	8.5	13.7	16.3	93.5	227.8
454	13.6	15	15.8	18.1	21.5	29.6	31.1	33.7	29.2	23.5	19.6	14.3	10	36.4	183.4	31.4	0.1	5.7	9.4	0.1	81.5	24.5	33.4	45.5
455	16.2	18.2	16.3	19.2	22.5	28.5	31	33.4	28.5	24.2	18	17.5	21.1	47.2	21.9	9	26.7	0.4	0	0	65.7	159.5	204.5	32
456	12.6	14.5	15	19.2	24.5	25.8	33.7	32.4	28	25.7	18.2	16.1	17.4	132.6	61.4	58.8	3	18.9	1.4	3.1	12.8	17.1	242.2	204.9
457	14.7	14	17.4	18.7	23	28.6	30.7	31.4	29.6	22.7	18.6	16	77.3	49.6	5.1	3.7	32.5	24.5	0.4	18.5	55.5	43.7	113.3	130.7
458	15.5	14.6	15	18	20.5	26.5	30.9	31.5	26.7	24.3	19	16.5	84.2	94.9	22.9	15.1	58	18.3	23.6	1	43.4	22.6	25.2	23.1
459	12.7	14	17.5	18.2	21.5	28	30.5	30.5	28.1	24.2	21.4	15.1	19.8	39.8	35.7	20	20.6	1.9	0.7	10.2	52.3	15.5	10.6	166.1
460	13.3	14.9	15.6	16.5	21.8	27.7	30.5	30.6	28.6	22.8	17.8	14.5	6.1	91.7	76.9	67.3	21.2	0	0	5.2	51.9	47.4	117	176.8
461	15	9.9	14.5	18.5	21.6	28.5	30.7	32	29.1	23.5	19.4	16.3	9.2	75.1	25.1	7.4	31.2	16.3	0.2	0.1	110.7	66.8	30.1	246.3
462	14.7	15.2	14.7	17.2	22.4	29.6	30.5	29.8	28.8	23.6	17.1	16.5	22.8	41.3	2.9	79.8	2.9	16.5	2.6	22.8	113	64.5	61	7
463	15.8	14.8	15.5	18.8	20.7	27.1	31.4	33.3	30.4	23.4	19.9	15.6	43.8	50.1	63.5	47.1	34.2	31.4	0	0	5.3	52.3	82.8	11.1
464	15	13.1	15.1	17.6	21.9	28.3	30.4	32.5	29.3	24.7	20.2	15.8	80.6	38.6	100.2	59.6	59.7	1.4	2	14.2	3.9	84.4	45.9	87.5
465	14.6	13.5	18	18.6	22.2	26.4	31.4	32.7	27.3	24.4	19.9	16.4	30.6	40.3	39.3	16.8	30.8	2.2	0.1	0.7	59.9	57.1	80.4	86.3
466	15.2	15	14.9	16.6	20.9	29	34.2	32.7	28	22.2	18.3	17	4.6	18	0.9	15.9	61.1	1.3	8.3	0	59.9	270.1	76.5	89.5
467	15	13.8	16	18.5	21.2	27.9	30.6	32.6	29.9	24.3	20.8	16.1	58.1	50.9	16	37.7	10	36.2	31.6	5.3	7.2	118	3.5	56.4
468	14.8	13.2	16	17.7	20.2	26	30.4	32.1	26.7	25.7	19.2	15.7	1.8	221	45.4	99.2	3.4	0.1	11.6	0	110.3	62.2	17.4	32.5
469	15.4	13.6	14.1	17.3	23.2	27.7	31.6	33	27.4	22.9	21.8	16.2	6.5	26.3	19.3	20.5	92	22	0.7	0.2	6	63.6	207.5	158.3
470	13.7	13.7	15.4	18.1	21.6	28.1	29.1	32.5	27.9	23.3	19	15.5	89.2	47.2	75.1	22.6	6.3	0.9	5.8	13.4	1.8	11.9	15.6	32.8
471	14.5	14.3	16.6	17.6	24.2	25.5	29.7	32	29.2	25.5	18.9	16.7	71.4	91.6	65.8	26.3	23.8	1.7	3.5	9	48.2	162	121.3	32.1
472	14.8	15	17.5	20.2	23	28	28.9	32.6	27.3	22.4	20.8	17.4	66	27.8	73.7	15.1	21.9	1.3	0	4.7	4.9	121.5	53.4	50.8
473	15.1	16.6	15.5	17.5	21.1	27.1	29.5	33.2	26.7	22.6	19.3	17.7	11.2	53.2	43.1	40	20.3	64.7	3.5	0.2	14.6	32.9	154.1	161.2
474	14.8	12.4	14.8	18.6	23.9	26.7	32.2	29.8	27.5	25.6	19.1	16.5	25.4	112.3	25.6	24.2	12.2	1.5	1.7	15.6	0.2	4.1	32.5	79
475	15.8	17	15.7	18.7	23.8	25.7	29.8	30.5	28.7	25.3	19.3	14.7	80.4	59.9	32.4	44.9	13.2	17.6	0.1	21.5	27.8	38.9	34.7	271.9
476	14.4	13.8	13.6	17.5	22.7	26	30.9	31.7	28.5	25.2	18.1	16	28	121.9	83.8	15.2	5.4	1.4	1.5	1.3	37.7	97.2	40.5	22.5
477	15.5	12	18.5	21.6	24.5	30.2	32.8	30.6	28.1	22.9	19.6	15.3	176.7	41.1	39.5	1.2	2.6	0	0.1	0.1	60.9	25.9	76.2	245.3
478	16.5	15.3	15.4	20.5	22	28.2	32.2	32.5	28.7	27.3	20.4	16.9	3.7	2.7	36	5	10.1	50.7	0	0.1	31.1	5.9	300.4	53.8
479	13.7	16.7	18.7	18.3	22.4	26.2	28.9	32.9	26.1	23.4	20.6	14.8	46.9	18.9	12.2	38.5	49	4.5	19	0.6	106.1	79.2	22.9	88.3
480	14.6	14.4	17	20.3	21	26.9	30.4	31.6	27.8	23.4	18.9	17.1	26.3	2.2	88.6	4.9	85.9	0	0	8.7	18.8	5.7	32.7	31.8
481	16.2	12.6	14.9	18.6	20.8	28.2	28	30.8	27.2	23.5	19.8	14.3	26.1	18.4	11.9	4.8	56.9	71.3	33.6	8.7	15.5	5.6	94.7	20.4
482	14.4	13.3	16.4	18.4	22.1	28.9	30.3	31.8	28	22.6	19.6	14.9	39	103.4	8	83.4	18.9	12.4	0.8	1.1	42.5	71.8	28.3	148.7
483	16	15.1	15.9	17	22.7	30.4	31.5	31.2	27.4	25.4	19.3	14.5	114.6	7.5	29.3	42	8.1	0.1	0.1	9.5	30.9	26.6	20.8	115.4
484	14.9	15.7	17.9	19.5	25.5	26.7	31.9	31.7	28.6	25	18.4	15	19.4	19.4	3.6	15.1	2	1.4	0	0.1	6.4	9.1	249.5	17
485	14.1	14.6	16	18.3	24.2	26	30.3	34.2	29	23.8	19.2	16.4	32.5	54.7	12.7	7.6	10.4	2.1	0	0.6	3.5	121.2	14.7	45.3
486	13.7	16.2	18.4	18.1	21.2	26.7	31.3	30	29.9	23.5	19.2	15.4	17.2	4.3	3.2	5.5	43.4	19	18.4	4.7	9.7	7.5	20.1	18.2
487	14.9	15.1	15.4	17.2	20	26.9	31	32.3	28.5	22.4	18.3	15.1	142.7	27.3	75.3	29.1	45.7	20.9	1	21.2	13.3	89.8	54.4	6.4
488	14.4	17.2	18.1	18.2	25.5	25.8	31.1	32.2	27.6	23.5	20.7	17.6	25.3	0.5	60.7	97.4	27.7	0.3	0.8	0	1	25	7	22.8
489	13.2	12.9	15.4	19.1	23.1	28.3	30.6	31.6	28.6	23.9	17.1	16.7	39.4	9.9	5.4	39.8	0.9	4.5	0.2	6.3	25.7	60.6	151.8	37.6
490	13.4	15.1	16.4	17.6	23.7	27.1	30.8	32.5	29.5	25.8	18.7	15.9	66.7	4.8	3	12	6.3	8.1	2.1	0.2	1.7	43.9	71.5	280
491	15	13.2	16.2	18.4	20.7	27.9	30.5	33.2	28.5	23.8	18.7	14.4	28.5	21.8	13.9	50.4	18.4	0	6.6	1.2	30.7	60.1	47.8	126.8
