#header info#
40.4	#latitude; used for cacluating drought index in model bugmann#
65	#meter a.s.l. of climate station#

#temperature lapse rate with increasing altitude: #
-0.48	-0.51	-0.46	-0.49	-0.46	-0.37	-0.31	-0.35	-0.42	-0.38	-0.47	-0.50

#precipitation lapse rate with increasing altitude: #
5.97	3.12	2.35	4.56	1.71	0.74	0.49	1.16	0.79	0.31	1.82	7.01

100	#meter: corrections (see above) every x meter. #

#	mean monthly temperature (∞C) total monthly precipitation (mm) #
#year	jan.T	feb.T	mar.T	apr.T	may.T	jun.T	jul.T	aug.T	sep.T	oct.T	nov.T	dec.T	jan.P	feb.P	mar.P	apr.P	may.P	jun.P	jul.P	aug.P	sep.P	oct.P	nov.P	dec.P#
1	10	12.8	12.3	14.7	20.2	22.6	24.2	26.6	23.3	20.1	16.1	14.5	57.4	1.2	43.9	18.2	2.8	24.9	0	0	9.8	48.5	2.1	75.3
2	10.3	11.4	13.3	15.1	19.1	20.8	22.7	24.8	21.2	18.8	16.5	11.7	1.5	12.8	24.8	26.2	6.3	4.5	0.6	4.2	9.8	292.4	173.8	78.4
3	10.4	10.5	12.3	12.3	17.9	23.8	23.6	24.8	22.6	16.6	14.4	11.4	11.7	213.8	128.4	24.5	64.1	37.6	72.2	10.9	7.7	113.1	31.4	153.8
4	10.9	10.6	14.2	14.3	18.5	20.8	23.1	24.7	22.8	21.4	13.1	10	59.8	16.8	25.1	4.6	0.5	0.3	70.7	4.5	51.4	98.1	58.3	88.3
5	12.9	9.6	13.7	13.7	17.8	23.8	24.6	24.4	24.1	19.8	16.7	11.8	24.8	46.3	18.7	30.1	160.9	61	0.6	8.5	41.2	63.7	71.7	31.9
6	12.2	13.4	11.5	14.4	15.3	22.9	25.6	27.7	24.1	20.7	14.6	11.5	33.9	3	109.9	80.3	13.1	6.5	0	4.3	15	1.4	135.4	124.7
7	11.6	12.2	11.1	15.1	18.6	23.1	26.3	26.4	22.8	19	13.3	12.9	16.9	32.6	30.4	14.9	3.9	0	1.5	6.7	10.5	90.7	91.4	0.3
8	10	13	12.7	13.4	17.4	22.5	23.7	25.9	24.2	19.4	14.7	11	108.2	28.3	47.4	48.5	9.6	0	0	0	34.3	88	150	152.3
9	9.6	13	11.7	13.4	18.1	25.5	24.4	25.6	23.6	20.1	15.9	12.6	43	25	27.2	44.6	4.8	0.2	7.1	1.4	16.6	17.2	2.3	81
10	12	10.1	13.3	15.2	18.5	22.4	25.7	27	22.7	17	14.8	12.1	6	211.4	50.6	144	34.6	31.3	53.3	0	49.8	62.4	142.6	38.2
11	11.7	13.1	13.2	14.9	17.5	22.7	25.2	27.2	22.8	20.3	16.3	11	255.2	20	10.3	40.9	20.3	1.4	0.5	1.6	31.6	26.6	22.5	16.9
12	10.1	14.2	13.2	12.5	17.8	23.1	25.8	25.6	25.1	20.5	17.3	13.4	10.5	7.4	23.8	165	4.8	57.8	10.8	5.9	2.8	12.2	98.7	22
13	12.5	9.8	12.6	15.6	17.9	20.5	25.1	26.4	24.3	20	15.9	12.6	26.4	124.2	29.1	7.5	0.5	7.1	0.6	0	21.5	108.2	13.2	28.1
14	10.2	10.6	14	14.7	18.2	23.6	26.1	28.1	24.2	20.4	15.4	13.2	4.3	82.2	14.4	30.8	77.7	5.4	3.1	18.8	2.4	29.5	136.1	18.9
15	12	13.6	13	13.9	19.1	22.4	26.8	28.3	24.1	22.6	14.8	13.2	32.5	12.8	46.8	92.9	9.3	40.3	1.1	0.7	89.9	51.9	213.5	38.2
16	13.1	10.7	10.1	15.2	18	23	25.2	26	24.9	20	14.4	12.2	88.9	34.3	63.1	89.8	30	126.2	22.8	0.5	125.7	96.9	57.2	32.6
17	12.2	11.4	14.7	15.8	20.2	22.5	25	27	21.6	18.1	15.9	10.5	3.9	35.6	25.2	67.5	23.1	14.2	22.1	10.5	3.5	49.9	31.2	15
18	12.5	11.1	12.4	13.9	19.4	24.4	26.3	28.4	25	20.5	14.4	11.3	30.2	12.4	9	17.2	1.8	2	0	0.9	11.8	82.4	188.1	123.3
19	10.6	11.5	12.4	14.6	15.9	20.9	26.1	26.1	22.5	19	14.6	13.9	127.5	34.6	64.3	28.2	66.4	38.1	0.5	34.1	167.5	81.6	41.1	10.1
20	11.3	12.5	12.8	14.3	19.8	23.1	27	29	23.5	19.7	14.7	10.1	180.1	24.5	44.8	29.6	18.8	3.5	0	3.9	2.2	21.7	62.1	233
21	10.3	10.2	14.1	13.7	17.1	23.7	27.2	27.1	22.2	19.6	15.3	11.7	56.4	73.2	1.4	104.5	17.1	3.6	0	1.1	52.2	71.8	151.5	76.5
22	11.9	10.8	12.2	13.9	17.6	23.2	28.4	27	24.4	20.3	15.7	13.7	99	145	200.3	99.2	215.7	11.8	0.6	11.9	39.9	51.2	130.9	26.4
23	13.2	8.4	15.3	14.6	20.3	24.4	26.2	26.4	23.5	18.9	15.4	13.3	27	130.3	27.2	29	3.5	6.9	0.8	67.7	87.8	26.2	452.8	73.5
24	12.8	11.6	13.1	16.3	19.2	24	25.2	30.5	24.5	21.5	15.5	13.2	97.9	78.5	207.3	11.6	4.3	0	35	0.3	5.1	55.3	69.5	5.9
25	12.6	13.3	12.6	15.4	18.6	21.7	26.6	26.1	23.2	19.5	16.1	10.8	32.1	56.5	93.7	71.1	15.8	8.6	19.1	17.7	58.3	7.7	37.1	102.8
26	10.4	10.1	14.7	16.2	19.3	22	27	26.9	23.8	19.5	15.4	13	46	49.2	35.6	78.3	3.1	0.5	2.5	1	2.1	95.3	175	63.7
27	12.9	9.9	13.6	15.5	18.1	22.9	28.5	27.3	22.4	18.1	15.5	12	40	15.5	2	63.9	109.1	0.9	0	12.8	10.7	63.4	171.4	183.5
28	10.5	14.2	13	16.4	17.9	21.4	26	28.6	24.5	20.6	14.7	11.7	28	51.2	9	11	8.4	2.6	50.5	0	3.3	19.8	372.5	219.5
29	11.5	11.4	12.3	13.7	17	23	25.9	26.4	23.7	20	16.3	13.1	205.7	19.7	73.1	17	74.5	1.3	5.6	3	35.7	22.5	23.3	60.4
30	10.7	13	14.5	16	19.5	23.2	25.6	24.9	25.2	20.7	16.1	15.5	31.4	34.8	16.8	94.3	68.6	4.5	5.2	102.1	15.3	77.4	18.4	37.7
31	11.9	13.5	12.7	16	15.4	24.6	28	28.8	22.9	22.2	16.8	14.2	53	1.3	120.4	75.2	56.7	73.6	0.7	1.3	11.3	10.2	207.4	43.8
32	11.2	11.9	14.2	15.3	18.5	23.1	25.2	26.4	24.2	19.9	18.5	12.6	28.2	165	27.1	19.7	2.1	8.4	0	7.9	47.3	68.2	15.6	24.6
33	11.2	13.4	12.6	15.2	16.8	22.5	26.2	27.5	24.3	22.1	15.8	14.6	17.9	9.3	81.3	67.8	82.7	0.1	0	4.2	9.4	61.8	109.9	21.1
34	10.5	11.3	13	17.8	17.3	23.5	26.3	29.4	25	19.2	15	12.6	42.6	35.5	31.1	62.8	1.7	2.8	0.1	31.7	2.1	32.1	13.8	48.8
35	9.7	11.8	12	16.4	17	22.8	27	28.5	24.2	21.2	16.4	13.7	44.1	7.2	202.1	14.9	80.1	0	46.6	33.1	63.3	20.2	13.3	64.5
36	13.9	12.7	13.5	15.2	16.1	21.8	27.3	27.9	25.5	19.1	16.3	14.7	58	0.9	16.8	41.1	71	12.5	0	0.2	0.5	174.9	27.3	97
37	11.1	10.8	12.5	15.4	19.1	22.7	26.9	26.8	25.9	21.2	14.7	12.8	147.8	22.8	8	92.6	34.7	9.7	0.2	17.6	44.4	38.1	236.7	151.1
38	13.6	11.9	11.6	15.4	19.8	23.6	27.2	27.4	24.5	21	14.6	15.2	7.8	41.7	49	19.2	38.5	3.4	9.9	1.8	36.4	41.5	95.9	8.1
39	13.3	14.4	13.4	15.4	20.3	23.4	26.7	27.4	24.6	19.4	15.7	13	71.1	135.1	103.7	13.6	36.3	6.5	0	5.4	47.6	28	44	0.3
40	12.9	8.9	13.6	14.9	20.5	21.6	26.5	26	24.6	20.6	16	12.1	62.2	174.2	31.4	10.6	8.4	46.4	0.1	8.6	167.9	88.5	129.7	135.5
41	11.2	12	11.7	15.6	21.8	25.2	25.5	25.5	23.1	20.6	15.8	12.5	25.3	13	42.7	28.8	17.3	2.1	0	0.4	156.4	37.9	6.8	85.4
42	11.1	10	12	15.5	21.1	24	24.6	26.7	25.4	19.3	15.3	12.5	46.9	124.5	60.6	64.2	130.5	15.9	3	0	32.5	97.4	179.3	34
43	11.5	12.4	14.2	15.7	18.2	25.2	26.6	26.8	25	19.5	17.5	13.5	95	81.3	46.5	17.1	3.9	1.6	9.8	4.5	85.1	266.8	91.4	101.5
44	13.3	13.4	11.5	17.4	18	22.5	25.5	26.8	25.7	19.7	14.1	11.4	36.1	9.2	261.3	45.2	6.2	17.5	0.7	2.7	8.7	74.7	46.7	111.9
45	11.3	12	11.4	16.1	19.1	24.7	27.1	28.9	25.8	19.6	17.1	14.2	17.4	12.6	110.1	7.9	71.1	6.3	6.9	0.6	13.8	111.6	28.6	5.8
46	13.7	14.4	12.8	14.1	18.3	23.2	25.4	28.8	23	20.3	15.7	12	175.8	28.6	7.2	29.1	50.6	2.4	0.8	0	52.6	116.5	19	169.3
47	11.5	13.1	14.2	14.3	18.8	21.9	28.2	27.4	25.1	22.3	14.9	12.8	125.2	7.3	88	46.4	9.6	19.7	0.2	2.1	114.2	10.3	79.3	13.4
48	13.3	13.6	13.3	15.5	19	23.7	26	28.8	22.8	21.7	16.7	11.5	139.3	6.9	34	12.9	21.9	11.7	8.4	0.8	0	81	16.1	164.6
49	12.5	11.1	15	15.1	21.5	24.7	26.6	27.9	23.8	21.3	15.8	13.1	17.9	31.1	4.3	96.1	19.9	0	16	5.9	46	168.2	76.5	181.7
50	11.3	12.2	11	15.3	20	23.6	28.6	29.2	23.4	20.4	16	14.1	87.1	7.5	175.2	71.4	1.8	11.2	1.9	0.8	27	40.3	21.9	64.4
51	12	12.1	12.5	16.7	18.5	23.2	26.9	27.6	23.9	19.1	16.1	13.4	7.8	86.7	12	3.1	51.9	11.1	7.4	0.4	14.2	62.7	9.1	13.2
52	12.8	12.8	14.1	14.6	18.7	23.9	26.8	28.1	23.5	22	15.4	11.8	31.7	18.7	40.1	5.7	9.7	5.4	19.7	0	7.2	75.6	77.6	369.7
53	13.2	10.6	12.6	15.6	17.2	23.9	27.7	28.1	24.4	21.3	16.1	13	6.6	30.8	261.4	14.8	34.9	0.1	5.8	65.7	2.1	49	126.1	91
54	11.8	15.2	13.9	15.9	20.4	26.3	28.1	26.5	24.5	22.3	17.8	11.9	29.2	9	56.4	21.7	13.2	0	1.6	4.7	84.1	339.3	16.7	66.5
55	13.5	11.5	11.8	16.5	18.4	22.6	28.4	27.2	23.9	20.7	16.4	13.5	5.4	38.1	146	18.2	115.4	7.8	1.2	68	34	72.9	238.2	21
56	12.1	13.3	14.1	15.9	18.1	24.6	28.3	27.2	23.7	20	16.3	11.5	62.6	32.5	53	58.1	28.8	3.5	0.2	31.4	110.5	15.1	63.7	170.3
57	13	11	14.7	15.3	22.5	24.1	23.6	27.8	24.1	21.9	14.5	12.5	15.4	6.8	5	31.5	0	1.4	0.5	4.5	98.9	33.3	4.4	65.7
58	12.2	12.4	13.1	14.7	20.6	23.8	28.1	26.9	22.6	18.9	16.7	12.9	55.1	207	70.1	41	14.7	1.9	0	0	30.6	115.1	66.9	186.9
59	13.1	12.6	15.1	15.4	21.8	23.2	26.9	29.8	24.6	20.7	15.8	13.5	97.2	78.4	58	10.8	56.5	0.5	0	0	32.8	143.1	161	87
60	12.4	14.3	11.8	15.1	19.2	23.6	26.5	28.2	25.3	21.4	15.1	14.8	223	96.6	149.8	58.5	56.1	25.2	0.1	2.2	8.9	10.2	46.4	19.5
61	12.7	11.7	13.3	15.7	20.1	24.3	28	28.3	25	19.2	16	12.8	42.8	11.8	107.6	22	15.8	6.4	0	0.1	15.4	96.1	262.5	85.5
62	11.6	12.8	13.8	14.9	19.3	23.9	26.3	26.8	24.2	20.7	16.3	14.5	18.1	25	45.7	15.9	8.9	170.8	12	10.4	124.3	87.9	47	51.9
63	10.8	14	14.6	15.2	19.4	25.6	26	30	23.9	23.2	16.2	12	49.5	14.1	20.8	15.8	4.5	3	3.3	0	13.2	20.3	100.7	43.8
64	11.8	12.1	12.1	16.2	20.4	23.2	29	27.3	25.4	21.4	16	15.1	86.6	19.3	33	25.2	62.3	3.7	3.1	1.8	16.6	66.2	22.9	37.5
65	12.8	12.4	12.2	15.5	18.7	20.2	29.1	26.3	24.7	19.7	17.2	13.5	36.7	6	119.3	34.1	70.6	9.6	27.5	0.2	122.5	94.6	150.4	72.6
66	11.6	13.3	15.1	15	18.3	24.2	24.9	27.7	25.5	20.6	15.4	14.4	67.1	35.5	67.4	184.1	9.2	26.7	0.7	3.1	131.5	160.3	97.3	41.7
67	12.8	11.4	13.4	15.7	17.7	22	28.3	28.3	24.9	21.1	15.6	13.1	5.7	72.4	42.9	28.4	22.4	43	0	2.4	16	142.1	122	30.5
68	13.3	9.9	13.8	16.3	19.8	22.7	24.2	28.7	23.1	19.8	15.8	13.6	41.4	219.1	174.6	2.9	40	28.7	14.2	0.1	151.4	11.4	167.9	13
69	11.8	12.1	14	18.1	20.1	24.5	26.5	27.2	22.7	21.8	16.7	14.2	73.2	49	26.1	13.7	18	0.8	0.8	8.3	71	37.5	103.9	142
70	12.1	12.3	13.2	15.4	20.9	25	27.3	30.4	23.3	21	15.3	14.8	66.9	9.2	89.2	3.4	1.6	0	0	8.2	7.4	249.8	75.1	137.2
71	10.8	12.3	14.4	14.4	20.1	24	26.7	29.6	24.9	21.1	17.4	14.2	4.8	46.3	16	8.7	23.7	0.7	3.2	0.1	22.7	26.6	36.2	45
72	12.8	11.3	15.7	16.1	17.5	23.1	25.9	26.4	24.9	21.2	16.4	15.5	11.2	17.8	2.8	2.6	18	0.3	10.8	75.9	21.5	22.1	64.1	43.7
73	12.8	13.5	13.8	11.7	18.1	24.5	26.3	26.4	24.3	18.8	15.7	11.3	29.5	2.7	57.8	73.4	49.5	8.8	2.7	58.4	67.8	32.6	10.2	18.9
74	10.7	9.7	14.2	16.7	21.2	23.4	27.7	28.6	23.3	23.4	16.1	12.4	86.7	76.5	99.1	85.7	17	10.2	0.1	35	67.9	15	72.4	4.1
75	13.1	14.2	14.1	14.9	17.7	22.2	26.4	30.5	23.3	21	14.7	14.1	30.9	2.7	12.6	56.6	5.7	6.6	0.6	0	99.2	37.8	84.4	16.3
76	14	14.1	10.7	17.4	18.9	23.5	31.2	29.4	25.5	19.7	16	13.8	12	60.2	32.9	12	118.7	15.8	0	0	3.4	66.3	106.3	38.1
77	12.4	13.2	13.7	16	19.4	24.2	24.9	25.9	25.5	20.8	16.7	14.4	52.7	49.8	37.1	35.9	11	0.3	1.3	39.2	1.9	10.8	117.2	91.6
78	13.1	11.1	13.7	16.8	21.3	24.2	27.5	28.3	25.9	21.6	15.1	13.6	39.7	90.4	128.8	24.6	38.4	131.1	27.1	13	54.3	108.5	134.8	62.2
79	10.9	14.4	14.9	16.8	19.3	25.4	27.3	30	25.7	20.1	15.6	13.7	13.2	8.6	29.1	25.5	33.9	14.7	12.2	0	1	64.3	196.2	1.6
80	13.8	13.3	14.4	15.1	17.4	23.3	27.6	27.2	24.5	20.1	15.6	13.7	17	27	40.2	24.8	27.2	0.1	0.3	0.3	29.1	5.3	30.8	51.9
81	12.5	11.5	14.1	16.8	20.9	21.9	26.8	26.8	26.3	19	15.4	14.4	72.8	48	43.2	5	17.3	0.7	0	0.1	1.3	201.3	19.4	30.8
82	12.7	11.1	13.5	15.8	17.8	21.8	25.9	27.4	22.8	22	16.4	13.6	125.4	118.2	24.6	7.4	8.2	0	8.1	3.8	120.3	183.8	4.6	70.9
83	12	12.7	11.5	15.8	20.2	20.1	29.7	25.8	24.9	20	15	11.6	60.9	27.7	25.1	24.8	18	4.2	0	7.9	13.7	140	258.5	156
84	12.7	13.9	14.3	16.5	17.7	23.4	27.8	26.7	25.7	20.8	14.2	12.8	55.8	42.5	84	21	151.5	49.1	0	46.1	10.3	31.2	35.9	174
85	12.8	12.3	12.8	15.8	21.6	22.2	26.9	29.1	26.6	22.2	16	14	226.2	75	173.5	51.2	128.6	1.6	49.3	0.4	8.6	22.1	75.7	16.1
86	11.4	11.5	12.5	16.1	15.7	25.2	27.6	24.8	26.2	19.4	16.5	12.5	9.1	72.2	16.6	37.7	30.9	13.8	41.2	6.8	4.8	27.7	41.7	90.4
87	13.2	11.5	13.7	15.3	19.6	23	27.6	29.9	24.7	23.1	16.6	12.9	101.7	146.6	56.2	69.7	0.6	2.9	7.7	4.6	31.4	40.4	139.1	113.1
88	11.6	16.6	13.6	13.8	19.9	22.6	27.8	26.9	25.5	21	17.3	13.9	44.1	3.7	29.8	49.1	9.2	3.2	10.5	122.1	33.8	165.2	53.5	37.1
89	11.4	12.5	13.3	14.6	18.6	24.2	27.8	29	27.3	22	14.8	13.5	64.2	40.5	62.4	35.5	75.6	17	46.8	0.1	8.8	43.4	111.3	60.8
90	15	7.8	13.5	14.6	18.2	23.3	26.8	29	23.6	21.6	14.7	13	34.6	169.9	1.3	28.2	24.1	2.3	7.4	0	14.8	130.5	52.7	20.1
91	12.5	12.9	13.9	15.4	18.7	25	25.7	28.4	24.9	19.2	16	15.4	49.7	36.7	9.9	9.4	39.5	12.4	0.3	1.7	52.1	88.6	23.6	168.4
92	12.1	15	13.6	14.4	18.8	25.4	28.9	25.9	24.4	20.4	15.1	14.1	58.4	9.6	80.7	22.2	16.2	0.8	2.9	13.3	32.3	27.3	174.8	127.9
93	13.6	13.1	13.7	15.6	18.6	22.5	28.5	28.5	25.3	19.4	16.5	14.8	23.2	31.4	76	20.3	112	4	0	4.1	27.7	89.5	31.2	7.9
94	11.2	12.4	14.6	16.1	15.2	21.6	27.4	28.9	22.4	22.3	17	11.1	17.1	77.5	115.2	134	151.3	0.3	0.5	0.2	34.5	32.6	52.4	50.7
95	11.7	11.4	16	16.3	21.4	23.3	28	28.4	25.6	18.9	17.4	13	11.2	61.9	21.9	4.8	38.1	8.4	5.7	0.3	33.2	50.6	109.7	69.9
96	11.9	10.3	13.3	18.4	21.3	23.9	28.5	26	25.8	19.8	14.7	15.5	76.2	65.3	142.8	30.7	11.3	111.6	4.7	67.8	32.2	12.5	58	85.6
97	14	13.2	13.1	16.2	19.6	23	27.9	26.4	24.7	20.9	15.3	13.9	14.8	5	69.4	106.8	60.2	29.4	1	13.8	14.2	509.6	238.7	93.7
98	12.8	12.3	14.3	14.3	19.5	24.5	26.6	26.2	22.9	20.6	16.5	12.6	87.8	62.6	35.3	82.8	29.8	0	0	0.6	63.2	109.8	35.4	22.4
99	13.3	12.1	14.5	15.1	19.1	21.7	27.1	27.4	25.3	20.6	16.7	14.6	3.3	131.3	57	96	123	55.9	2.6	5.6	15.3	31.6	9.2	58.6
100	13.5	12.8	12.5	15.4	19.4	22.6	27.7	27.8	25	21	15.8	12.7	25.1	4.4	63	27.3	0	0.5	4	0.1	0.5	24.5	131.2	10.7
101	11	13.8	12.2	15.7	20.2	24.7	28.6	29.1	25.1	19.9	16.1	13.8	70.6	8.7	92.3	147.5	26.9	2.3	2.5	4.8	14.5	183.1	88	10.9
102	11.5	11.5	14.8	17.9	21.3	23.3	27.2	27.9	25.6	21	16.2	12.8	147.2	48.4	43	46.3	11.6	65.7	0.2	41.8	6.7	40.7	78.8	86.8
103	10.2	15.4	14.4	16.4	19.8	22.1	26.5	29.2	25.7	21	14	13.2	28.4	0.8	0.3	95.2	15.2	34.8	7.5	2.1	1.9	49.6	39	67.1
104	13.7	10.7	12.4	15.4	19.8	22.4	27.2	27.3	25	24.2	14.7	12.8	21.4	87.9	24.3	2.3	11.1	38.8	0	0	22.3	6.7	34.2	314.9
105	11.8	12.3	12	15.2	17	23.2	27.6	28.8	25.4	22.4	17.6	15.9	94.7	83.3	22.6	9.2	77.7	20	17.3	0.6	2.8	34.9	144.8	20
106	13.5	10.8	15.1	16.6	18.5	25.2	29.2	27.6	25.4	21.7	17.2	13.1	23.3	110.1	63.4	28.9	59.4	98	9.8	8.5	19	75.3	6.6	17.9
107	12.4	17.1	12.9	13.8	20.6	26	27.7	26.9	25	21.2	16.2	13.1	13.1	12.1	57.9	24.8	46.3	0	0	44.9	9.2	22.9	178.1	56.1
108	11.8	13.5	12.8	15.7	17.8	24.4	27.8	26.8	25.7	21	15.8	14.3	48.9	102	12.1	140.3	53.6	15.4	0.3	4.5	35.8	61.6	97.7	4.9
109	12.3	10.5	12.9	15	20.1	23.8	25	26.2	23.4	20.8	16.4	13.6	49.6	60.8	53.1	55.9	18.8	1.2	0.1	10	22.1	72.5	76.6	34.3
110	10.7	11.3	13	16.2	19.2	23.6	27.6	27.9	25.2	20.7	16.6	14.6	27.6	272.4	2.1	26.4	28.1	1.1	0	3.3	61.1	2.4	83.2	25.7
111	13.2	13	15.1	14.9	19.8	25.6	27.9	29.6	24.6	19.8	17.5	13.7	18.4	32.5	33.3	7.3	51.1	5.2	0	0	43.5	58.7	9.4	33.4
112	13.3	12.1	13.6	14.7	18.8	26.6	27.2	28.3	24.3	20	14.7	13.1	44	117.9	23.7	95.2	68.5	42.6	0.2	7.1	42.2	86.8	6.9	84.4
113	14.6	13.7	13.5	15.3	18.3	25	25.4	28.7	23	22.3	16.2	14.5	89.1	9.8	7	4.6	0.5	15.2	8.8	19.3	78.5	109.9	12.6	61.3
114	11.8	14.1	14.2	16.2	18	26.6	25.2	29.6	25.3	19.7	16.6	12.9	12.6	23.6	22	10.5	35.9	2.5	28.2	0	57.5	33.2	104.6	137.7
115	12.1	13.8	10.9	16.4	17.8	24.8	25	29.3	26.5	20.8	16	12.1	41.9	16	0.7	31.9	26.1	0	1.3	0.1	6.2	17.5	46.8	5.7
116	11.9	11.9	11.7	15.2	20.7	23.7	27.3	28.8	25.3	20.1	15.6	15.5	63.7	35.6	96.3	27.8	21.1	37.4	6.5	0	41	95.5	61.4	17.5
117	12.1	12.9	11.5	15.8	19	23.7	28.4	28.7	24.3	21.6	16.8	13.7	81.4	12.7	93.2	43.4	39.6	12.6	0.1	0	3.1	257.5	20.6	20
118	11.2	12.3	13.3	14.4	20.1	22.2	26.7	28.3	26.2	21.3	15.1	13.8	68.1	27.7	17.4	15	17.1	1.4	5.6	1	31.1	82.5	59.6	156
119	12.9	10.5	14	15.7	19.4	23.9	25.9	29.2	26.1	23.4	16.8	13.7	40.8	49.7	38.6	29.7	11.2	0.4	0.2	4.5	11.6	27	120	68.8
120	12.6	11.8	13.4	13.8	20.9	24.5	26.3	26.5	25	18.6	17	13.6	30.7	8.1	5.7	37.2	11.6	0.4	0	7.1	46.4	221.7	12	57
121	13.3	9.9	12.9	15.8	20.7	22.7	24.9	28	25.1	19.5	14.1	15.1	13.8	141.5	10.4	157.4	22	3.9	0	20.6	29.4	182.4	165.5	48.6
122	11.6	12.1	13.5	15.3	18.3	25.8	24.5	28.9	25.4	21.4	18.1	12.9	36.4	107.3	41.9	15.1	81.4	1.7	0	0.1	3.8	49.3	1.8	14.3
123	11.2	12	14.7	16	21.4	22.9	28.6	28.7	24.4	19.4	16.8	13.7	5.5	17.8	78.9	22.8	0	14.3	17.4	19	0.1	89.1	21.5	20.8
124	10.7	14.9	13.1	15.9	19.9	22.2	26.1	27.1	25.8	18.9	14.5	13.4	24.8	0.9	26.8	70.4	5.1	1.2	14.1	1.5	66.9	57	185	96.7
125	12.7	12	14.5	15.1	21.3	25.6	25.8	28	24.7	22.2	16.7	13.3	68.8	13.9	93.8	24.7	0.4	7.1	0	0	68.6	25.3	14.9	1.8
126	9.8	12.8	14.5	16.5	20.6	24.1	27.6	27	25.5	20.5	17	13.2	26.3	79.3	2.3	5.8	22.5	42.4	0	0.2	78.5	82.2	247	117.9
127	11.6	11.9	12.3	15.8	19.6	21.9	26.6	27.7	25.6	20.2	17.1	14.1	112.1	14.2	67.9	78.6	90.8	0.9	6.7	0	5.6	132.6	270.2	68
128	12.5	10.7	12.7	15.4	17.5	24.1	27	27.2	24.7	21.3	16.2	13	15	117.5	121.1	161.2	22.8	0	0.5	40.8	52.3	17	266.3	7.8
129	13.1	14.4	14	17.2	17.8	23.9	28.2	29.2	24.4	21	15.7	14.3	14	41.2	57.1	30.3	1	86.2	1.8	1.1	49.3	7.4	9.8	235.3
130	11.8	13.4	13.4	16.8	19.1	25.6	25.2	28.1	25.6	20.9	17.4	12.1	53.4	12.9	31.5	47.4	7.8	0.1	0.1	0.4	11.1	37.4	143.6	94.1
131	11.6	12.7	13.2	16.5	20.9	24.2	25.9	28.5	25.2	19.5	17.8	12.8	60.8	24.4	71.7	21.2	10	16.9	0.2	0	33.4	4.7	143.8	12.2
132	14.1	11.7	16.1	13.3	21.4	22.7	25.6	30	25	22.2	16.6	13.8	92.3	57.9	35.7	33.6	22.4	113	36.7	0.1	30	84.2	79.5	58.1
133	13.3	11.3	13.4	14.1	20.9	23.4	26.1	28.7	24.3	21.2	15.6	13.6	66.9	190.4	10.8	29.9	5.6	55.1	0.4	0.1	43.6	43	20.2	8.9
134	13.3	13.3	13.4	16.5	20.3	24.3	27.5	28.3	24.7	20.5	17	14.6	38.9	73.3	48.1	76	81.6	0.6	1.9	2	13.7	41.7	23.5	15.4
135	12	13.5	15.4	15.1	20	23.6	26	25.8	24.3	21.3	15.6	16	39	18.8	4.6	15.2	31.6	0.1	3.9	0	16.5	16.1	82.3	133
136	12.2	13	15	15.3	19.3	22.9	27.5	27.5	24.2	20.8	14.8	12.4	51	13.7	1.8	73.9	7.1	19	6.2	59.1	6.5	11.6	36.4	23.2
137	11.8	12.9	11.6	15.5	17.2	23.6	26.8	29.2	25.8	22.5	18	12.4	7.8	16.3	93.3	79.1	109.8	0	0	12.4	10.1	140.2	6.9	139
138	11.7	11.7	11.5	15.6	21	24.8	24.5	27.6	25.2	19.7	15.1	11	15	71.3	23.5	7	53.6	2.6	0.4	22.3	24.7	13.4	148.1	101.3
139	10.5	9.9	15.3	15.2	19.4	25.9	26.6	30.3	25.2	20.9	15.3	11.7	66.2	73.9	5.7	103.2	84.7	0.3	10.5	0	44.4	256.4	45.9	98.4
140	10.7	12.9	14	16.1	18.5	23.7	28.2	26.7	25.6	19.8	17.2	13.9	76.1	13.3	109.4	16	158	13.3	5.5	3.4	38	134.1	17.2	75
141	9.7	12.5	13.3	14.7	19.8	22.1	27.6	27.6	24.2	20.5	16.1	14.6	83.5	49	12.3	24.4	25.2	4.4	0.4	0	60.2	126.3	348.4	3.4
142	12.2	11	11.5	16.5	18.1	24	27.1	30	24.3	19.2	16.6	12.8	5.1	25.6	22	43.8	16.9	11.6	0.7	0.1	85.7	53.4	107.3	79.3
143	12.6	14.3	13.5	16.3	16.3	22	29.3	27.3	24.8	21.1	15.2	15.5	97.9	0.7	26.2	99.2	41.1	10.9	0.1	6.7	16.4	12.9	45	164.1
144	10.8	15.8	14.6	15.4	18	22.7	29.6	26.6	25.5	22.2	16.4	11.8	20.4	25.9	16.2	37.6	24.6	0.2	0.1	3.9	36.7	44.9	260.3	162.3
145	13.4	11.2	14.5	16.3	19.4	21.9	27.1	28.2	27.4	18.9	15.6	15.1	16.2	18.1	323.6	44.7	38.1	0.3	1.3	1.6	0.2	167.5	161.7	9.9
146	13	13.4	12.5	14	20.2	24.6	28	29.2	25.2	20.3	16	13.7	2.8	10.6	50.5	60.1	50.3	0	9.7	0	19.9	162.7	88.4	39.1
147	10.7	14.1	14.8	16	19.5	23.4	30.4	29.9	24.9	19.8	16	13.8	30.7	75.9	11.9	97.3	37.6	12.9	0.3	1.1	37.4	127	100.9	43.1
148	10.8	13	11.6	15.7	19	22.6	27.7	28.2	24.9	21.7	15.6	13.4	5.3	20.3	36.7	27.5	47.8	9	0	19.4	12.4	76.8	7.6	78.5
149	11.5	10.6	13.4	16.3	18.3	24.8	27.1	26.4	25.5	19.7	17.1	14.9	5.9	88	15.4	19.4	18.3	0.8	0.4	15.5	3.7	64.1	114.7	50.5
150	11.9	11.9	12.6	14.6	19.3	24.6	26.5	29.9	23.4	19.9	16.2	14.7	177.4	15.8	2.1	7.4	13.7	120.8	1.5	0.1	14.4	124.7	55.1	142.6
151	11.4	13.6	11.9	15.2	20.9	21.1	25.1	28	25.8	21.1	16.4	15.5	29.3	18.2	85.1	91.8	20	1.8	21.6	2.1	71	100.2	127.3	105.5
152	11.8	10.9	12.8	17.2	17.3	21.4	26.6	27.7	24.9	20.2	16.9	12.4	10.8	8	445.4	5	58.1	17.8	0	0	65.5	12.9	41.3	48.2
153	12.5	12.3	12.2	14.7	20.8	23.5	26.1	26.8	25.6	19.8	17.8	13.4	17.5	35.2	129.1	142.9	0.3	15.9	0	23.4	11.6	230.2	130.2	74.3
154	12.1	11.2	14	16.7	19.4	25.8	28.7	30.5	24.7	20.4	15.8	14.3	22.1	231.1	28.8	60.2	9.2	0	0.1	0	0	7.7	70.1	40.2
155	11.5	11.6	14.9	16.3	19.9	23.2	27.8	26.7	23.9	20.5	15.7	12.6	14.7	75.5	41.7	32.1	16.3	0.7	7.8	53	51.9	33.1	192.1	323.3
156	14	12.4	14.9	16.7	21.3	23.6	26.6	26.9	23.3	21.2	16	12.6	62.4	34.8	70.2	22.9	17	10.7	5.1	3.1	57	21.3	47	174.8
157	13.8	11.6	15.4	15.2	19	25	27.7	27.6	26.9	21.2	16	12.1	11.6	120.4	25.6	203.8	8.3	0.1	2.5	3.4	1.8	10.7	186.1	264.1
158	11	10.2	14.2	15.8	20.1	23.6	28.3	28.3	24.5	18.7	16.1	13.1	20.1	34.1	21.9	4	100.7	3.7	0	11.9	49.6	12.6	6.8	1.3
159	14.8	13.2	12	15.9	19.6	24.6	26.4	28.4	23.9	20.4	15.6	12.1	49.3	14.5	19.1	21.5	10	45.3	8.9	0.1	92.9	182.2	13.2	16.4
160	11.8	14	14.2	16	18.9	24	25.9	27.7	24	22.3	17.2	13.9	76.1	10.1	17.1	40.7	42.5	1.5	4.4	25.9	57.8	119.4	44.1	42.1
161	11.4	11.5	13.1	17.4	20.1	23.6	25.3	27.7	23.2	19.7	17.6	12.7	59.5	229.4	28.1	55.8	21.9	16.5	2.2	3.5	8.8	153.2	99.2	59.5
162	12.4	11.3	13.7	16.2	18	23.5	27.5	26.6	23.4	20	16.4	12	24.6	118	65.6	20	8.3	3	0	0.1	62.5	46.7	28.8	157.6
163	12.4	14.3	12.6	15.2	18	23.7	28.1	28.1	23.8	21.4	16	11.4	3.5	50	29.4	15.6	19.5	0.3	0	14.3	15.9	26.5	230.7	204.1
164	11.8	11	11.1	15.7	18.1	21.8	29.3	27.8	25.4	19.2	16	14	28.6	103.2	87	40.3	14.9	8.6	0	13.7	34	286.3	22.3	5
165	11.4	13.8	13.1	15.7	19.1	24.7	26.8	27.9	23.3	20.3	16.7	13.4	76.7	1.5	75.5	34.1	20.5	5.9	1.5	9.1	128.4	23	203.9	92.5
166	10.2	12.4	12.6	15.4	18.8	23.9	27.2	29	25.9	19.6	18.5	12.5	33.4	25.3	105.4	16.4	199.3	16.9	13	4.3	54.4	119.4	117.2	155.7
167	11.9	14.7	12.6	15.8	21	24.3	27.3	27.4	24.2	19	15.8	12.5	44.9	46.5	49.2	26.7	21.9	1.6	4.4	43.4	2.5	17.9	21.9	176.3
168	10.3	12.3	11.4	16.7	18.7	23.3	29.5	28.8	22.6	21.6	17	12.4	41.8	6.6	72.9	37.4	84.1	23.1	1.6	0.1	123.3	64.6	81.1	4.6
169	12.5	10.4	12	14.2	18.2	25.1	26.6	28	26.6	20.6	16	11.9	55.6	157.4	17.5	16.6	43.1	10.7	6.6	0.7	4.1	104.6	121.8	496.8
170	12.2	12.5	15	14.5	20.9	23.6	26.5	27.7	24.9	19.2	16.1	15.1	56.8	14.2	27.4	34.1	4.1	5	40.4	0.1	23.1	80.3	212.2	20.8
171	13.2	12	13.3	14.6	20	24.3	25.3	29.6	25.1	19.7	16.7	14.1	116.1	34.6	217.2	12.2	94.1	9.8	16.2	0	143.6	120.7	6.8	10.7
172	13	13.3	13.8	14.8	18.8	25.4	27	27.4	25.4	20.2	17.1	14.9	54.1	114.8	23	55.6	39.7	1	0.7	5.4	10.9	6.5	46.3	198.5
173	12.7	11.6	13.4	15.5	20.2	25.8	27	27.1	25.5	19.6	15.4	11.6	13.6	164.2	0.8	19.7	1.2	15	0.1	0	17.6	147.1	200.1	200
174	13.3	12.3	15.5	16.4	19.9	23.5	25.8	29.3	24.3	20.8	16.6	12.1	147.6	2.5	1.3	61.2	64.5	58.8	0.1	5.9	13.4	129.5	132.9	59.5
175	12.2	12.7	14.5	15.4	17.7	25.2	24.8	24.8	25.4	19.6	14.9	13	13.8	2.2	52	3.5	13	58.8	0	7.5	7.2	94.5	114.5	178.6
176	13.3	13	13.5	15.4	19.3	22.2	29.8	26.3	26.7	20.7	14.3	14.8	5.3	30.2	0.9	243.6	10.9	0.3	0	25.8	1.6	29	65.1	19.3
177	12	10.6	12.6	15.9	19.1	23.9	25.6	27.3	26.4	20.6	16.5	13.5	26.3	77.5	184.8	6.8	66.3	11.1	0.7	6.5	0.1	28.2	96.6	45.4
178	12.7	14.7	14	16.2	20.1	24.8	28	27.8	25.4	20.9	14.7	13.2	7.4	6.3	4.1	108.3	32.9	5.4	0.4	6.4	33.7	63	122	12.5
179	11	10.4	13.6	17.5	19.9	24.9	27.8	29	24.7	20	17	13.1	14	31.5	26	12.9	22.1	0	0	0.4	10.2	47.4	128.3	339.9
180	12.1	12.6	13.4	16.5	19	23.5	24.5	28.1	23.2	21.1	16.1	13.4	60.7	64.9	43.3	102.7	21.5	13.4	11.6	44.3	113.4	71.6	82.5	91.7
181	12.9	9	14.4	17.8	19.1	24	26	30	23.9	19.4	16.7	14.2	64.1	134.6	35.1	8.6	25	2.2	4	0	11.9	74.2	32.6	61.7
182	10.7	11	12.4	16.2	17	24.7	25.6	29.6	23.9	19.4	18.8	12.8	50.2	52.8	30.4	128	71.1	0.2	104.1	3.8	123.7	79	51.6	33.1
183	12.5	10.5	12.7	17	17.6	24.8	28.5	26.9	25.2	20.5	17.7	14.5	38.2	79.9	78.6	5.7	49.6	0.9	2.5	1.7	7	109.7	1.8	86.7
184	12.8	13.2	15.3	16.3	18.6	21.7	25.7	26.9	25.1	20.8	16	13.4	27.6	35.9	10.4	37	55.4	106	0	4.4	38.9	49.8	112.9	17.3
185	12.2	12.9	12.9	16.1	19.8	24.4	29.2	26.8	24.6	21.1	16.1	14.5	11.6	37	90.4	152.4	47.3	18.3	0.4	2	19.1	109.2	111.1	232
186	12.4	16.2	10.1	15.5	18.4	24.3	28.8	28	23.2	21	17.8	13.4	71	3.5	304	17	11.8	0.1	0.1	0.8	102	7	35.6	37.3
187	12.4	12.7	12.8	15.8	20.4	22.6	25.8	26.6	25.7	20.7	16.5	13.1	17.5	52.2	61.9	10.1	16.4	0.7	6.4	2.5	21.2	70.8	119.2	79.4
188	14	12.5	14	14.8	20.3	22.9	26.8	30.6	25.9	22.9	17.5	13.7	18.1	90.2	35.1	41.9	37.6	4.5	1.6	0.3	17.1	30.3	77	15.9
189	11.6	13.8	13.2	16	20.4	24.9	25.6	29.2	25.7	21.7	16.3	14	118.3	85	295.1	53.5	28.1	12.3	7.3	0.1	82.7	50.6	103.7	46.9
190	12.8	11.5	16.1	15.5	17.7	26.1	26.6	28.8	25.6	21.2	15.4	12.8	67.2	102.5	1.1	116.7	30.7	0	0	2.4	36	7.9	201	16.1
191	13.6	10.3	14.3	14.8	19	21.6	28.1	27.9	25.8	20.3	15.8	14.3	196.9	75.7	135.6	43.1	28.9	50.4	0	0.2	80.3	7.7	128.5	31.5
192	13.7	12.9	14.5	15.1	19.1	24	26.8	27.4	24	20.2	16.7	14.2	14.3	25.5	3.5	50.3	10.7	6.2	1.1	0.3	26.7	43.3	50.2	290.7
193	11.5	10.6	12.8	16.6	18.2	22.9	29.1	25.7	24.5	20.6	15.3	14.6	30.4	101.8	121	55.6	36.3	57.2	0.5	58.8	7.2	102.7	100.8	34
194	12.1	11.6	12.5	16.7	20.5	23.9	26.5	28.1	24.6	19.1	16	13.2	49.3	95.8	102.6	43	8.5	0	0	28.5	30	90.8	179.4	87.7
195	11.8	14.3	12.5	16.2	19.6	24	28.5	28.3	26.8	20.3	17.3	12.4	49	45.9	20.9	39.7	5.7	0	1.9	88	74.8	61.9	75.3	66.4
196	12.5	13.4	15.7	15.7	21.4	23.3	28.7	26.3	24.1	19.9	15.2	12.7	78.7	19.7	1.4	17.8	32.6	11.2	0	2.3	21.9	191.3	16.3	302.3
197	12.5	13.6	14.7	16	19.1	22.9	27.3	28.1	23.4	20.3	17.3	14.8	58.2	51.9	52.5	49.8	87	3.3	0	0.4	252.2	132.9	92	10.2
198	11.3	13.1	14.7	16.9	18.6	24.5	26.5	28	26	18.7	14.6	14.3	94.6	20.1	5.5	35.7	16.1	0	0.1	11.2	7.8	354.6	43.7	175
199	13.3	13.2	14.8	15.4	18.7	24	27.7	29.2	23.3	21	13.5	15.2	23.9	31.6	8	5	124.7	4.6	38.7	0.7	24.7	30	175.9	53
200	11	11.6	13.6	15.8	19.4	22.6	25.9	27.8	24.6	21	16	13.8	64.8	79.1	34	1.6	35.8	5.5	9.8	1.3	2.6	10.8	43.6	119.5
201	12.9	11.3	13.4	16.1	19.4	24.3	27.2	28.9	24	20.3	15.1	12.7	63.3	27.9	7.5	82.4	2.7	19.1	0	0	76.4	1.4	85.1	28.1
202	12.5	9.6	13.5	15.9	21	22.8	27.2	27.2	24.2	19.9	14.2	14.1	34.7	115.4	172.6	15.4	6.7	23.7	0	1	20.8	69.8	69	10.6
203	12.8	11.6	13.1	14.8	20	23	24.9	29.2	24.6	20.7	15.6	14.3	95.6	156.7	24.2	21.5	40.5	0.7	0.8	2.1	48.4	9	75.3	27.4
204	12	15.1	16.1	14.4	16.7	24.2	28.4	29.1	25.7	19.5	14.5	11.4	21.2	3.2	4	59.1	26.2	5.1	0.1	1	10.2	85.7	73.6	7.1
205	12.2	12.7	12.3	15.8	19.4	21	27.4	27.6	26.1	20.9	16.1	13.6	14.6	10.5	22.9	16.6	5.6	0.7	33.7	0.7	5.7	127.8	35.6	31.4
206	12.2	12	15.7	15	19.4	24.1	29.5	26.2	24	21.5	16.6	12.8	22.6	14.6	19	100.7	32.7	11.1	0.1	41.9	109.6	112.8	140	102.2
207	12.1	11.8	11.8	16.2	19.1	25.6	26.1	27.4	24.4	20.3	15.5	13.4	52	27.6	168.5	8.1	4.3	0	19.2	9.7	0.2	78.3	92.4	82
208	12	11.2	14	14.1	17.4	22.1	25.9	28.6	24.3	20.6	16.2	12.7	54.7	50.9	20.6	5.1	16.7	0.9	0	0	26.3	82	23.3	74.7
209	10.7	11.5	13	16.5	17.1	23.4	26	27.5	26.2	20.8	19.3	11.9	7.3	59.2	22.8	14.2	44.6	16.4	0	18.7	2.3	32.7	12.5	382.4
210	11.7	11	13.7	15.7	18.8	25.4	28.2	29.8	25.5	18.3	16.2	14.1	3.2	71.8	67	42.9	28	6.9	2	0.1	49.3	67.7	51.8	55.7
211	11.9	13	14.3	15.9	21.6	24.1	28.9	28.3	25	20.4	15.1	13.1	28.2	25.9	17.3	51.8	36.5	1	10.1	8.2	57	43.5	15.1	75.7
212	10.9	14.6	14.5	15.3	18.9	24.1	26	27.9	25.2	20.8	16.7	14.8	61.6	12.7	6.1	9.2	1	38	0.5	16.9	13	187.8	57.2	31.8
213	11.7	15.3	13.5	15.8	18.1	24.2	27.3	26.8	24.3	21	16.4	14.3	55.1	2.7	73.1	107.2	10	21	0.1	5.4	2.9	123.7	87.3	48.8
214	12.7	10.4	12.6	16.4	18.4	24.6	23.8	29.4	25.1	21	16.3	13.4	40.2	95.6	91.9	28.5	1.7	12.5	3.4	0	4	36.7	37.6	200.4
215	11.5	11.2	15.5	15.7	17.5	23.5	26.3	28.9	25	19.9	16.7	13.4	60.6	36.3	19.8	15.5	48.2	7.1	10.2	0.1	3.5	70.8	113.2	25.2
216	12.7	11.3	12.9	17.2	19.8	24.5	26.3	28.3	26.1	21.1	17.5	13.3	12	71.2	21.6	26.6	1.4	0.2	0.2	12	50	63.5	8.1	5.3
217	12.4	9.3	11.5	14.1	19.2	23.5	27.1	28	24.3	21.2	15.3	13.8	90.5	32.1	88	16.9	8.6	0	9.9	5.9	12.6	127.7	108.3	99.6
218	11.9	11.6	14.1	15.6	20.4	21.8	24.1	27.7	26.3	20.9	15.2	11.8	9.7	43.1	40.5	18.8	0.5	14.1	0.2	0.2	34.2	121.9	385.7	139.3
219	14.5	13.5	14.7	16.9	19.8	24.6	28.3	26.9	25	18.9	15.6	13.6	19.1	15.8	5.3	8.5	21.3	7.4	2.1	5.3	105.4	32.4	7.9	38.3
220	13.1	10	13.8	15.6	17.7	24.7	25	27.1	23.8	18.2	16.6	13.7	43.7	228.2	35.1	107.7	73.8	93.7	76.8	30.9	52.5	97.7	43.1	59
221	10.7	12.9	13.8	14.7	19	23.9	24.6	29	24.6	20.4	15	14.2	64.8	31	112.7	12.8	65.5	14.8	1.4	1.8	32.5	117	142.8	140
222	12.7	14.3	13.3	15.6	19.5	23.7	27.7	27	23.8	20.7	14	12.5	3.9	33.5	27.1	46.1	21.6	0	13.7	56.4	106	78.9	398.8	96.6
223	13.8	10.2	13.8	17.8	19	22.5	28.8	28.9	23.2	21.2	17.1	13.2	19.2	368.1	10.3	72.3	28	97.4	0.4	3.7	7.9	60.1	31.5	67
224	11.5	12.2	12.8	17.1	19.4	25	26.6	28.3	25.6	22.5	15.7	13.1	31.9	46.8	40.3	13	28.3	2.3	1.9	12.6	29.5	54.9	164.8	17.4
225	11.9	13.3	13.7	17.3	20.1	22.9	27	29.7	23.9	19.7	16.9	12.7	5.7	30.6	13.6	10.1	27.5	9.8	0	43.9	34.2	12.2	99.3	21.9
226	11.6	11.7	11.9	16.2	19.4	22.5	28.7	26.9	24.9	20	17.2	14	6.4	27	108.5	9.3	121.8	0.7	0	2.1	16.8	87.4	52.3	212.1
227	13.3	10.1	13.1	18.3	18.4	24.8	25.9	28.2	24.2	19.9	15.3	14.1	36.8	9.4	8.1	6.6	7	76.9	0.6	1.3	24.4	28.7	188.8	359
228	12.4	15.5	12.4	14.6	18.1	23.6	25.6	28.1	24.7	20.4	17.6	12.6	91.4	0.4	47.9	144.9	4.4	1.1	0.4	0	33	66.8	197.2	255.3
229	13	11.4	12.3	16.5	21.2	22.7	26.5	28.4	24.9	20	15.6	12.6	31.9	47.2	3.1	45.1	73.1	4.1	2.3	10.2	17	1.5	82.5	38.5
230	13	14.5	15.8	14.9	19.3	22.4	27.9	29	25.4	21.2	17.4	12.5	6.3	4.1	44.6	46.9	10.4	0.3	0	0	5	113.9	119.6	42.3
231	12.5	12.9	14	16.4	18.3	23.5	26.2	27.9	25	20.9	15.9	11.8	4.7	4.6	38.2	25.2	47.6	0	0.8	2.1	41	21.9	57.1	101.6
232	11.2	10.5	13	16.6	21.5	23.8	25.4	27.6	24.7	21.1	15.3	13.5	24.4	24.5	248.2	4.4	84	12.9	0.9	0.1	16.2	25.4	21.4	75
233	12.1	13.3	11	16	17.4	23.5	26.1	27.4	24	21.6	17.9	12.9	35.3	14.5	88.5	57.7	118.6	2.2	1.2	6	16.8	282.6	125.1	21.1
234	13.5	13.1	11.9	16.5	20.1	23.5	26.1	27	27	21.1	15.7	11.3	96.5	5.1	7.3	31.1	40	9.1	0.2	0.1	11.8	9.9	88.2	157.3
235	10.5	11.8	13.7	15.5	19.7	24.4	27.1	27.5	23.5	19	17.5	13.5	136.3	55.9	34	43.9	20.4	3	0.3	0.2	21.6	26.5	9.2	7.9
236	12.7	11.1	13.5	15.5	21.1	22.7	27.4	28.6	23.9	19.5	17.7	13	53.5	10.6	26.9	3	4.2	0.3	0.4	0.1	5.3	10.4	54.1	102.6
237	10.7	12.8	12.4	15.1	18	23.6	26.3	28.1	24.1	18.3	16.3	13.4	46.1	3.9	81.8	30	45.1	75.2	0	37	58.6	21.2	100.9	39.6
238	12.7	12.3	12.3	15.9	19.2	26	28.1	28.1	26	20.7	16.5	13.2	26.3	14.2	25.1	13.6	10.4	0.7	0.6	0.3	87.4	272.2	151.1	71
239	13.3	12	13.5	17.1	19.4	24.5	26.3	25.6	24.5	20.3	16.2	13.5	24	145.8	1.9	86.2	2.9	18.2	5.9	14.1	44.1	30.8	292.6	25.4
240	12.8	11.9	13.4	14.9	19.1	23.3	27	30.9	24.2	22.8	16	14.2	37.7	28.4	86.1	34	19.2	0.5	10.6	0.1	59.8	46.6	98.1	28.5
241	11.3	13.4	14.1	14.3	19.1	23.3	26.2	26.8	26.8	19.7	15.5	13.4	75.7	10.5	3.4	104.6	45.3	24.8	24.3	2.8	19.2	5.6	38.1	39.1
242	11.6	12.4	15.4	15.9	16.3	23.5	28.3	29.4	24.4	19.9	16.6	11.9	80.9	14.5	13.5	89.2	15.6	1.1	57.5	0.2	1.9	134.6	8.9	101.1
243	11.5	15.8	13.6	16.4	19.9	22.4	26.7	27	23	21	16.6	13.3	105.1	13.6	140.9	49.9	7.8	0.5	0.2	0.3	5.3	67.2	155.3	179.9
244	10.2	14.5	12.8	16.1	18.8	26.5	27.2	28.2	25.1	20.9	17.9	14.5	46.3	3.4	164.9	70.1	38.4	1.5	0	0.3	18.2	18.7	49.3	173.1
245	12	13.8	12.7	16.1	22.7	23.5	28.5	28.5	25.6	20.4	16.6	14.2	25.3	1.2	4.9	34.4	0.5	3.9	24.5	2	2.4	135.1	9.4	42.2
246	12.7	12.3	14.4	15.8	18.3	24.4	25.7	27	22.5	20	13.6	13.6	59.2	90.8	55.6	26.5	20.1	9.7	0.2	9.7	35.6	287.2	70.3	62.6
247	14.5	12.1	14.7	17.6	18.1	23.8	27.2	28.3	26.6	19.6	15.4	11.9	25.1	265.3	38.8	15.1	40.3	2.9	0	0	10.2	70.6	26.3	14
248	10.6	12.7	15.6	16.5	18.2	22.9	28.9	28.1	23.6	20.5	16.7	14.2	27.8	6.6	7.3	60.5	96.5	0.9	0	0.6	91.2	230.3	132	26.5
249	12	13.3	13.8	14.9	17.6	22.9	26.8	26.5	27	21	15.7	12.1	56	8.8	69.1	71.7	11.5	7.6	0	5.1	30.9	57	29.7	109.3
250	12	10.8	12.4	16.3	22.3	22.6	26.5	26.9	25.4	20	17.2	11.3	39.2	56.4	37.3	39.9	4.7	33.5	3.9	24.2	39.1	410.3	59.3	127.3
251	11.3	12.1	11.6	14.6	18.7	24.3	25.2	26.6	25.1	19.3	15.7	11.8	80.3	24.9	33.3	18.5	76.2	0	7.4	1.7	4.4	81.7	27.4	39.2
252	12.2	12.2	13.1	16.5	18.8	24.3	25.5	28	25.5	20.4	17.2	13.4	19.9	33.4	64.5	29.5	1.5	4.1	13	0	11.6	28.8	30.3	65.9
253	10.7	8.5	12.7	16.1	18.9	23.8	25.1	26.7	24.6	20.8	16.8	12.7	17.6	107.5	159.1	18.2	39.4	0.1	12.2	0.4	184.5	76.1	169.4	150.4
254	13.7	11.5	12	16.2	20	21.8	28.1	29.7	25.2	20.4	15.4	14.4	26.7	30.6	108	19.6	188.1	74.5	0	5.6	2.8	52.4	98.5	98.6
255	10.7	12.9	13	15.1	18.9	20.8	26.5	28.3	24.1	20.5	15.6	11.8	42.5	5.3	6.6	15.6	21.7	1.8	15.7	9.5	141	165.4	23.4	447.7
256	11.8	10.1	12.5	16.7	18.9	24	25.9	27.7	22.8	19.8	17.3	14.3	68.9	85.1	177.9	68.8	40.3	28.2	5.1	0	40.8	48.7	247.8	92.7
257	12.4	9.3	13.2	17.7	19.7	22.3	27.7	27.1	25.3	18.3	13.4	12.9	70.5	394.2	45.9	60.8	191.7	13.5	4.6	0	36.7	110.8	136.5	117.2
258	11.7	13.6	14.1	14.2	18.5	22.7	27	29.3	24.9	20.6	14.4	12.7	50.6	37.2	79.4	10.5	12.7	1	63.4	1.1	14.7	142.6	250.2	79.1
259	10.7	10.4	14.1	15.3	19.6	24.4	27	27.8	25	18.9	17.2	12.4	6.5	5.5	6.2	117.7	3.2	31.4	2.2	1.1	9.5	51.7	9.6	35
260	11.2	14	12.4	14.1	18.5	25.2	23.7	26.5	24.8	20.6	15.4	11.3	18.6	16	39.6	32.2	37.2	35.3	1.3	0.5	5	45.8	114.2	417.4
261	12.2	13.6	15.1	15.3	18.3	24.9	28	26.8	23.9	20.2	15.6	14.6	19.2	33.8	7	4.4	62.1	0	0	158.2	167	190.4	23.8	13.5
262	14.4	10.2	16.2	15.5	19.6	23.5	27.5	25.9	25	21.7	18.4	11.9	29.8	132.5	12.9	106.2	49.3	0.1	8.6	32.2	38.7	108	17	205.8
263	11.1	12.7	13.2	14.3	17.7	21.4	26.5	27.1	24.4	21.7	15	13.6	8.2	9.5	1.1	49.9	51.6	23	7.9	0	108.2	8	8.2	112.6
264	13	16	15.7	17.8	19.9	25.8	25.3	26.8	23.7	21.7	17.5	12.3	65	1.3	19.9	27.3	27.9	0	0	11.7	60.3	6.2	77	35.3
265	13.5	11.6	12.4	15.1	18.6	25.4	27.9	29.3	25.3	20.5	16.2	13.8	23.4	46.3	92.8	46	72.1	4.9	0.1	91.6	61.3	39.9	3.5	68.3
266	11.9	10	12.5	14.7	18.1	23.3	28.3	28.2	23.2	21.8	17.2	14.3	40	76.1	121.4	180.3	14.3	6.6	2.7	2.7	64.7	55.9	34	109.3
267	12.8	11.2	13.4	15	17.4	22.4	26	27.1	24	20.2	16.9	10.8	71.6	22.2	92.4	61.4	43.3	11.3	2.6	52.9	5.8	21.6	181	274
268	13.7	11.9	15	16.6	19.2	21.9	24.7	24.6	24.6	21.7	18	13.2	11.4	138.2	5.6	31.3	72.5	35.8	11.3	42.7	65.3	50.6	89.9	130.5
269	12.6	10	14.9	15	18.6	23	26.6	27.8	24	21.5	15.5	12.9	23.6	10.3	31.3	58.5	5.6	93	0.6	2.3	197.8	33.4	5.3	45.9
270	12.3	11.4	10.5	15.6	18	20.9	27.9	27.8	25.8	19.8	16.1	13.5	6.8	101.6	101	6.7	21.8	19	3.4	0	27.1	95.7	232.7	82.2
271	13.6	11.8	13.3	15.1	19.7	22.7	25.2	28.1	24.9	22	16.1	12.4	1.3	38.5	21.5	9.3	16.5	2.1	0	11	19.4	57.5	45	62
272	9.4	13.8	14.6	17.8	17.7	23.9	28.2	25.4	23.3	19.1	16.3	12.6	59.1	76.6	27	6	12.3	19.3	0	47.9	66	11.4	42.4	1.9
273	12.4	10.2	16.8	15.6	18	24.9	30.3	28.6	25	18.1	15.9	13.5	26.9	81.5	15.3	57.3	81.9	0.3	0	0.5	57.6	183.7	56.9	138.2
274	13.8	15.6	11.6	15.9	19.2	24.5	26.8	29.1	25.1	18.5	16.9	12.9	56.8	0.1	4.8	4.5	60.3	3.3	0	3.7	115.4	71.4	68.4	21.5
275	12.3	11.2	15.8	17	21	23.7	26.8	27.5	23.7	21.5	14	12.6	16.8	97.9	0.2	38.8	7.8	17.1	5.9	7	120.8	82.2	160.7	456.2
276	12.1	10.7	13.6	15.8	22.2	24.9	28	28	24.9	20.6	14.9	14	28.5	90.8	133.5	19.8	0.5	29.5	0.4	4.5	15.5	17.8	62.5	111.1
277	10.5	11.5	10.1	14.9	20.1	21.5	25.5	25.4	25.8	18.9	15.7	13	13.3	62.3	203.8	26.2	96.5	68.1	0	12.5	0.4	78.8	165.3	221.7
278	10.8	13.9	13.2	16.3	18	23.7	28.1	28.2	24.4	20.3	17.4	13.1	10.5	3.3	21.4	44.1	57.3	5.5	3.4	6.6	53	278.2	65.4	124
279	13.5	11.8	13.1	15.6	19.4	23.5	26.1	27.4	26.2	22	16.3	14.3	13.9	129.6	13.4	60.3	25.8	11.4	3.2	91.7	12.9	97.8	23.7	226.3
280	11.1	11.7	13.8	16.2	20.9	22.6	27.4	27.8	24.6	19.6	16.6	12.1	110.1	7.1	72.1	41.2	23.1	81.6	4.6	1	2.3	115.6	169.5	38.7
281	12.9	11	13.2	15.1	21.1	24.4	28.5	28.4	25.6	18.9	15.3	13.5	48.9	141.5	23.6	6.2	34.8	24.2	11.1	0	0.6	46.4	18	3.5
282	12.3	14.1	14.6	16.5	20.9	24.4	28.5	28.3	23.5	20.1	17	13.9	51.5	33.8	43.4	44.8	28.5	13.8	0.4	20	116.6	105.2	137.3	62.6
283	11.4	14.3	14.3	15.4	19.2	24.5	26.3	27.2	23.9	22.8	16.7	11.5	83.1	56.7	186.9	179.8	14	18.9	0.1	29.2	9.5	37.8	52	228.6
284	11.7	14.5	14.2	15.9	20.4	24.3	28	27.2	24	22.4	13.9	12.9	41.5	7.5	109.3	21.9	41.1	0.2	0	0	74.8	97.2	97.6	88.9
285	12.4	6.8	13.5	16.1	16.7	23.3	25.5	26.7	24.3	18.2	14.7	13.2	23.8	113.7	70.4	153.2	49.8	9.5	0.1	0	73.2	75.2	23.6	52.2
286	11	9.5	13.4	13.9	21.2	25.1	26	27.5	23.6	18.2	16.1	15.1	30.3	106.2	48.4	182.7	28.6	3.1	0.1	11.7	44.9	445.8	133	44.3
287	11.9	12.8	12.4	16.6	18.7	23.4	24.9	28.5	24.8	19.8	17.7	12.7	23.7	9.1	211.5	43.4	111.3	0.1	14.2	0.2	2.6	262.9	31.2	171.9
288	12.3	10.8	12.7	15.5	20.8	23.4	27.1	27.4	23	19.1	19.1	12.6	27.8	118.3	14.4	19.2	20.7	7.3	2.1	1.4	102.6	44.1	3.5	22.3
289	10.7	12.9	15.3	15.4	17.8	24.4	28.9	25.3	24	20.3	15.7	12.7	34	45.1	101.8	48	1.4	3.4	0	89.7	4.8	4.9	147.8	104.4
290	11.4	13.5	14.1	14.8	18.3	25.4	27.1	25.5	25.1	21.9	17	14.9	35.2	9.9	5.4	19.8	55.6	66.3	3.8	42.7	13.8	73.8	12.9	55.1
291	12.2	10.8	13.4	14.8	18.9	23.1	25.8	27.4	23.7	20.4	16.7	12.8	26.4	40.5	111.9	14.2	9.8	2.2	4.2	17.4	83.7	27.8	48.1	4.7
292	13.7	14.6	14.6	17.1	18.7	23.3	26.3	30	25.5	19.7	16.8	13.1	71.9	26.8	47.3	46.5	20.6	0.5	0.1	0	7	246.9	46	64
293	11.9	13.4	15.2	14.8	19.6	23.4	29.6	28.9	25.7	20.7	17.8	12.1	27.9	59.5	102.2	45.4	53	68.7	0.1	0	48.2	49.8	19.7	186
294	13.7	12.4	13.2	16.5	20.2	24	26.7	26.4	25.1	19.1	17.7	14.7	44.1	59.6	41.2	7.8	2.8	7.5	0	1.6	0.7	52.4	60	104.5
295	14.2	11.3	14.9	17.2	16.7	24.1	22.2	28.3	24.4	20.7	16.1	13.4	220.1	43.3	38.1	24.5	70.4	0.7	19.9	2.4	28.7	65.3	464.4	133.4
296	12	13.3	14.6	16.3	20.4	23	28.1	28.4	23.6	19.8	16.2	12	72.3	41.2	72.1	36.2	29.5	0.6	12.9	0.1	61.3	93.4	29	10
297	13	14.2	13.4	14.9	22.6	23.4	26.8	29.6	24.2	20.7	14.7	14.2	23.2	25.3	74.2	30.1	0.3	0.5	11.6	0	20.9	135.3	14.5	102.7
298	11.4	13.2	14	15.9	18.6	23.4	24.3	27.4	25.2	21.3	17.3	12.5	20.7	125.8	4.5	46.3	3.4	19	0.1	10.5	27.5	4.6	106.5	32.1
299	11.7	11.4	12.1	15.1	20.7	23.2	27.6	27.2	26.2	20.9	14.7	13.2	12.9	130.3	32.7	72.7	23.7	9.6	0.1	9.6	8.8	61.2	180	141.6
300	12.1	11.4	11.9	15.6	19.4	23.8	27	27	26.1	22	14.6	14	111.2	32.8	173.1	15.1	3	0.3	0	19.8	39.7	72	63.3	224.8
301	12.2	9.2	14.2	15.7	19.4	25.5	28.5	28.4	23.7	21.3	15.6	12.2	47.8	175	25	39	5.7	71	4.4	2	113.9	111.9	75.5	158.8
302	11.8	13.1	14.4	15.9	20.5	24.1	27.9	28.4	25.5	21.2	17.7	14.4	10.9	24.9	1.2	41.7	29.2	44.2	6	10.1	11.7	109.1	79.9	41.5
303	10.9	14.7	14.5	17.6	19.7	21.4	26.3	27.4	25.2	22.2	15.8	14.1	20.4	37.7	39	0.4	5	4.4	2.9	0.7	22.5	82.6	94.7	21.9
304	13.9	13	12.9	15.7	20.2	24.4	25.4	27.5	24.6	20.6	16.7	13.7	4.1	48.8	116.7	50.1	4.9	5.2	41.7	1.9	135.2	142.4	91.2	47
305	11.4	12.1	12.3	15.5	19.6	25.1	25.8	25.2	24.8	19.3	16	12.4	8.1	24.5	36	86.9	86.4	57.3	0	11.8	35.9	10.5	175.4	4.2
306	12.7	14.1	13.7	17.6	20.5	22.7	27.2	27.4	24.7	20.8	14.9	13.8	55.3	18.8	6.2	10	56	27.9	2.6	17.5	3.1	121.1	140.4	61.3
307	11	12.3	14	16.9	19.2	25.8	26	26.4	23.9	19.3	18.7	12.7	16.2	130.2	7	68.8	72.4	16.5	1.3	1.7	2.3	11.7	189.7	320.8
308	12.5	11.5	13.1	15.1	20.5	24.8	27.9	27.9	25.5	20.5	16.2	13	148.3	22.3	8.7	73.3	32.7	5.2	18.7	21.9	43.6	42	54.2	207.2
309	11.4	11.4	13.7	15.3	19.8	22.9	28.4	27.6	25.4	21.2	14.8	14	15.3	12.7	23.2	45.7	15.8	8.1	0.2	1.4	114	98.5	27.2	268.9
310	11.9	12	14.5	14.2	20.3	24.7	28.7	28.2	23.4	20.6	17.1	12.5	46.5	36.7	72.1	244.9	24.8	0.1	0.1	0.2	36.5	24.3	20	135.8
311	11.2	12.3	12.5	14.6	20.2	22.5	25.7	26.9	23.5	20.5	18.1	11.9	39.3	75.7	27.7	141.2	46.3	25.7	8.7	4.2	125.5	128.3	143	41.6
312	12	12.4	12.4	15.9	18.3	23.8	26.1	28.3	23.8	22.2	17.3	13.4	57.1	199.1	34.2	60.8	4.5	1.3	10.3	2.1	10	28.2	59.7	101.9
313	9.9	9.8	12	15.4	18.7	25.3	26.8	28	22.7	22.2	17.6	12.8	6.2	62.9	13	152.3	119.8	9.5	0.1	2	35.8	13	56.2	35.8
314	13.4	15.1	12.8	16.5	19.9	22.4	26.6	27.2	24.7	19.1	15.2	12.1	69.2	0.3	59.7	4.2	19.8	4.5	5.4	42.5	47.2	40.2	68.4	117
315	10.7	12.6	14	16.4	18.1	23.5	29.2	27.9	25.9	20.3	16.4	12.5	8.5	132.6	1.1	5.3	50	0.1	0	0.3	44.6	24.8	28.9	308.8
316	11.7	12.6	14.6	14.9	20.5	23.3	27.6	29.7	27.4	20.6	16.1	12.2	45.5	19.5	7.8	21.4	92.6	0.7	15.2	0	3.7	238.8	22.2	231.6
317	12.9	9.2	14.7	15.7	19.2	24.5	25.4	27.7	23.4	20.5	14.2	14.9	122.5	90.1	45.2	22.7	1.3	0.4	18.8	2.2	16.9	17.5	194.1	66.9
318	11.1	11.6	11.8	16	19.5	23.1	27.6	28.8	23.1	19.1	15	14	22.5	87.3	119.9	11.7	22.8	1.1	0	1.1	7.6	18.9	137.9	75.9
319	11.1	12.4	13	17.3	20	22	25.1	26.9	26.2	18.9	17.4	12.3	39.9	59.5	81.2	18.1	40.3	23.1	21.6	13	45.1	217.8	34	49.2
320	13.6	14.9	14.3	15.2	21.3	22.9	27.8	28.8	25	21.8	15.4	12.9	9.4	178.7	47.8	7.5	10.2	0	0.1	2.2	3.8	6.1	23.4	19.8
321	14.1	11.7	13.7	15.3	21.2	23.5	25.7	26	23.2	21.5	14.6	14.7	50.4	22.7	42.8	28.9	0.2	9.7	1.9	0.1	17.1	90.5	55.4	113.3
322	13.3	13.4	12.6	16.5	18.6	23.6	29.4	26.8	25.3	21.8	17.8	12.9	32.2	44.5	43.7	10	123.9	9.7	0.2	26	12.3	107.4	22.2	52.2
323	11.8	12.3	12.3	15.6	19.4	24.6	27.4	29	25.7	20.3	16.4	14.3	29.6	19.8	57.2	18.2	50.9	0.8	0.2	1.6	22.5	16.9	120.6	58.9
324	12.8	12.8	14.2	15.8	18.3	24.1	27.3	26.5	24.3	18.5	14.7	11.6	44	77.8	4.7	93.7	58	6.4	0.4	14.8	8.1	76.3	97.6	125.6
325	13	12.2	14.6	15.7	17.2	23.8	28.4	30.8	25.1	21.7	16.7	15.2	45.2	71.5	75	11.1	37.8	172.1	0	0.7	0.1	31.2	62	140.5
326	12.8	15.2	14.5	14.2	17.4	24.1	27.4	27.4	24.9	20.1	16.4	11	50.9	23.6	11.6	15.6	104.3	41.3	0	0.2	25	116.5	32.4	219.2
327	12.3	12.2	13.8	15.2	20	23.9	27.7	26.6	23.5	21.7	17.5	13.8	72.7	75.3	5.9	65.2	0.4	43.6	26.5	27.8	18.7	102.1	126.1	5.8
328	10.9	13.9	14.6	14.2	21.3	24.5	26.8	29.5	24.6	20.8	15.5	12.1	77.1	25.8	26.8	32.7	2.6	5.9	0	0	81.9	79.5	126.1	233.9
329	11.9	11.3	13.1	17.2	20.8	21.9	27.3	27.7	24.9	19.7	15.7	13.3	19.1	57.9	120.5	14.6	24.6	47.9	0	2	5.9	118.8	294	45.2
330	12.7	10.4	14.2	18.1	19.8	22.3	27.5	29	23.6	20.4	17.5	15.2	8.8	158	26.1	38.7	144	39.1	1.6	2.1	7.9	56.9	7.5	64.3
331	12.1	12.5	11.4	15.8	20.2	21.9	26.2	27.2	25.6	17.7	15.9	14.1	3.9	28.4	158.3	26.8	9	12.6	8.4	9.5	121	21	68.3	283.2
332	11.8	12.4	14.8	16.7	18.2	24.7	27	29	24.9	20.3	16.8	12.2	3.4	45.4	47.4	34.1	35.2	0.4	19.3	0.1	60.4	282.2	23.4	182.9
333	12.5	13.9	13.9	15.3	19.4	22.7	28.5	27.5	23.5	20.5	17.3	13.5	9.7	36.9	51.6	9.4	18.8	14.3	2.1	0.1	45.7	23.2	69.3	168
334	11.5	12.3	12.4	14.4	19.7	22.8	26.2	26.6	26	19.7	17.1	14	12.1	34.9	8.2	42.8	54.6	7.8	2.6	0.4	14.6	19.1	12.4	56
335	10.9	11.9	10	14.3	19.6	22.8	25.1	27.9	24.2	20.3	16.2	14.2	63.3	89	101.4	57.7	2.3	10.2	4	0.3	18.8	69.3	45.3	74.9
336	11	10.7	14.6	15.9	19	21.1	28.2	27.1	24.3	19.3	15.8	12.4	42.1	37.3	0.2	32.4	90.5	115.6	12.6	5.6	8.9	227.1	140.5	161.4
337	11.3	14.4	12.3	14.5	17.1	23	26.7	29.2	25.2	21	17.7	14.8	12.1	0.9	75	13.3	51.3	1.4	0.1	2.7	14.2	182.3	86.3	61.7
338	11.3	13.9	12.3	14.6	17.7	23.4	25.2	25.7	23	20	17.8	12.7	74.1	10.4	75.5	14.5	2.3	60.2	0.6	0	16	137.5	67.2	63.6
339	13.4	12.3	14.6	17.1	19.5	24.4	26.4	28.8	24.3	19.4	14.2	14.6	1.5	33.1	55	53.6	81.9	0	19.1	1.2	35.3	0.6	395.6	17.7
340	12.4	12.1	13.2	15.3	18.4	23.4	26.9	27.4	24.5	20.4	15.9	11.6	4.3	34.7	0.5	9	13.6	39.9	0.2	21.3	10	129	124.6	256.9
341	12.2	10.3	15.1	15.5	19.3	25.3	26.6	28.1	26.4	18.1	15.2	12.9	47.3	36.9	4.8	22.7	38.2	0.4	36.1	4.6	0.3	66.7	8	23.6
342	10.2	12.8	14.2	17.8	19.4	22.7	26.9	28.1	27.1	20.8	16.1	14.2	25	110.4	47.6	23.7	32	9.6	5.7	42.2	34.3	126	102	51.6
343	12.6	10	11.5	14.5	19.3	23.1	25.7	28.7	27.5	20.6	15.7	10.6	10	59.4	26.7	62.3	5.5	1.1	1.5	14.4	1	29.5	115.9	88.8
344	11.8	14	13.5	16	17.2	24.2	24.1	28.2	23.2	20.7	17.9	13.8	34.2	0.5	10.7	4.1	5.5	19.3	39	3.4	184	175.8	21.4	66
345	11.5	11.1	13	16.6	18.7	23.5	26.4	28	24.9	20.1	16.7	12.2	3.1	18	29.1	49.7	0	7.6	2.2	55.3	27.2	32.9	233.1	49.9
346	13.1	12.6	12.7	15.9	19.3	24.3	25.7	28.7	25.1	17.9	16.6	10.1	113.3	29.3	154.7	25	5.7	257.9	13.7	0	6.5	102.6	1.1	140.6
347	12.4	12.9	13.8	14.6	18.8	22.5	27.7	28.4	24.4	20.4	15.4	13.7	26.8	123.5	58	36.6	65.1	20.6	0	0.3	58.7	38.9	24.9	6.4
348	13.8	10.9	13.3	16.6	20.3	25.8	28.4	26.8	24.4	21.1	15.9	13.7	10.1	72.3	49.2	23.8	7.8	19.5	0	1.1	15.8	11.6	8.5	1.4
349	11.7	9	12.7	16	20.7	24.7	28.2	29	24.9	18.5	16.6	13.3	27.9	339.2	57.9	22.7	29.6	0.2	14.3	0	51	99.1	27.9	26.7
350	12.5	12	13	15.6	21.2	24.8	27.3	27.9	25.3	19.9	15.2	14.3	53.3	2.4	40.4	95.1	41.3	0.8	0.3	0	40.4	73.7	105.4	68.7
351	13.8	13.7	15.1	15.9	18.5	22.6	27.4	27.3	24.3	22.5	14.9	15.3	1.1	9	59.9	56.7	25.8	1.6	0.5	0.3	17.7	140.1	3.7	41.2
352	11.5	12.8	13.9	15.3	18.6	22.3	26.7	27.4	25.2	18.4	16.9	14.6	53.7	43.5	39.2	5	9.1	0	9.5	3.2	13.1	111.7	17.4	75.9
353	12.1	10.3	12.2	15.9	18.9	22.8	25.4	28	23.4	22.2	17.4	14.9	22.5	26.3	34.6	47.4	20.5	1.8	2.6	6.8	89.4	16.4	32.2	25.6
354	12.4	12.7	15.7	14.2	20.5	23.4	28.5	26.8	24.4	18.7	15.4	15.6	5.7	25	15.2	40.8	4.1	4.8	0.2	1.7	47.5	168.5	68.3	91.6
355	12.8	14	14.6	14.3	19.6	23.8	26.8	28.5	23.9	20.3	14.9	10.9	55.7	22.5	2.7	82.4	59.9	49.8	1.2	107.1	11.4	16.9	97.9	467.8
356	13.3	12.8	14.6	15.2	20.2	25.3	27.6	27.9	22.6	19.4	17.6	14.3	43.9	3.1	20.4	7	9.6	1.9	0.4	0	53.4	56.9	51.8	137.7
357	13.1	13.9	14	15.9	22.1	27.3	27.7	26.5	23.7	22.5	15.4	10.5	34.8	3.7	73.3	13.7	6.7	0	5.3	70.2	52.4	21.3	58	78.4
358	14.7	9.7	13.4	14.6	20.2	25	26.1	26.5	24.8	23.4	16.3	14.5	45	35.6	63.9	25.9	25	0.1	3.2	9.8	19.5	9	114.5	21.7
359	12.2	11.2	11.9	15.9	18.9	22.2	27.4	26.9	24.3	19.3	16.6	12.3	52.1	96.8	39.2	17.3	14.2	0	0.1	2.1	3.2	51	29.8	28.1
360	12.2	13.2	14.7	14.8	18.4	20.8	28.7	26.7	24.2	19.3	16.2	15.4	108.1	43.5	16.5	19.5	7.5	2.3	0.9	23.4	38.5	128	11.7	25.4
361	11.7	10.5	12.8	14.5	18.8	21.4	24.9	27.5	24.6	19.4	16	15.8	22.6	57.5	152.8	3.4	1.1	4.8	29.7	1	57.4	28.1	34.1	15.2
362	11.3	12.9	15.2	14.6	18.9	23.3	28.7	27.5	27.2	21.9	15.9	13.3	23.8	3.9	91.7	64.9	13	45.9	2.1	22.3	7.1	13.4	75.3	30.8
363	10.1	12.4	15.1	14.5	18.7	20.8	25.3	28.3	25.1	20.1	14.7	12.2	19.3	85	39.6	40.8	3.1	109.4	0.7	0	66.2	95	84.1	64.1
364	14.1	11.3	14.6	15.3	18.7	23	26.9	27.1	24.1	22.4	15.2	14.2	16	11.1	41.3	26.9	2.4	29.2	24.1	72.8	13.6	16.2	181.8	0.7
365	12.8	13.5	15.5	15.5	21.6	25	26.9	29.9	23.8	19.1	15.2	12.1	39.3	11	36.5	118.8	79.5	6.4	0	1.5	2.4	163.4	56.9	138.3
366	10.4	12.1	14.5	16.5	20.7	20.6	28	29.4	24.6	19.5	17.3	12.3	13.3	6.8	1.5	46	18.3	40.4	0.6	27.2	1.2	9.2	313.1	25.4
367	12.8	10.1	13.7	14.6	17.3	24.7	28.3	27.7	25.5	19.8	14.5	12.8	3.6	122.9	61.7	48.6	24.2	8.3	0.2	9.9	8.4	94.7	98.2	137.8
368	10.4	13.2	13.4	16.7	19.4	24.6	26.5	29.9	24.9	20.9	15.1	13.2	5.4	0.7	102.3	3.5	18.2	0.1	29.2	1.1	103.4	32.2	137.6	101.9
369	10.6	10.9	12.9	15.1	17.3	21.5	26.5	27.4	24.1	20.5	16.1	13.8	42	55.8	29.8	73.5	31.3	30.7	5.3	2	3.1	95.4	225.8	205.1
370	12.9	11	12.8	16.8	17.3	24.8	24.5	30.5	24.5	21.8	17.8	14.2	8.6	49.1	3.8	14.4	19.8	60	0.4	0	61.7	29.5	17.7	238.5
371	12.3	8.9	11.3	14.9	22.8	24.4	26.1	28.4	25.6	21.3	16	12.7	154.2	73.2	93.6	76.4	1.6	0.8	32.2	28.5	6.9	10.7	63.5	99.1
372	11.8	14.3	13.6	15.6	19.5	24.1	28.6	26.8	25.3	20.7	16.1	12.7	82	31.3	97.3	73.7	41.2	19.4	1	1.6	38.3	119.4	51.7	21.7
373	11.2	9.9	14.2	17	19.1	23.6	27.4	28.3	24.7	21.1	16.4	13.2	71.6	143	33.4	9.2	16.8	17.1	0.6	0	23.3	275.9	23.2	38.2
374	11.7	13.2	12	17.7	19.1	23.1	27	25.7	26.3	20.1	14.1	13.1	68.4	16.9	43.7	2.7	7.9	0	0	47.8	10.5	58.9	188	34.5
375	13	9.9	14	16.2	20.9	23.9	27.8	27.5	25	19	16.6	14.3	4	75.9	53.2	50.6	0	0.1	1.4	4.6	24.7	29.8	90.1	14.2
376	12.7	10.1	14.8	16	20.8	25	26.8	28.6	24.9	21.8	17.2	14.1	13.3	78.8	67.7	21.2	42.1	12.7	0	20.7	12.3	6.4	42.1	6.2
377	11.1	16.5	12.6	15.4	21.3	23	28.2	28.7	26.2	20.9	14.9	14.3	4.7	10.1	100.2	22	23.9	52.8	0	5.8	6.2	42.7	42	19.4
378	13	13.3	11.9	17.7	18.2	24.1	25.1	28.2	26.6	21.9	18	12.8	5.2	47	51.2	66.9	16.9	0.8	1.5	5.1	10.4	63	67.4	28.6
379	12.4	12.2	14	16.1	21.8	22.5	25.3	28.2	23.1	18.6	16.3	11.7	86.2	41.2	72.8	3.7	37.5	9.7	0.2	1.9	48.4	8.7	51.3	60.7
380	12	11	13.5	14.2	18.9	25.2	24	26.8	24.5	17.5	16.5	12.9	19.4	62.4	19.5	56.6	50.3	0	1.7	5.9	40.2	269.7	67.3	30.6
381	13.6	10.7	13.4	15.5	19.1	23.4	28.9	29.5	25.6	20.2	16.4	13.6	173.8	17.5	234.9	120.4	0.4	0	0	0	3.5	57	37.5	129
382	12.6	10	12.1	16.3	21.4	22.6	27.4	28.1	24.1	19.2	15.7	13.7	29.2	64.4	36.2	9.8	48.8	2	0.9	2.3	0.9	53	146	119.3
383	12.3	11.3	12	15.8	18.5	24.2	27.2	27.2	26	19.4	18.1	15.4	61.2	290	85.4	61.2	1.1	1	0.3	52.8	27.7	2.4	11.1	9
384	12.6	14.4	14	16.7	19	23.6	27.7	28.1	25.4	21.5	12.6	12.8	38	21.4	62.5	4.4	32.9	27.8	0.2	3.4	49.3	93.6	206.7	119.8
385	10.7	12.5	14.6	15.3	17.7	22.9	27.6	29.1	23.4	18.6	17	14.7	148.8	62.6	1.4	7.4	57.2	20.6	6.3	1.7	42.6	5.8	21.3	18.2
386	11.1	11.4	13.3	15.6	18.8	23.5	27	27.5	24.3	17.8	16.2	13.3	12.1	181.4	11.3	74.6	11.1	0.4	2.8	0	212.2	46.5	39.3	70.1
387	10.4	14.7	13.7	15.7	19.9	24.4	25.1	27.3	24.7	21.2	15.7	13.9	29.3	8.6	12.8	84.5	13.6	0	1.4	0.2	33.4	48	97.3	0.7
388	11.6	10.9	12.6	14.1	19	23.1	27	27.3	26.2	21.8	17.9	12.5	27.6	23.6	49.6	16.6	24.7	3.1	4.4	0	30.8	45.9	54.8	21.1
389	13.3	9.5	13.5	16.1	18.3	26	26.2	26.4	24.2	20.6	16.7	12.4	63.9	300.3	198.9	4.8	36.7	0.2	1.2	0.5	3	145.4	11.5	162.8
390	13	11.8	13	15.7	17.8	24.7	24.3	28.4	24.8	19.4	17	16.1	30.1	18	20.2	5.3	23.1	0.1	11.4	28.4	48.1	57.2	68	4.9
391	12.3	12	15.6	16.3	18.5	24.3	25.1	29.2	24.9	20.8	15.6	12	61.7	46.3	79.2	45	55.6	35.3	0.3	5.5	130.2	74	283.9	167.6
392	11.7	12.1	12.3	14.8	18.6	22.9	28.5	28.5	24.3	19.6	16.8	13.5	172.9	56.5	44.5	68.6	16.1	238.8	19.7	0.1	39.4	149.8	29.5	16
393	13.2	12	13.4	15.2	20.8	25.4	27.8	28.4	25.4	20.2	15.5	12.1	60	53.4	16.6	6	1	23.4	2.8	0.4	42.6	48.7	36.5	238.4
394	12.5	12.3	14	17	18.1	23.2	25.6	28.2	25.8	21.2	16.6	11.9	60.4	33.8	32.8	7	17.5	1.3	1.1	0.1	16.4	16.5	108.7	91.6
395	12.9	14.4	13.6	15.4	17.6	22.9	28.6	28	25	18.9	16.2	13.3	93.1	0.1	6.8	5.9	5.3	7.4	2.6	40.2	13.7	170.6	96.8	112.9
396	12.7	13.4	12.8	16.1	19.7	24.2	27.5	26.1	26.1	20.4	17	14.6	82.9	88.3	39.3	58	0.7	0.7	0	0.1	40	53.7	240.6	28.4
397	12.1	10	14.1	14.8	16.6	22.7	27	26.5	24.4	19	17.5	13.4	58	80.7	44	33.4	45.5	4.9	6.2	2	9.5	141.6	56.1	41.7
398	10.8	12.1	14.1	14.2	20.3	23.4	27.5	27.6	24.6	20.9	15.8	14.5	125.7	85.5	47.4	42.7	3.8	10.7	0	0.1	57.8	15.6	76.9	115.3
399	12.3	10.1	13.7	14.4	19	24	28.2	28.3	25.2	20.7	16.5	14.8	2.8	227.2	8.5	174	115.9	3.5	4.9	3.1	1.2	6.7	12.1	151.5
400	10.4	14.1	12.4	16.9	20.4	24.3	28.8	24.9	25	20.9	17.3	14.7	20.9	8.9	32.9	13.9	0	3	0.4	19.6	18	108.8	21.2	12.2
401	11.9	13.5	15.4	14.3	20.2	25.3	26.5	29	24.9	18.2	16.2	14	32.5	24.4	72.7	127.8	20.7	19.2	0.1	34.9	1.3	8.7	4.9	7.9
402	13	13.2	13.4	16.2	17.5	23.5	27.1	27.2	25.7	22.2	16.8	13.4	45.5	53.3	0.5	64.2	10.7	43.2	31.5	4.4	134	145.9	91.4	62.4
403	12.7	12.1	13.1	16.4	18.5	24.6	29.5	27.2	25.5	22.9	16.8	12.9	7.9	32.4	24.9	34.3	48	0.1	0.2	0	14.2	32.9	43.5	47.7
404	12.7	12.5	14.5	15.8	19.7	22.2	28.6	27.7	26	21.7	15.6	13.9	32.3	74.5	75.7	47.4	6.5	15.1	20.3	18.1	55.1	2.7	208.9	12.1
405	12.9	11.2	13.7	15.9	20.1	24.7	28	29.4	24.5	20.3	18.6	13.7	25.7	20.2	7.7	30	26.4	27.4	9.4	5.7	108.2	117.6	12	9.9
406	14.6	14	12.9	16.5	20.9	22.5	26.2	27.7	26.1	21.1	15.8	12.6	22.9	52.5	10.5	2.1	18.9	2.6	39.1	4.2	6.4	21	262.9	254.6
407	13.7	13	13.3	14.1	19.6	25.5	27.2	27.7	24.3	20.8	15.4	15.4	26.4	18.3	42.7	58.9	78.4	2.4	0.2	0.1	134.4	66.4	94.1	4.5
408	12.7	11	12.1	15.7	19.7	24.7	28.6	27.7	25.8	20.5	17.6	12.2	27.4	262.1	220.8	125.8	33.1	2.5	0	6.9	13.7	39.6	63.5	45.6
409	11.8	11.1	14	15.2	21.6	23.2	28.5	28.7	24.9	22.3	16.1	13.9	72.3	22.1	65.3	35.7	1.2	4.7	0.9	0.1	21.8	12.2	118.7	67.2
410	9.7	10.8	14.8	16.3	18.6	23.8	27	26.1	24.9	20.6	15.7	12.2	98.5	66.4	4.7	37.1	142.8	0.1	0.6	5.4	16	81.6	15.9	106.6
411	12.9	10.3	13.1	15.5	18.9	25.6	26.1	27.4	25.6	21.7	17.7	12.1	26.6	175	0.3	50.8	31.7	0.3	0.3	1.6	5.6	64.3	143	122.9
412	11.9	10.6	13.3	16.5	19.7	24.2	27.8	28.2	24.8	19.4	15.9	13.5	43.1	79.7	25.2	27.7	31	28.3	8.8	51.4	31.8	79.2	83.2	115.3
413	11.5	13.6	13.7	17.1	19.8	23.2	27.5	29.4	25.1	18.8	16.3	13.9	42.2	49.9	17.9	85.9	76.7	26.5	11	0.1	8.5	14.4	98.9	4.3
414	11.1	10.3	13.3	15.1	20.2	23.3	26.4	30.6	25.8	19.4	17.4	14.1	34.3	92.1	26	43.9	4.9	0.3	0.5	5.2	25.1	41.7	14.1	55.3
415	11	12	13.7	14.9	19.7	25.1	25.7	28.8	25.1	21.8	14.3	14.3	27.8	123.5	11.7	98.4	31.8	0.2	4.9	0	58.4	63.2	212.2	21.1
416	12.2	12.2	11	16.2	18.4	22.1	26.3	28	25.1	20.5	16.3	13.9	21.2	31.1	51.4	24.7	116.6	1.6	3	0.4	22.7	148.4	130.7	106.2
417	11.8	11.1	14.1	16.2	19.6	22.6	27.1	27.6	25	21.5	16.9	12.1	51.8	135.7	70.5	9.9	11.4	22.1	0	1	1.1	2.1	19.3	42.6
418	12.7	14.7	14.3	15.9	19.4	24.6	26.7	29.9	23.4	21.2	13.7	13	16.3	1.2	14.1	104.7	2.8	0.5	0.1	0	124.1	9.3	240.4	85.6
419	12.1	11.4	13.1	16	16.8	25.5	29.4	28.1	24.4	19.8	17.2	14.5	17.9	85.3	65.1	8.8	48.5	1.5	0	28.1	39.5	113.4	13.9	6
420	12.8	11.3	11	16	19.4	22.8	27.3	29.6	25.7	22.1	16.2	12.2	18.8	75.6	133	7.9	16	2.8	1.5	0.4	134.7	69	97.5	48.9
421	13.4	12.9	13.4	18.3	19.1	24.1	27.7	30.5	25	20.6	17.4	11.6	83.1	23	45.7	27.9	62.4	0.5	2.3	0.5	23.6	10.2	39.7	63.9
422	12.2	15.5	14.3	17.3	20.1	22.2	28.3	29.2	24.1	20.7	18.1	14.6	88.5	38.3	59.8	66.2	27.4	16.5	0	7.8	14.3	16.5	96.1	206.2
423	13	13.3	13.4	16.6	21.2	24.8	25.2	26.8	24.1	20.1	19.3	13.9	38.2	25.7	14.4	58.5	19.7	6.1	20.8	0	5.8	49.6	3.3	0.6
424	13.1	12.6	11.6	15	14.9	23.4	27.2	27.3	25.1	22.3	16	15.2	18.7	46.8	194.4	11.9	108.2	10.4	0	9	38.1	54.6	12.7	26.2
425	12.2	11.2	11.5	16.4	20.2	22.3	26.4	27.3	25.5	20.4	15.8	13.2	146.2	41	10.6	82.4	16.6	13	0.4	2.1	22.2	20.7	175.9	47.7
426	13.4	12.8	14.2	15.5	17.7	21.7	25.3	27.5	24.2	20.8	14.3	13.7	37.4	223.9	12.1	57.8	18.9	32.6	1.2	9	29	24.8	30.7	46.4
427	13.2	11.3	15.8	15.7	18.9	25.8	27.1	27.6	25.7	22.7	16.4	13.7	29	33.5	4.9	94.5	53.1	3.2	12.5	0.1	22.3	37.3	32.6	45.5
428	13.1	13.2	15.4	14.5	19.4	23.2	26.1	27.6	24.9	19.4	15.7	15.3	31.9	56.4	15.3	27.7	20.9	1.8	0.4	0.2	3.1	165.2	20.4	12
429	12.5	12.1	14.8	13	22.1	24	26.6	26.9	23.2	21.4	16.1	13.9	32.7	46.4	51.4	81.4	8.7	23.1	0.2	3.9	1.2	4.2	70.9	4.3
430	10.9	12.3	15.1	14.4	19.5	22.4	27.1	30.7	24	19.9	16.7	12.3	47.2	41.2	40.6	91.4	115.5	0.2	21.3	0	20.3	30.6	14.3	180.7
431	11.4	11.7	14.2	15.9	17.5	23.5	26.5	27.8	23.5	21.1	15.7	14.6	35.3	102.3	6.5	11.5	72.8	73.4	1.6	0	40.2	200.6	168.2	110.2
432	12.7	13	15.6	15	21	23.9	27.1	28.5	24.4	19.1	16.4	11.1	20.3	16.4	3.1	41.5	10.8	0.8	9.2	38.4	35.6	35	50.3	27.5
433	11.1	11.2	12.3	16.6	19.9	24.6	27.9	26.8	22.8	19.2	16.4	14.9	84.5	58	217.5	4.7	6.7	0.5	14.8	6.4	175	2.2	125	57.4
434	11.8	14.1	14.5	14.7	18.4	22.7	27.3	26.8	25.2	20.6	16	12.7	15.9	0.8	10.5	27.5	2.4	2.1	0.1	35.6	11.9	75.6	307.8	112.4
435	11.6	8.4	11	16.9	20.7	24.9	26.7	26	26.6	19.9	18	14	4.9	268.2	70.4	0.7	8.6	8.9	13.6	0.4	22.8	259.8	21.8	105
436	12.3	12.1	15	15.2	17.5	25.2	28.8	30.8	24.6	21.1	15.5	11.2	30.1	48.3	3.5	46.1	77.6	18.5	0	0	21.1	3.7	68.1	67.3
437	12.7	12.3	16.3	16.7	19	20.8	27.4	27	25.8	21.4	15.6	12.8	8.5	208.1	5.1	17.2	5.3	25.5	0	9.1	55	98.3	18	77.7
438	12.5	11	14.1	17.3	18.6	24	28.4	27.6	23.4	20.8	16.6	14.6	78.4	171.8	24.8	5.9	32.4	26.7	0	1.1	260.5	294.3	90.6	7.4
439	12.4	11	12.7	16	20.6	24.5	25.4	28.9	24	20	15.1	13.2	28	84	380.1	36.6	11.4	0	0.6	0.1	30.7	85.8	37	11.4
440	13	9.9	13.4	14.7	18.5	24.2	26.6	28.1	26.1	19.4	17.5	13.4	10.7	69.6	39.8	22.2	1.6	2.5	0	4	2.8	118.9	33	129.3
441	12.5	13.6	14.6	14.7	21.3	22.3	25.9	31	24	23.1	16.9	13.3	42.6	16.6	19.9	53	0.2	2.4	0.1	0.4	2.2	10.7	67.6	60.4
442	12.6	9.9	15.3	16.7	17.1	27.2	26.6	27.8	22.8	21.9	16.2	12.1	20.1	35.8	77.9	52.6	22.1	0.5	10.2	25.1	362	116.4	4.2	206.5
443	13.5	13.6	14.5	15.6	18.3	23	27.9	29.4	22.8	20.2	16.6	12.5	64.2	18.2	40.1	26.6	13.8	1.1	3	0	132.9	30.6	59.9	113.3
444	11.5	12.6	14.5	15.8	19	22.1	26.8	29.2	25.1	20.5	17.3	12.9	103.6	63.6	11.2	12.2	68.1	0.2	9.3	0.3	83.7	40.9	20.2	25.4
445	12.2	13.8	11.5	15.9	19.8	24.8	25.8	24.5	24.8	18.4	17.4	13.5	46	41.2	307.5	34	29.4	35.6	0.1	7.5	31.8	62.1	27	118.2
446	14.8	10.8	13.4	15	20.5	26	26.5	29.1	25.9	22.3	16.1	12.4	5.9	109.3	147.7	23.3	5.8	0	19.3	0.8	22.1	162.9	36.5	143.8
447	11.6	11	14.5	17.4	18.6	25	27.4	28.4	25	20.4	16.5	13.6	1.2	197.1	6.4	17.4	116.1	1.3	0.4	0.1	27.3	7.9	18.6	19.7
448	12.4	12.3	15.2	14.8	21.4	25.7	26.7	27.7	27	20.9	16.7	13	35.1	11.3	12.2	18	74	6.2	23.3	0.1	24.2	33.2	12.5	86.7
449	10.6	11.9	12.1	16.5	19.1	23.8	28.7	29.7	25.3	22.6	14.4	12.1	104.8	14.3	96.2	7.7	161.5	33	0.1	0.5	51.7	205.4	131.3	152.5
450	9.8	12.8	10.1	14.9	19.3	23.4	27.2	25.6	24.9	21	14.9	12.6	24	14	125.5	136.4	25.7	47.6	22	20.2	20.3	149.2	177.5	1.4
451	10.9	12.9	11	15.8	18.6	24.8	27.5	27.6	24.4	18.7	17	14.1	24.5	28.7	67.2	78.2	7.4	1.4	0.8	24.5	51.5	114.9	112.9	38.4
452	11.8	9.2	13	14.6	17.7	24.3	26	27.6	25	18.9	16.1	13.3	30.2	93.2	128.7	202.8	108.5	16.8	0	0	20.5	64.1	164.1	74.3
453	12.6	7.9	14.3	15.4	18.1	23.4	25.7	27.5	23.8	20.2	15.6	15.1	53.7	256.1	53.7	19.3	23.7	15.5	1.8	9.7	15.3	19.4	110.4	254.3
454	11.1	12.5	13.5	15.6	18.5	25.9	27	29.5	25.7	20.4	16.8	11.7	10.6	42.9	212.2	38.9	0.1	6.2	9.6	0.1	91.5	29.1	39.4	50.8
455	13.7	15.7	14	16.7	19.5	24.7	26.8	29.2	24.9	21.1	15.2	14.9	22.4	55.7	25.3	11.1	29.4	0.5	0	0	73.7	189.6	241.4	35.7
456	10.1	12	12.7	16.6	21.5	22	29.5	28.2	24.4	22.6	15.4	13.5	18.5	156.3	71	72.9	3.3	20.8	1.4	3.5	14.3	20.3	286	228.7
457	12.2	11.5	15.1	16.1	19.9	24.9	26.5	27.3	26	19.6	15.8	13.4	82.3	58.5	5.9	4.6	35.9	26.9	0.4	21.2	62.2	52	133.7	145.8
458	12.9	12.1	12.7	15.4	17.4	22.7	26.7	27.3	23.2	21.1	16.3	14	89.6	111.9	26.5	18.8	64	20.2	24.1	1.2	48.7	26.8	29.8	25.7
459	10.2	11.5	15.3	15.6	18.5	24.3	26.4	26.3	24.6	21.1	18.6	12.6	21.1	47	41.3	24.8	22.7	2.1	0.7	11.7	58.7	18.4	12.5	185.4
460	10.7	12.4	13.3	14	18.8	23.9	26.3	26.4	25	19.6	15	11.9	6.5	108.1	88.9	83.5	23.4	0	0	6	58.3	56.4	138.1	197.4
461	12.5	7.4	12.2	15.9	18.6	24.8	26.5	27.8	25.5	20.3	16.6	13.8	9.8	88.5	29	9.1	34.4	17.9	0.2	0.1	124.2	79.5	35.5	274.9
462	12.2	12.7	12.4	14.6	19.4	25.8	26.3	25.7	25.2	20.4	14.3	13.9	24.3	48.6	3.3	98.9	3.2	18.1	2.7	26	126.9	76.7	72	7.8
463	13.3	12.3	13.3	16.2	17.6	23.3	27.3	29.2	26.8	20.2	17.1	13	46.6	59.1	73.5	58.5	37.7	34.6	0	0	5.9	62.2	97.7	12.4
464	12.5	10.6	12.8	15	18.9	24.5	26.2	28.3	25.7	21.6	17.4	13.2	85.8	45.5	115.9	73.9	65.8	1.5	2	16.3	4.4	100.3	54.2	97.6
465	12.1	11	15.7	16	19.1	22.7	27.2	28.6	23.7	21.2	17.1	13.8	32.6	47.5	45.4	20.9	33.9	2.5	0.1	0.9	67.3	67.8	94.9	96.3
466	12.6	12.5	12.6	14	17.8	25.2	30	28.5	24.4	19.1	15.6	14.4	4.9	21.2	1	19.7	67.4	1.4	8.4	0	67.3	321.1	90.3	100
467	12.4	11.3	13.7	15.9	18.2	24.2	26.5	28.5	26.3	21.2	18	13.6	61.9	60	18.5	46.8	11	39.8	32.3	6.1	8.1	140.3	4.2	62.9
468	12.2	10.7	13.7	15.2	17.2	22.2	26.3	27.9	23.1	22.6	16.5	13.1	1.9	260.5	52.5	123	3.7	0.1	11.8	0	123.9	73.9	20.5	36.3
469	12.8	11.1	11.8	14.7	20.2	23.9	27.5	28.9	23.8	19.8	19.1	13.6	7	31	22.3	25.4	101.4	24.2	0.7	0.3	6.8	75.6	244.9	176.7
470	11.2	11.2	13.1	15.5	18.5	24.3	25	28.3	24.3	20.2	16.2	13	94.9	55.7	86.8	28	6.9	1	5.9	15.4	2	14.1	18.5	36.6
471	11.9	11.8	14.3	15.1	21.2	21.7	25.6	27.8	25.6	22.4	16.1	14.1	76	108	76.1	32.6	26.2	1.8	3.6	10.3	54.1	192.6	143.2	35.9
472	12.3	12.5	15.2	17.6	20	24.2	24.8	28.5	23.7	19.2	18	14.8	70.3	32.8	85.2	18.8	24.2	1.4	0	5.4	5.4	144.4	63	56.7
473	12.6	14.1	13.2	14.9	18.1	23.3	25.3	29	23.2	19.5	16.5	15.1	12	62.7	49.9	49.5	22.4	71.2	3.5	0.2	16.4	39.1	181.9	180
474	12.3	9.9	12.5	16	20.9	22.9	28	25.6	24	22.4	16.3	13.9	27	132.3	29.7	30	13.5	1.6	1.7	17.8	0.2	4.8	38.4	88.2
475	13.3	14.5	13.4	16.1	20.7	21.9	25.7	26.3	25.2	22.1	16.6	12.1	85.6	70.6	37.5	55.7	14.6	19.3	0.1	24.6	31.3	46.3	41	303.5
476	11.8	11.3	11.3	14.9	19.6	22.2	26.7	27.5	25	22.1	15.3	13.4	29.8	143.7	97	18.8	6	1.6	1.5	1.5	42.3	115.6	47.9	25.1
477	12.9	9.5	16.2	19	21.5	26.4	28.6	26.5	24.6	19.8	16.8	12.7	188.2	48.5	45.7	1.5	2.8	0.1	0.1	0.1	68.4	30.8	90	273.8
478	13.9	12.8	13.2	17.9	18.9	24.4	28	28.4	25.1	24.2	17.6	14.3	4	3.2	41.7	6.2	11.1	55.8	0	0.1	34.9	7.1	354.5	60.1
479	11.2	14.2	16.4	15.7	19.3	22.4	24.7	28.7	22.5	20.3	17.8	12.2	50	22.2	14.1	47.8	54.1	4.9	19.4	0.7	119.1	94.1	27.1	98.5
480	12.1	11.9	14.7	17.7	17.9	23.2	26.2	27.5	24.3	20.2	16.1	14.5	28	2.5	102.5	6	94.8	0.1	0	10	21.1	6.7	38.6	35.4
481	13.7	10.1	12.7	16	17.8	24.5	23.8	26.6	23.6	20.4	17	11.7	27.8	21.7	13.8	5.9	62.8	78.4	34.2	10	17.4	6.7	111.8	22.8
482	11.9	10.8	14.1	15.9	19.1	25.1	26.1	27.7	24.4	19.4	16.8	12.3	41.5	121.9	9.2	103.4	20.8	13.7	0.8	1.2	47.7	85.3	33.4	166
483	13.5	12.6	13.6	14.4	19.7	26.7	27.3	27	23.8	22.2	16.6	11.9	122	8.8	33.9	52.1	8.9	0.1	0.1	10.9	34.7	31.6	24.6	128.8
484	12.4	13.2	15.7	16.9	22.4	22.9	27.7	27.6	25.1	21.8	15.6	12.5	20.6	22.9	4.2	18.7	2.3	1.5	0	0.1	7.2	10.8	294.5	18.9
485	11.5	12.1	13.7	15.7	21.2	22.3	26.2	30.1	25.4	20.6	16.5	13.9	34.6	64.4	14.6	9.4	11.4	2.4	0	0.7	3.9	144.1	17.4	50.5
486	11.2	13.7	16.1	15.5	18.1	23	27.1	25.8	26.3	20.3	16.4	12.8	18.3	5.1	3.7	6.9	47.9	20.9	18.7	5.3	10.9	8.9	23.8	20.3
487	12.4	12.6	13.1	14.6	16.9	23.2	26.9	28.2	24.9	19.3	15.5	12.5	151.9	32.1	87.1	36.1	50.4	22.9	1	24.2	14.9	106.8	64.2	7.1
488	11.9	14.7	15.9	15.7	22.4	22.1	27	28.1	24	20.4	17.9	15.1	26.9	0.6	70.3	120.8	30.6	0.4	0.8	0	1.2	29.7	8.3	25.4
489	10.7	10.4	13.1	16.5	20	24.5	26.4	27.4	25.1	20.7	14.3	14.1	42	11.7	6.3	49.4	1	5	0.2	7.2	28.8	72.1	179.2	42
490	10.9	12.6	14.2	15	20.7	23.3	26.6	28.4	25.9	22.6	15.9	13.4	71	5.6	3.4	14.9	6.9	9	2.2	0.3	1.9	52.2	84.5	312.5
491	12.5	10.7	13.9	15.9	17.7	24.1	26.4	29	24.9	20.7	16	11.8	30.3	25.6	16.1	62.4	20.3	0	6.7	1.4	34.4	71.4	56.4	141.6
