#header info#
40.4	#latitude; used for cacluating drought index in model bugmann#
65	#meter a.s.l. of climate station#

#temperature lapse rate with increasing altitude: #
-0.48	-0.51	-0.46	-0.49	-0.46	-0.37	-0.31	-0.35	-0.42	-0.38	-0.47	-0.50

#precipitation lapse rate with increasing altitude: #
5.97	3.12	2.35	4.56	1.71	0.74	0.49	1.16	0.79	0.31	1.82	7.01

100	#meter: corrections (see above) every x meter. #

#	mean monthly temperature (∞C) total monthly precipitation (mm) #
#year	jan.T	feb.T	mar.T	apr.T	may.T	jun.T	jul.T	aug.T	sep.T	oct.T	nov.T	dec.T	jan.P	feb.P	mar.P	apr.P	may.P	jun.P	jul.P	aug.P	sep.P	oct.P	nov.P	dec.P#
1	10	12.8	12.3	14.7	20.2	22.6	24.2	26.6	23.3	20.1	16.1	14.5	57.4	1.2	43.9	18.2	2.8	24.9	0	0	9.8	48.5	2.1	75.3
2	10.3	11.4	13.3	15.1	19.1	20.8	22.7	24.8	21.2	18.8	16.5	11.7	1.5	12.7	24.7	26.1	6.3	4.5	0.6	4.2	9.8	292.2	173.1	78.3
3	10.4	10.5	12.3	12.3	17.9	23.8	23.6	24.8	22.6	16.6	14.5	11.4	11.7	213.4	127.6	24.4	63.9	37.7	72.4	10.9	7.7	112.9	31.1	153.5
4	10.9	10.6	14.2	14.3	18.5	20.8	23.1	24.8	22.8	21.4	13.1	10	59.7	16.7	24.9	4.6	0.5	0.3	71	4.6	51.5	97.9	57.6	88.1
5	12.9	9.6	13.7	13.7	17.8	23.8	24.6	24.4	24.1	19.8	16.7	11.8	24.7	46.1	18.5	29.9	159.9	61.3	0.6	8.6	41.3	63.5	70.5	31.8
6	12.3	13.4	11.5	14.4	15.3	22.9	25.6	27.7	24.1	20.7	14.6	11.5	33.8	3	108.1	79.9	13	6.6	0	4.3	15.1	1.4	132.7	124.1
7	11.6	12.2	11.1	15.1	18.6	23.1	26.3	26.4	22.8	18.9	13.3	12.9	16.8	32.4	29.8	14.8	3.9	0	1.6	6.8	10.6	90.3	89.2	0.3
8	10	13	12.7	13.4	17.5	22.5	23.7	25.9	24.1	19.3	14.7	11	107.9	28.1	46.3	48.2	9.5	0	0	0	34.4	87.6	145.8	151.3
9	9.7	13	11.7	13.4	18.1	25.5	24.4	25.7	23.6	20	16	12.6	42.9	24.8	26.5	44.2	4.7	0.2	7.2	1.5	16.7	17.1	2.2	80.4
10	12	10.1	13.3	15.2	18.5	22.4	25.7	27.1	22.6	16.9	14.8	12	5.9	209.5	49.1	142.6	34.1	31.7	54	0	50.1	62	137.5	37.8
11	11.8	13.1	13.2	14.9	17.5	22.7	25.2	27.3	22.7	20.2	16.3	11	253.9	19.8	10	40.5	20	1.4	0.5	1.7	31.9	26.4	21.6	16.8
12	10.2	14.2	13.2	12.6	17.8	23.1	25.8	25.7	25	20.4	17.3	13.4	10.4	7.4	22.9	163	4.8	58.7	11	6.1	2.8	12.1	94.4	21.8
13	12.5	9.9	12.7	15.6	18	20.5	25.1	26.5	24.3	19.9	16	12.6	26.3	122.7	28	7.4	0.5	7.2	0.6	0	21.7	107.3	12.6	27.8
14	10.3	10.7	14.1	14.7	18.2	23.5	26.1	28.2	24.1	20.3	15.4	13.2	4.3	81.1	13.8	30.4	76.1	5.5	3.1	19.3	2.5	29.3	129.1	18.7
15	12.1	13.7	13.1	13.9	19.2	22.4	26.7	28.3	24.1	22.5	14.8	13.2	32.3	12.6	44.7	91.5	9.1	41.1	1.2	0.7	90.7	51.4	201.8	37.7
16	13.2	10.7	10.1	15.2	18.1	23	25.2	26.1	24.8	19.9	14.5	12.2	88.2	33.8	60.2	88.3	29.3	129	23.2	0.5	126.9	95.9	53.8	32.2
17	12.3	11.5	14.7	15.8	20.3	22.5	25	27.1	21.5	18	16	10.5	3.8	35	23.9	66.3	22.5	14.6	22.6	10.9	3.5	49.4	29.3	14.8
18	12.6	11.2	12.5	13.9	19.4	24.4	26.3	28.5	25	20.4	14.4	11.3	29.9	12.2	8.6	16.9	1.8	2.1	0	0.9	11.9	81.4	175.7	121.4
19	10.7	11.5	12.4	14.6	16	20.9	26.1	26.2	22.5	18.9	14.6	13.8	126.4	34	60.8	27.7	64.5	39.1	0.5	35.5	169.5	80.6	38.3	9.9
20	11.4	12.6	12.9	14.3	19.9	23.1	27	29.1	23.4	19.5	14.8	10.1	178.3	24.1	42.2	29	18.3	3.6	0	4	2.2	21.4	57.6	229
21	10.4	10.2	14.1	13.7	17.2	23.7	27.1	27.1	22.2	19.4	15.4	11.7	55.8	71.7	1.3	102.2	16.6	3.7	0	1.1	52.9	70.8	139.9	75.1
22	12	10.9	12.3	13.9	17.7	23.2	28.3	27.1	24.3	20.1	15.8	13.6	97.9	141.9	187.5	96.8	208.6	12.1	0.7	12.5	40.4	50.5	120.4	25.9
23	13.3	8.5	15.4	14.6	20.4	24.4	26.1	26.5	23.4	18.7	15.5	13.3	26.7	127.4	25.4	28.3	3.4	7.1	0.8	71.2	89.1	25.8	414.9	72.1
24	12.9	11.7	13.2	16.3	19.4	24	25.1	30.6	24.4	21.3	15.6	13.2	96.7	76.7	192.9	11.3	4.2	0	36.1	0.3	5.2	54.4	63.5	5.8
25	12.7	13.3	12.7	15.4	18.7	21.7	26.6	26.2	23.2	19.3	16.2	10.7	31.7	55.1	86.9	69.2	15.2	8.9	19.7	18.7	59.3	7.6	33.7	100.5
26	10.5	10.2	14.8	16.2	19.5	22	27	27	23.7	19.3	15.5	12.9	45.4	47.9	32.9	76.1	3	0.5	2.6	1.1	2.2	93.6	158.5	62.3
27	13.1	9.9	13.7	15.5	18.2	22.9	28.4	27.4	22.3	17.8	15.6	11.9	39.5	15.1	1.8	62.1	104.7	0.9	0	13.6	10.9	62.3	154.7	179.1
28	10.6	14.3	13.1	16.4	18.1	21.3	25.9	28.8	24.4	20.3	14.8	11.7	27.6	49.8	8.3	10.7	8	2.7	52.4	0	3.3	19.4	334.9	214.1
29	11.7	11.5	12.4	13.8	17.2	22.9	25.8	26.5	23.6	19.7	16.4	13	202.8	19.2	67	16.5	71.2	1.4	5.8	3.2	36.3	22.1	20.9	58.9
30	10.9	13.1	14.7	16	19.6	23.2	25.5	25	25.1	20.4	16.3	15.4	31	33.8	15.4	91.2	65.5	4.7	5.4	109.2	15.6	75.9	16.4	36.7
31	12	13.6	12.8	16	15.5	24.6	27.9	28.9	22.8	21.9	16.9	14.1	52.1	1.3	109.7	72.6	54	76.8	0.8	1.4	11.5	10	184.4	42.6
32	11.4	12	14.3	15.4	18.7	23.1	25.2	26.5	24.2	19.6	18.6	12.6	27.8	160.8	24.7	19	2	8.8	0	8.5	48.1	66.6	13.9	23.9
33	11.4	13.5	12.8	15.2	17	22.5	26.2	27.7	24.3	21.9	16	14.6	17.6	9.1	74.2	65.5	79	0.1	0	4.5	9.5	60.2	98.2	20.4
34	10.7	11.4	13.2	17.8	17.5	23.5	26.4	29.6	25	19.1	15.1	12.6	42	35	28.3	60.6	1.6	2.9	0.1	33.7	2.1	31.2	12.4	47
35	10	12	12.2	16.4	17.2	22.9	27.1	28.7	24.3	21.1	16.6	13.7	43.5	7.1	184.2	14.4	76.5	0	48	35.2	63.5	19.6	11.9	61.9
36	14.2	12.8	13.7	15.3	16.3	21.9	27.4	28.1	25.6	19	16.6	14.8	57.3	0.9	15.3	39.7	67.8	12.9	0	0.2	0.5	169.4	24.6	92.7
37	11.4	11	12.7	15.5	19.3	22.8	27.1	27	26	21.1	15	12.9	145.9	22.7	7.3	89.4	33.2	10	0.2	18.7	44.2	36.8	213.8	143.8
38	14	12.1	11.9	15.5	20	23.7	27.4	27.7	24.7	21	14.9	15.3	7.7	41.8	44.7	18.6	36.8	3.5	10.1	1.9	36.1	40.1	86.9	7.7
39	13.6	14.6	13.6	15.5	20.5	23.5	26.9	27.7	24.8	19.4	16.1	13.2	70.3	136.1	94.5	13.1	34.7	6.7	0	5.7	47	26.9	39.9	0.3
40	13.3	9	13.9	15.1	20.7	21.8	26.8	26.4	24.8	20.7	16.3	12.3	61.5	176.3	28.7	10.3	8.1	47.6	0.1	9	165.1	85	118	127.6
41	11.6	12.2	12.1	15.7	22.1	25.4	25.8	25.9	23.4	20.7	16.1	12.7	25.1	13.2	39	27.8	16.6	2.2	0	0.5	153.1	36.3	6.2	80.1
42	11.6	10.2	12.4	15.6	21.3	24.2	25	27.1	25.7	19.5	15.7	12.8	46.4	127.2	55.3	62	125.1	16.2	3	0	31.7	93.1	164	31.8
43	12	12.6	14.5	15.9	18.5	25.3	27	27.3	25.4	19.7	17.9	13.8	94	83.5	42.4	16.5	3.7	1.7	9.8	4.8	82.7	254.6	83.9	94.5
44	13.7	13.6	11.9	17.6	18.2	22.7	25.9	27.2	26.1	20	14.5	11.8	35.8	9.4	238.3	43.6	5.9	17.8	0.7	2.8	8.4	71.1	42.9	103.8
45	11.8	12.3	11.7	16.3	19.4	24.9	27.5	29.4	26.2	19.8	17.5	14.6	17.3	13.1	100.4	7.7	68.2	6.4	6.9	0.6	13.3	106.1	26.4	5.3
46	14.3	14.7	13.2	14.3	18.6	23.5	25.9	29.3	23.5	20.6	16.1	12.4	174.2	29.8	6.6	28.1	48.5	2.4	0.8	0	50.4	110.4	17.6	155.9
47	12.1	13.4	14.6	14.5	19.1	22.1	28.7	27.9	25.6	22.6	15.3	13.2	124.2	7.7	80.3	44.8	9.2	19.9	0.2	2.1	109.1	9.7	73.5	12.3
48	13.9	13.9	13.7	15.8	19.3	23.9	26.5	29.4	23.4	22.1	17.2	11.9	138.2	7.3	31	12.4	21.1	11.7	8.3	0.8	0	76.5	15	150.5
49	13.1	11.4	15.5	15.3	21.9	24.9	27.2	28.5	24.4	21.7	16.3	13.6	17.8	32.9	3.9	92.8	19.2	0	15.8	6.1	43.6	158.6	71.3	165.5
50	12	12.5	11.5	15.6	20.4	23.9	29.2	29.8	24	20.9	16.6	14.6	86.5	8	159.8	68.9	1.7	11.2	1.8	0.9	25.5	37.9	20.5	58.5
51	12.7	12.4	13	17	18.8	23.5	27.6	28.3	24.5	19.6	16.7	14	7.7	92.6	10.9	3	49.9	11.2	7.3	0.5	13.4	58.9	8.5	11.9
52	13.5	13.1	14.6	14.9	19	24.3	27.5	28.8	24.2	22.5	16	12.4	31.5	20.1	36.5	5.5	9.4	5.4	19.2	0	6.8	70.9	72.9	333
53	13.9	10.9	13.2	15.9	17.5	24.2	28.4	28.8	25.1	21.9	16.7	13.7	6.6	33.2	238.5	14.3	33.7	0.1	5.6	67.2	2	45.8	118.9	81.6
54	12.5	15.6	14.4	16.2	20.8	26.6	28.8	27.2	25.3	22.9	18.4	12.5	29	9.7	51.4	21	12.7	0	1.6	4.8	78.1	316.6	15.8	59.4
55	14.2	11.9	12.4	16.8	18.7	23	29.2	27.9	24.7	21.4	17	14.2	5.4	41.5	133.1	17.6	111.4	7.7	1.1	69.2	31.4	67.8	225.8	18.7
56	12.9	13.6	14.7	16.3	18.4	25	29.1	27.9	24.5	20.7	17	12.2	62.3	35.6	48.4	56.1	27.8	3.4	0.2	31.9	101.8	14	60.6	151.1
57	13.8	11.4	15.3	15.6	22.9	24.5	24.4	28.6	24.9	22.7	15.2	13.3	15.4	7.5	4.6	30.4	0	1.4	0.5	4.6	90.7	30.9	4.1	58
58	13	12.8	13.7	15.1	21	24.2	29	27.7	23.5	19.7	17.4	13.7	54.9	229	64	39.6	14.2	1.9	0	0	27.9	106.5	64	164.5
59	13.9	13	15.7	15.8	22.2	23.7	27.8	30.6	25.6	21.5	16.6	14.3	96.9	87.1	52.9	10.4	54.6	0.5	0	0	29.8	132.2	154.3	76.3
60	13.2	14.7	12.5	15.5	19.6	24	27.5	29	26.3	22.3	15.9	15.6	222.4	108	136.7	56.5	54.3	24.8	0.1	2.3	8.1	9.4	44.6	17
61	13.6	12.2	14	16.1	20.5	24.7	29	29.2	26	20.1	16.8	13.7	42.7	13.2	98.2	21.2	15.3	6.3	0	0.1	13.9	88.5	253	74.4
62	12.5	13.3	14.5	15.3	19.8	24.4	27.4	27.8	25.3	21.6	17.2	15.4	18.1	27.9	41.8	15.3	8.6	167.3	11.3	10.4	112.3	80.8	45.2	45.2
63	11.7	14.6	15.3	15.7	19.9	26.2	27.1	31.1	25	24.2	17	12.9	49.5	15.7	19.1	15.1	4.4	2.9	3.2	0	12	18.7	96.5	38.1
64	12.7	12.7	12.9	16.7	21	23.8	30.2	28.4	26.5	22.5	16.9	16	86.6	21.3	30.3	24.1	59.7	3.6	3	1.8	15.1	60.7	21.9	32.7
65	13.7	13	13	16.1	19.3	20.9	30.3	27.5	25.9	20.8	18.1	14.5	36.7	6.6	109.8	32.4	67.4	9.4	26	0.2	111.3	86.7	143.4	63.3
66	12.6	14	15.9	15.6	19	25	26.2	29	26.8	21.7	16.4	15.4	67.2	38.8	62.2	174.8	8.7	26.1	0.6	3	119.7	146.8	92.5	36.4
67	13.8	12.1	14.3	16.4	18.5	22.9	29.6	29.7	26.2	22.3	16.6	14.2	5.7	78.7	39.7	26.9	21.3	42.1	0	2.4	14.6	130	115.7	26.6
68	14.4	10.6	14.7	17	20.6	23.6	25.7	30.1	24.5	21	16.9	14.7	41.5	236.8	161.9	2.7	37.8	28.1	13.4	0.1	138.3	10.5	158.8	11.3
69	12.9	12.9	14.9	18.9	21	25.5	28	28.6	24.2	23.1	17.8	15.4	73.5	52.6	24.2	12.8	16.9	0.8	0.8	8.1	64.9	34.3	98	124
70	13.2	13.1	14.2	16.3	21.8	26	28.9	31.9	24.7	22.4	16.5	16	67.2	9.9	83.1	3.2	1.5	0	0	8	6.8	227.9	70.7	119.8
71	12	13.2	15.4	15.3	21	25.2	28.3	31.2	26.4	22.5	18.6	15.4	4.9	49.2	15	8.1	22.2	0.7	3	0.1	20.8	24.2	34	39.3
72	14	12.2	16.7	17	18.5	24.3	27.6	28.1	26.4	22.6	17.6	16.7	11.3	18.8	2.6	2.4	16.8	0.3	10.2	73.3	19.7	20.1	60	38.2
73	14	14.5	14.8	12.7	19.2	25.8	28.1	28.1	25.9	20.3	17	12.5	29.7	2.8	54.2	68.1	46.1	8.6	2.5	56.2	62.4	29.7	9.5	16.5
74	11.9	10.8	15.3	17.7	22.3	24.8	29.5	30.4	25	25	17.4	13.7	87.4	80.1	93.2	79.1	15.8	9.9	0	33.5	62.7	13.7	67.4	3.6
75	14.3	15.3	15.2	16	18.8	23.6	28.3	32.4	25	22.6	16	15.5	31.2	2.8	11.9	52.1	5.2	6.4	0.5	0	91.7	34.3	78.3	14.2
76	15.3	15.2	11.9	18.5	20.1	25	33.1	31.4	27.3	21.3	17.4	15.2	12.1	62.3	31.1	11	109.3	15.5	0	0	3.2	60.1	98.3	33.3
77	13.7	14.4	14.9	17.2	20.7	25.7	26.9	27.9	27.3	22.5	18.1	15.8	53.3	51.3	35.2	32.8	10.1	0.3	1.2	37.1	1.7	9.8	108.1	80.3
78	14.5	12.3	14.9	18	22.6	25.8	29.6	30.5	27.7	23.3	16.6	15	40.1	92.6	122.4	22.4	35.1	128	25.2	12.2	50.5	98.2	124	54.5
79	12.3	15.7	16.2	18.1	20.7	27.1	29.5	32.2	27.7	21.9	17.1	15.1	13.3	8.8	27.7	23.1	30.9	14.4	11.3	0	1	58.1	179.9	1.4
80	15.1	14.6	15.6	16.4	18.9	25.1	29.8	29.5	26.5	22	17.1	15.2	17.2	27.4	38.3	22.4	24.7	0.1	0.3	0.3	27.2	4.8	28.1	45.5
81	13.9	12.8	15.4	18.2	22.4	23.7	29	29.1	28.4	20.9	17	16	73.7	48.4	41.3	4.5	15.7	0.7	0	0.1	1.2	181.7	17.7	27.1
82	14.1	12.5	14.8	17.2	19.4	23.7	28.2	29.8	24.9	23.9	18	15.1	127.1	118.6	23.6	6.7	7.4	0	7.5	3.5	112.7	165.8	4.2	62.3
83	13.4	14.1	12.8	17.3	21.8	22.1	32.1	28.2	27	22	16.7	13.2	61.8	27.7	24.1	22.2	16.2	4.1	0	7.3	12.9	126.2	234.3	137.1
84	14.2	15.4	15.7	18	19.4	25.4	30.3	29.3	27.9	22.9	15.9	14.4	56.6	42.2	80.9	18.7	135.8	47.9	0	42.6	9.7	28	32.5	153
85	14.3	13.9	14.2	17.3	23.3	24.3	29.4	31.7	28.8	24.3	17.7	15.6	229.9	74.1	167.6	45.5	114.9	1.6	45.5	0.4	8.1	19.9	68.2	14.1
86	12.9	13.1	13.9	17.7	17.4	27.3	30.1	27.5	28.5	21.5	18.3	14.2	9.3	71	16	33.4	27.5	13.4	38	6.3	4.5	24.9	37.5	79.5
87	14.8	13.1	15.2	17	21.5	25.2	30.3	32.6	27	25.3	18.5	14.6	103.5	143.4	54.6	61.5	0.5	2.9	7.1	4.2	29.7	36.2	124.5	99.5
88	13.2	18.2	15.1	15.5	21.8	24.9	30.5	29.7	27.9	23.2	19.1	15.6	44.9	3.6	29	43.2	8.1	3.2	9.6	111.4	32.1	148.1	47.7	32.7
89	13	14.2	14.9	16.3	20.5	26.6	30.5	31.9	29.7	24.3	16.7	15.3	65.4	39.2	60.8	31.2	66.7	16.6	43	0.1	8.4	38.9	99.1	53.6
90	16.6	9.6	15.1	16.4	20.2	25.7	29.6	32	26.1	23.9	16.7	14.8	35.3	163.6	1.3	24.6	21.2	2.3	6.8	0	14	116.7	46.8	17.7
91	14.2	14.7	15.6	17.3	20.7	27.5	28.6	31.5	27.5	21.6	18	17.2	50.8	35.2	9.7	8.2	34.6	12.1	0.2	1.5	49.7	79.1	20.9	148.5
92	13.8	16.7	15.2	16.3	20.9	27.9	31.8	28.9	26.9	22.8	17	15.9	59.6	9.2	79.1	19.3	14.2	0.8	2.6	12	30.9	24.4	154.6	112.8
93	15.3	14.9	15.4	17.4	20.7	24.9	31.4	31.5	27.8	21.8	18.4	16.6	23.7	30.1	74.5	17.6	98.2	3.9	0	3.7	26.4	79.9	27.6	7
94	12.9	14.1	16.2	17.9	17.2	24.1	30.3	31.9	25	24.7	19	13	17.4	74.3	113	116.6	132.7	0.3	0.4	0.2	33	29.2	46.3	44.7
95	13.4	13.2	17.6	18.1	23.4	25.7	30.9	31.4	28.2	21.3	19.4	14.9	11.5	59.3	21.5	4.2	33.4	8.1	5.2	0.3	31.7	45.2	97	61.6
96	13.6	12.1	14.9	20.2	23.3	26.4	31.4	29	28.3	22.2	16.7	17.4	77.8	62.5	140	26.7	9.9	108.8	4.3	61.2	30.7	11.1	51.4	75.5
97	15.7	14.9	14.7	18	21.7	25.4	30.8	29.5	27.3	23.3	17.3	15.7	15.1	4.7	68.1	92.9	52.8	28.7	0.9	12.5	13.5	455.3	211.2	82.6
98	14.5	14	15.9	16.1	21.5	26.9	29.5	29.2	25.4	23	18.4	14.4	89.6	59.9	34.6	72	26.2	0	0	0.5	60.3	98.1	31.3	19.8
99	15	13.9	16.1	16.9	21.2	24.2	30	30.4	27.8	23	18.7	16.4	3.4	125.8	55.9	83.5	107.8	54.5	2.4	5.1	14.6	28.2	8.1	51.6
100	15.2	14.6	14.1	17.2	21.5	25.1	30.6	30.8	27.5	23.4	17.8	14.6	25.7	4.2	61.8	23.7	0	0.5	3.6	0.1	0.5	21.9	116.1	9.4
101	12.7	15.6	13.8	17.5	22.2	27.1	31.5	32.1	27.7	22.3	18.1	15.7	72.1	8.3	90.5	128.4	23.6	2.3	2.3	4.4	13.8	163.6	77.8	9.6
102	13.2	13.2	16.4	19.7	23.4	25.7	30.1	30.9	28.1	23.4	18.2	14.6	150.2	46.4	42.2	40.3	10.2	64	0.2	37.7	6.4	36.4	69.7	76.6
103	11.9	17.2	16	18.2	21.9	24.6	29.4	32.3	28.3	23.4	16	15	29	0.7	0.3	82.8	13.3	33.9	6.9	1.9	1.8	44.3	34.5	59.1
104	15.4	12.5	14	17.2	21.9	24.8	30.1	30.3	27.5	26.6	16.7	14.6	21.8	84.2	23.9	2	9.7	37.8	0	0	21.3	6	30.3	277.7
105	13.5	14.1	13.6	17.1	19	25.7	30.5	31.9	27.9	24.8	19.6	17.8	96.7	79.8	22.1	8	68.1	19.5	15.8	0.6	2.7	31.2	128.1	17.6
106	15.2	12.6	16.7	18.4	20.6	27.7	32.1	30.6	27.9	24.1	19.2	14.9	23.8	105.5	62.2	25.1	52.1	95.5	8.9	7.7	18.1	67.3	5.8	15.8
107	14	18.9	14.6	15.7	22.7	28.4	30.6	30	27.5	23.6	18.2	15	13.3	11.6	56.8	21.6	40.6	0	0	40.5	8.8	20.4	157.6	49.5
108	13.5	15.3	14.4	17.6	19.8	26.9	30.7	29.8	28.2	23.4	17.7	16.2	49.9	97.8	11.9	122.1	47	15	0.3	4.1	34.1	55	86.5	4.3
109	14	12.3	14.5	16.8	22.2	26.2	27.9	29.2	26	23.2	18.4	15.4	50.6	58.2	52.1	48.6	16.5	1.2	0.1	9	21.1	64.8	67.7	30.2
110	12.4	13	14.6	18	21.3	26	30.5	30.9	27.7	23.1	18.6	16.5	28.2	261	2	23	24.7	1.1	0	3	58.3	2.2	73.6	22.7
111	14.9	14.7	16.7	16.7	21.9	28	30.8	32.6	27.1	22.2	19.5	15.6	18.8	31.1	32.6	6.3	44.8	5.1	0	0	41.5	52.5	8.3	29.4
112	15	13.9	15.3	16.5	20.8	29.1	30.1	31.4	26.9	22.4	16.7	14.9	45	113	23.2	82.9	60.1	41.5	0.1	6.4	40.2	77.6	6.1	74.4
113	16.3	15.5	15.1	17.2	20.4	27.5	28.3	31.7	25.6	24.7	18.2	16.3	91	9.4	6.9	4	0.4	14.8	8.1	17.4	74.9	98.2	11.1	54
114	13.5	15.9	15.9	18	20.1	29.1	28.1	32.6	27.8	22.1	18.5	14.8	12.8	22.6	21.6	9.1	31.5	2.5	25.8	0	54.8	29.7	92.5	121.4
115	13.8	15.6	12.5	18.2	19.9	27.3	27.9	32.4	29	23.2	17.9	13.9	42.8	15.3	0.6	27.8	22.8	0	1.2	0.1	5.9	15.6	41.4	5.1
116	13.6	13.7	13.3	17.1	22.7	26.1	30.2	31.8	27.8	22.5	17.5	17.3	65.1	34.1	94.4	24.2	18.5	36.5	6	0	39.1	85.3	54.3	15.5
117	13.8	14.7	13.1	17.6	21.1	26.2	31.3	31.7	26.8	24	18.8	15.5	83.1	12.2	91.4	37.7	34.7	12.3	0.1	0	3	230.1	18.2	17.6
118	12.8	14	14.9	16.3	22.2	24.7	29.6	31.3	28.7	23.7	17.1	15.6	69.6	26.5	17	13	15	1.4	5.1	0.9	29.7	73.7	52.7	137.6
119	14.6	12.3	15.6	17.5	21.5	26.4	28.8	32.3	28.7	25.8	18.8	15.5	41.6	47.6	37.9	25.8	9.8	0.4	0.2	4.1	11.1	24.1	106.1	60.7
120	14.3	13.6	15	15.7	23	27	29.2	29.5	27.6	21	18.9	15.4	31.4	7.7	5.6	32.4	10.1	0.3	0	6.4	44.3	198.1	10.6	50.2
121	15	11.7	14.5	17.6	22.8	25.2	27.8	31	27.6	21.9	16.1	17	14.1	135.6	10.2	136.9	19.3	3.9	0	18.6	28	163	146.4	42.9
122	13.2	13.9	15.1	17.1	20.4	28.3	27.4	32	27.9	23.8	20.1	14.8	37.1	102.8	41.1	13.1	71.3	1.6	0	0	3.6	44	1.5	12.7
123	12.9	13.8	16.3	17.8	23.4	25.3	31.5	31.8	26.9	21.8	18.8	15.5	5.6	17	77.4	19.8	0	14	16	17.2	0.1	79.6	19	18.4
124	12.4	16.7	14.8	17.8	21.9	24.6	29	30.1	28.4	21.3	16.5	15.3	25.3	0.8	26.3	61.3	4.4	1.2	13	1.3	63.8	50.9	163.6	85.3
125	14.4	13.8	16.2	17	23.3	28.1	28.7	31	27.2	24.6	18.7	15.2	70.3	13.3	92	21.5	0.3	7	0	0	65.5	22.6	13.2	1.6
126	11.4	14.6	16.2	18.3	22.7	26.6	30.5	30	28.1	22.9	18.9	15.1	26.8	76	2.2	5.1	19.8	41.3	0	0.2	74.9	73.4	218.5	103.9
127	13.3	13.7	13.9	17.7	21.7	24.4	29.5	30.7	28.1	22.6	19.1	15.9	114.5	13.6	66.6	68.4	79.6	0.8	6.1	0	5.3	118.4	239	60
128	14.1	12.4	14.3	17.2	19.5	26.6	29.9	30.2	27.2	23.7	18.2	14.9	15.4	112.6	118.7	140.3	20	0	0.5	36.8	49.9	15.2	235.6	6.9
129	14.8	16.2	15.6	19	19.8	26.3	31.1	32.2	26.9	23.4	17.7	16.2	14.3	39.5	56	26.3	0.8	84	1.6	1	47	6.6	8.6	207.5
130	13.5	15.2	15	18.6	21.1	28	28.1	31.1	28.1	23.3	19.4	14	54.5	12.4	30.9	41.3	6.8	0.1	0.1	0.4	10.6	33.4	127	83
131	13.2	14.5	14.8	18.3	22.9	26.7	28.8	31.6	27.7	21.9	19.7	14.6	62	23.4	70.3	18.5	8.8	16.5	0.2	0	31.9	4.2	127.2	10.8
132	15.8	13.5	17.7	15.2	23.5	25.2	28.5	33	27.5	24.6	18.6	15.6	94.3	55.4	35.1	29.3	19.7	110.1	33.6	0.1	28.6	75.2	70.3	51.2
133	15	13.1	15.1	15.9	23	25.8	29	31.7	26.9	23.6	17.6	15.4	68.3	182.5	10.6	26	4.9	53.7	0.4	0.1	41.6	38.4	17.9	7.8
134	14.9	15.1	15	18.3	22.4	26.8	30.4	31.3	27.2	22.9	19	16.4	39.7	70.3	47.2	66.1	71.6	0.6	1.7	1.8	13	37.2	20.8	13.6
135	13.6	15.3	17	16.9	22.1	26.1	28.9	28.8	26.9	23.7	17.6	17.9	39.8	18	4.5	13.2	27.7	0.1	3.6	0	15.7	14.4	72.8	117.3
136	13.9	14.8	16.6	17.1	21.4	25.4	30.4	30.5	26.7	23.2	16.8	14.2	52.1	13.1	1.7	64.3	6.3	18.5	5.7	53.4	6.2	10.3	32.2	20.5
137	13.5	14.7	13.3	17.3	19.3	26.1	29.7	32.2	28.4	24.9	19.9	14.3	8	15.6	91.5	68.9	96.2	0	0	11.2	9.6	125.2	6.1	122.6
138	13.3	13.5	13.1	17.5	23.1	27.3	27.4	30.6	27.7	22.1	17.1	12.9	15.3	68.3	23.1	6.1	47	2.5	0.4	20.1	23.5	11.9	131	89.4
139	12.1	11.7	16.9	17	21.5	28.4	29.5	33.4	27.8	23.3	17.3	13.6	67.6	70.8	5.6	89.8	74.3	0.3	9.7	0	42.3	229.1	40.6	86.8
140	12.4	14.7	15.6	18	20.6	26.1	31.1	29.7	28.1	22.2	19.2	15.8	77.7	12.8	107.3	13.9	138.5	13	5	3.1	36.2	119.8	15.2	66.1
141	11.3	14.3	14.9	16.5	21.9	24.5	30.5	30.6	26.7	22.9	18.1	16.4	85.2	46.9	12.1	21.2	22.1	4.3	0.4	0	57.4	112.8	308.2	3
142	13.8	12.7	13.1	18.3	20.1	26.5	30	33.1	26.9	21.6	18.6	14.7	5.2	24.6	21.6	38.2	14.8	11.3	0.7	0.1	81.8	47.7	94.9	70
143	14.3	16.1	15.1	18.1	18.4	24.5	32.2	30.3	27.3	23.5	17.2	17.3	99.9	0.7	25.7	86.3	36	10.6	0.1	6.1	15.7	11.5	39.8	144.7
144	12.5	17.6	16.2	17.2	20	25.2	32.5	29.6	28	24.6	18.4	13.7	20.8	24.9	15.9	32.7	21.5	0.2	0.1	3.5	35.1	40.2	230.3	143.1
145	15.1	13	16.1	18.1	21.5	24.3	30	31.2	29.9	21.3	17.6	16.9	16.5	17.3	317.4	38.9	33.4	0.3	1.2	1.4	0.2	149.6	143	8.7
146	14.7	15.2	14.1	15.8	22.2	27	30.9	32.3	27.8	22.7	18	15.5	2.8	10.1	49.5	52.3	44.1	0	8.9	0	19	145.3	78.2	34.4
147	12.4	15.9	16.4	17.8	21.5	25.9	33.3	32.9	27.5	22.2	17.9	15.7	31.3	72.8	11.6	84.7	33	12.6	0.2	1	35.7	113.4	89.3	38
148	12.5	14.7	13.2	17.6	21.1	25.1	30.6	31.2	27.4	24.1	17.6	15.2	5.4	19.4	35.9	24	41.9	8.8	0	17.5	11.8	68.6	6.7	69.2
149	13.2	12.4	15	18.1	20.4	27.3	30	29.4	28.1	22.1	19	16.7	6	84.4	15.1	16.9	16	0.8	0.3	14	3.5	57.3	101.5	44.5
150	13.6	13.7	14.2	16.4	21.4	27	29.4	32.9	25.9	22.3	18.1	16.6	181.1	15.2	2.1	6.5	12	117.8	1.3	0.1	13.8	111.4	48.8	125.8
151	13.1	15.4	13.6	17	23	23.5	28	31	28.3	23.5	18.3	17.3	30	17.4	83.5	79.9	17.6	1.7	19.8	1.9	67.8	89.5	112.6	93
152	13.4	12.6	14.4	19	19.4	23.8	29.5	30.7	27.4	22.6	18.9	14.2	11	7.7	436.8	4.3	51	17.3	0	0	62.5	11.5	36.6	42.5
153	14.2	14.1	13.8	16.5	22.9	25.9	29	29.8	28.2	22.2	19.7	15.2	17.9	33.7	126.6	124.3	0.3	15.5	0	21.2	11	205.7	115.1	65.5
154	13.8	13	15.6	18.6	21.4	28.3	31.6	33.5	27.2	22.8	17.8	16.2	22.6	221.4	28.2	52.4	8.1	0	0.1	0	0	6.9	62	35.4
155	13.2	13.3	16.5	18.2	22	25.6	30.7	29.7	26.4	22.9	17.7	14.5	15	72.3	40.9	28	14.3	0.6	7.1	47.9	49.5	29.6	169.9	285.1
156	15.7	14.2	16.5	18.5	23.3	26.1	29.5	30	25.9	23.6	18	14.5	63.7	33.3	68.8	19.9	14.9	10.5	4.7	2.8	54.4	19	41.6	154.2
157	15.5	13.3	17.1	17.1	21	27.5	30.6	30.6	29.4	23.6	18	14	11.9	115.4	25.1	177.4	7.2	0.1	2.3	3	1.7	9.6	164.6	232.9
158	12.7	12	15.8	17.7	22.1	26.1	31.2	31.4	27.1	21.1	18.1	15	20.5	32.7	21.5	3.4	88.3	3.6	0	10.7	47.3	11.2	6	1.2
159	16.5	14.9	13.6	17.7	21.7	27.1	29.3	31.5	26.4	22.8	17.6	13.9	50.4	13.9	18.8	18.7	8.8	44.1	8.2	0.1	88.7	162.8	11.7	14.4
160	13.5	15.7	15.8	17.8	20.9	26.5	28.8	30.7	26.5	24.7	19.1	15.7	77.7	9.7	16.8	35.4	37.2	1.4	4.1	23.3	55.1	106.7	39	37.1
161	13.1	13.3	14.7	19.3	22.2	26	28.2	30.7	25.8	22.1	19.6	14.5	60.7	219.8	27.5	48.6	19.2	16.1	2	3.2	8.4	136.9	87.8	52.5
162	14.1	13.1	15.3	18.1	20	26	30.4	29.6	26	22.4	18.4	13.8	25.1	113.1	64.4	17.4	7.3	2.9	0	0.1	59.6	41.7	25.5	138.9
163	14.1	16.1	14.2	17	20.1	26.1	31	31.2	26.4	23.8	18	13.2	3.6	47.9	28.8	13.6	17.1	0.3	0	12.9	15.1	23.6	204.1	180
164	13.5	12.8	12.7	17.5	20.2	24.2	32.2	30.8	27.9	21.6	18	15.9	29.2	98.8	85.3	35	13.1	8.4	0	12.4	32.4	255.8	19.7	4.4
165	13.1	15.6	14.7	17.5	21.2	27.2	29.7	31	25.8	22.7	18.7	15.2	78.3	1.4	74	29.7	18	5.8	1.4	8.2	122.5	20.6	180.4	81.6
166	11.8	14.2	14.2	17.2	20.9	26.4	30.1	32.1	28.4	22	20.5	14.4	34.1	24.3	103.4	14.2	174.8	16.5	11.9	3.8	51.9	106.7	103.6	137.3
167	13.6	16.5	14.3	17.6	23	26.8	30.2	30.5	26.8	21.4	17.8	14.3	45.8	44.6	48.2	23.2	19.2	1.6	4.1	39.2	2.4	16	19.4	155.5
168	12	14.1	13.1	18.5	20.8	25.7	32.4	31.8	25.2	24	19	14.2	42.7	6.3	71.5	32.5	73.8	22.5	1.4	0.1	117.6	57.7	71.7	4
169	14.2	12.2	13.7	16	20.3	27.6	29.5	31.1	29.1	23	18	13.8	56.8	150.8	17.2	14.4	37.8	10.4	6.1	0.6	3.9	93.4	107.7	438.1
170	13.9	14.2	16.6	16.3	23	26.1	29.4	30.8	27.5	21.6	18.1	17	58	13.6	26.9	29.7	3.6	4.8	37.1	0.1	22.1	71.7	187.7	18.4
171	14.9	13.8	15	16.4	22.1	26.8	28.2	32.7	27.7	22.1	18.6	16	118.6	33.2	213	10.6	82.5	9.5	14.8	0	137	107.8	6	9.5
172	14.7	15.1	15.4	16.6	20.8	27.9	29.9	30.4	28	22.6	19	16.7	55.3	110	22.6	48.4	34.8	0.9	0.7	4.9	10.4	5.8	41	175.1
173	14.4	13.4	15	17.3	22.3	28.3	29.9	30.2	28.1	22	17.4	13.4	13.9	157.4	0.8	17.2	1.1	14.6	0.1	0	16.8	131.5	177.1	176.4
174	15	14.1	17.1	18.2	22	25.9	28.7	32.4	26.8	23.2	18.5	13.9	150.7	2.4	1.3	53.3	56.5	57.3	0.1	5.3	12.8	115.7	117.6	52.5
175	13.9	14.4	16.1	17.2	19.7	27.7	27.7	27.9	28	22	16.9	14.9	14.1	2.1	51	3	11.4	57.3	0	6.7	6.9	84.5	101.3	157.5
176	15	14.7	15.1	17.2	21.3	24.7	32.7	29.4	29.3	23.1	16.2	16.7	5.5	29	0.8	212	9.6	0.3	0	23.3	1.5	25.9	57.6	17
177	13.7	12.4	14.2	17.7	21.2	26.3	28.5	30.3	29	23	18.5	15.3	26.9	74.3	181.2	5.9	58.1	10.8	0.6	5.8	0	25.2	85.5	40.1
178	14.4	16.5	15.7	18.1	22.1	27.2	30.9	30.9	27.9	23.3	16.6	15	7.5	6	4	94.2	28.9	5.2	0.4	5.8	32.1	56.3	107.9	11
179	12.7	12.2	15.2	19.3	21.9	27.4	30.7	32.1	27.2	22.4	19	14.9	14.3	30.2	25.5	11.2	19.4	0	0	0.4	9.7	42.3	113.5	299.8
180	13.8	14.4	15	18.3	21	25.9	27.4	31.2	25.7	23.5	18.1	15.2	62	62.2	42.5	89.4	18.8	13.1	10.6	40	108.2	64	73	80.9
181	14.6	10.8	16	19.6	21.2	26.5	28.9	33	26.5	21.8	18.7	16	65.5	128.9	34.5	7.5	21.9	2.1	3.7	0	11.4	66.3	28.8	54.4
182	12.4	12.8	14.1	18	19.1	27.2	28.5	32.7	26.5	21.8	20.8	14.6	51.2	50.6	29.8	111.4	62.3	0.2	95.4	3.5	118	70.6	45.7	29.2
183	14.1	12.2	14.3	18.8	19.7	27.2	31.4	29.9	27.7	22.9	19.7	16.4	39	76.5	77.1	4.9	43.5	0.9	2.3	1.6	6.7	98	1.6	76.5
184	14.5	15	16.9	18.2	20.7	24.2	28.6	30	27.6	23.2	18	15.2	28.2	34.4	10.2	32.2	48.5	103.4	0	3.9	37.1	44.5	99.9	15.3
185	13.9	14.7	14.5	18	21.9	26.8	32.1	29.8	27.2	23.5	18.1	16.3	11.8	35.5	88.6	132.6	41.5	17.9	0.3	1.8	18.2	97.6	98.2	204.6
186	14.1	18	11.7	17.3	20.4	26.8	31.7	31.1	25.8	23.4	19.8	15.2	72.5	3.4	298.1	14.8	10.4	0.1	0.1	0.7	97.3	6.3	31.5	32.9
187	14	14.5	14.4	17.6	22.4	25	28.7	29.7	28.3	23.1	18.4	14.9	17.8	50.1	60.7	8.8	14.4	0.7	5.8	2.2	20.2	63.3	105.4	70
188	15.6	14.3	15.6	16.6	22.3	25.3	29.7	33.6	28.5	25.3	19.5	15.6	18.5	86.4	34.4	36.5	33	4.4	1.5	0.2	16.3	27.1	68.1	14
189	13.3	15.6	14.8	17.8	22.5	27.4	28.5	32.3	28.2	24.1	18.2	15.9	120.8	81.5	289.4	46.5	24.6	12	6.7	0.1	79	45.2	91.7	41.3
190	14.5	13.3	17.8	17.3	19.8	28.5	29.5	31.8	28.2	23.6	17.3	14.6	68.6	98.2	1.1	101.6	26.9	0	0	2.2	34.3	7.1	177.8	14.2
191	15.3	12	15.9	16.7	21	24	31	30.9	28.4	22.7	17.7	16.2	201	72.5	133	37.5	25.4	49.2	0	0.1	76.7	6.9	113.7	27.8
192	15.4	14.7	16.1	16.9	21.1	26.4	29.7	30.5	26.5	22.6	18.7	16	14.6	24.5	3.5	43.8	9.4	6	1	0.3	25.5	38.7	44.4	256.4
193	13.2	12.4	14.4	18.4	20.3	25.4	32	28.8	27.1	23	17.3	16.4	31.1	97.6	118.6	48.4	31.9	55.8	0.4	53.1	6.9	91.8	89.2	30
194	13.8	13.4	14.2	18.5	22.5	26.4	29.4	31.2	27.1	21.5	17.9	15	50.3	91.8	100.6	37.4	7.4	0	0	25.7	28.6	81.1	158.7	77.4
195	13.5	16.1	14.1	18.1	21.7	26.4	31.4	31.3	29.4	22.7	19.3	14.2	50	44	20.5	34.6	5	0	1.8	79.4	71.4	55.3	66.6	58.6
196	14.2	15.2	17.4	17.5	23.4	25.7	31.6	29.4	26.6	22.3	17.2	14.5	80.4	18.9	1.4	15.5	28.6	11	0	2.1	20.9	170.9	14.4	266.6
197	14.2	15.3	16.3	17.8	21.1	25.3	30.2	31.1	25.9	22.7	19.3	16.6	59.5	49.8	51.5	43.3	76.3	3.2	0	0.3	240.7	118.7	81.4	9
198	13	14.9	16.3	18.7	20.7	26.9	29.4	31	28.5	21.1	16.5	16.1	96.5	19.3	5.4	31.1	14.1	0	0.1	10.1	7.4	316.8	38.6	154.4
199	14.9	15	16.5	17.2	20.7	26.5	30.6	32.2	25.8	23.4	15.5	17	24.4	30.2	7.8	4.3	109.3	4.4	35.4	0.6	23.6	26.8	155.6	46.8
200	12.7	13.4	15.2	17.7	21.5	25	28.8	30.8	27.1	23.4	18	15.7	66.2	75.8	33.3	1.4	31.4	5.4	8.9	1.2	2.5	9.6	38.6	105.4
201	14.6	13.1	15	17.9	21.5	26.7	30.1	32	26.5	22.7	17.1	14.6	64.6	26.8	7.4	71.7	2.4	18.6	0	0	72.9	1.3	75.3	24.8
202	14.2	11.4	15.1	17.7	23	25.3	30.1	30.2	26.7	22.3	16.2	15.9	35.4	110.6	169.2	13.4	5.9	23.1	0	0.9	19.8	62.3	61	9.3
203	14.4	13.3	14.7	16.6	22.1	25.5	27.8	32.3	27.1	23.1	17.6	16.2	97.6	150.2	23.7	18.7	35.5	0.7	0.8	1.9	46.2	8.1	66.6	24.1
204	13.7	16.9	17.7	16.2	18.8	26.7	31.3	32.1	28.3	21.9	16.5	13.2	21.7	3	3.9	51.4	23	5	0.1	0.9	9.7	76.6	65.1	6.3
205	13.8	14.5	14	17.6	21.4	23.4	30.3	30.7	28.7	23.3	18.1	15.5	14.9	10	22.4	14.5	4.9	0.7	30.9	0.7	5.5	114.2	31.5	27.7
206	13.9	13.8	17.3	16.8	21.5	26.6	32.4	29.2	26.6	23.9	18.6	14.6	23.1	14	18.7	87.7	28.7	10.8	0.1	37.8	104.6	100.8	123.9	90.1
207	13.7	13.6	13.4	18.1	21.2	28.1	29	30.4	26.9	22.7	17.5	15.2	53.1	26.5	165.2	7.1	3.8	0	17.6	8.7	0.2	70	81.7	72.3
208	13.7	13	15.6	15.9	19.4	24.6	28.8	31.6	26.8	23	18.2	14.6	55.8	48.8	20.2	4.4	14.6	0.8	0	0	25.1	73.3	20.6	65.9
209	12.4	13.3	14.6	18.3	19.2	25.8	28.9	30.6	28.7	23.2	21.3	13.7	7.4	56.7	22.3	12.3	39.1	16	0	16.9	2.1	29.2	11	337.3
210	13.4	12.8	15.4	17.5	20.8	27.9	31.1	32.9	28.1	20.7	18.1	16	3.2	68.8	65.7	37.4	24.5	6.8	1.8	0.1	47.1	60.5	45.8	49.1
211	13.6	14.8	16	17.8	23.7	26.5	31.8	31.4	27.5	22.8	17	14.9	28.8	24.8	17	45.1	32	1	9.3	7.4	54.4	38.8	13.3	66.8
212	12.5	16.3	16.1	17.1	20.9	26.6	28.9	30.9	27.7	23.2	18.7	16.6	62.9	12.2	6	8	0.9	37	0.5	15.2	12.4	167.8	50.6	28
213	13.4	17	15.1	17.6	20.1	26.6	30.2	29.9	26.8	23.4	18.4	16.2	56.2	2.6	71.7	93.3	8.7	20.5	0.1	4.8	2.8	110.5	77.2	43
214	14.3	12.2	14.2	18.2	20.4	27.1	26.7	32.5	27.6	23.4	18.3	15.3	41	91.6	90.1	24.8	1.5	12.2	3.1	0	3.8	32.8	33.3	176.7
215	13.2	13	17.1	17.5	19.6	25.9	29.2	31.9	27.6	22.3	18.7	15.2	61.8	34.8	19.4	13.5	42.2	7	9.3	0.1	3.3	63.2	100.1	22.2
216	14.4	13.1	14.6	19	21.9	26.9	29.2	31.4	28.6	23.5	19.5	15.1	12.3	68.2	21.2	23.1	1.3	0.2	0.2	10.8	47.7	56.7	7.2	4.7
217	14.1	11.1	13.1	15.9	21.3	25.9	30	31	26.8	23.6	17.3	15.6	92.4	30.7	86.3	14.8	7.5	0	9.1	5.3	12	114.1	95.8	87.8
218	13.6	13.4	15.7	17.4	22.4	24.3	27	30.7	28.8	23.3	17.1	13.6	9.9	41.3	39.7	16.4	0.5	13.8	0.2	0.2	32.6	108.9	341.2	122.8
219	16.2	15.2	16.4	18.7	21.9	27	31.2	29.9	27.5	21.3	17.6	15.4	19.5	15.1	5.2	7.4	18.6	7.2	1.9	4.8	100.6	29	7	33.7
220	14.8	11.8	15.4	17.4	19.7	27.2	27.9	30.2	26.3	20.6	18.5	15.5	44.6	218.7	34.4	93.7	64.7	91.3	70.4	27.9	50.1	87.3	38.1	52
221	12.3	14.7	15.5	16.6	21.1	26.3	27.5	32.1	27.1	22.8	17	16.1	66.2	29.7	110.5	11.1	57.4	14.4	1.3	1.6	31	104.5	126.3	123.5
222	14.3	16.1	14.9	17.4	21.5	26.1	30.6	30.1	26.4	23.1	16	14.4	4	32.1	26.5	40.1	18.9	0	12.6	50.9	101.1	70.5	352.8	85.2
223	15.5	12	15.4	19.6	21	24.9	31.7	32	25.7	23.6	19	15	19.6	352.8	10.1	62.9	24.6	95	0.4	3.3	7.5	53.7	27.9	59.1
224	13.2	14	14.4	18.9	21.5	27.4	29.5	31.3	28.1	24.9	17.6	14.9	32.5	44.8	39.5	11.3	24.8	2.3	1.8	11.4	28.1	49	145.8	15.4
225	13.5	15.1	15.3	19.1	22.1	25.4	29.9	32.7	26.4	22.1	18.9	14.6	5.8	29.3	13.4	8.8	24.1	9.5	0	39.6	32.6	10.9	87.9	19.3
226	13.2	13.5	13.5	18	21.4	25	31.6	29.9	27.4	22.4	19.2	15.9	6.6	25.9	106.4	8.1	106.8	0.6	0	1.9	16	78.1	46.3	187.1
227	15	11.9	14.8	20.2	20.5	27.2	28.8	31.2	26.7	22.3	17.3	16	37.5	9	7.9	5.8	6.1	75	0.5	1.2	23.3	25.6	167	316.6
228	14	17.3	14	16.4	20.2	26	28.5	31.2	27.2	22.8	19.5	14.4	93.3	0.4	46.9	126.1	3.9	1.1	0.4	0	31.5	59.6	174.4	225.1
229	14.7	13.2	13.9	18.4	23.3	25.2	29.4	31.4	27.5	22.4	17.5	14.4	32.5	45.2	3	39.2	64.1	4	2.1	9.2	16.2	1.4	73	34
230	14.7	16.3	17.5	16.7	21.4	24.9	30.8	32	28	23.6	19.4	14.3	6.4	3.9	43.8	40.8	9.1	0.3	0	0	4.8	101.7	105.8	37.3
231	14.2	14.7	15.6	18.2	20.3	26	29.1	30.9	27.5	23.3	17.9	13.7	4.8	4.4	37.5	21.9	41.8	0	0.7	1.9	39.1	19.6	50.5	89.6
232	12.9	12.3	14.7	18.4	23.5	26.2	28.3	30.6	27.3	23.5	17.3	15.3	24.9	23.5	243.4	3.8	73.7	12.6	0.9	0.1	15.5	22.7	19	66.2
233	13.8	15.1	12.6	17.8	19.5	25.9	29	30.5	26.5	24	19.9	14.7	36	13.9	86.8	50.3	104	2.1	1.1	5.4	16	252.5	110.7	18.6
234	15.2	14.9	13.6	18.3	22.1	26	29	30	29.6	23.5	17.7	13.1	98.5	4.9	7.1	27	35.1	8.9	0.2	0.1	11.2	8.9	78	138.8
235	12.2	13.6	15.3	17.3	21.7	26.9	30	30.6	26	21.4	19.5	15.4	139.1	53.5	33.3	38.2	17.9	3	0.3	0.2	20.6	23.6	8.1	6.9
236	14.4	12.8	15.1	17.3	23.1	25.2	30.3	31.6	26.5	21.9	19.6	14.8	54.6	10.1	26.3	2.6	3.7	0.3	0.4	0.1	5.1	9.3	47.9	90.5
237	12.4	14.6	14	16.9	20.1	26.1	29.2	31.2	26.6	20.7	18.3	15.2	47.1	3.7	80.3	26.1	39.6	73.3	0	33.4	55.9	19	89.3	35
238	14.4	14.1	13.9	17.7	21.3	28.4	31	31.2	28.5	23.1	18.5	15.1	26.9	13.6	24.7	11.8	9.1	0.6	0.5	0.3	83.4	243.2	133.7	62.7
239	15	13.8	15.1	18.9	21.4	26.9	29.2	28.6	27	22.7	18.2	15.4	24.5	139.7	1.9	75	2.5	17.7	5.4	12.7	42.1	27.5	258.8	22.4
240	14.5	13.6	15.1	16.7	21.1	25.8	29.9	34	26.7	25.2	18	16	38.5	27.2	84.5	29.5	16.9	0.5	9.7	0.1	57.1	41.7	86.8	25.1
241	13	15.2	15.8	16.2	21.1	25.7	29.1	29.9	29.3	22.1	17.5	15.3	77.2	10	3.3	91	39.7	24.2	22.2	2.5	18.3	5	33.7	34.5
242	13.3	14.2	17	17.7	18.4	26	31.2	32.4	26.9	22.3	18.5	13.7	82.6	13.9	13.3	77.7	13.6	1.1	52.7	0.2	1.8	120.2	7.8	89.1
243	13.2	17.5	15.2	18.2	21.9	24.9	29.6	30	25.5	23.4	18.6	15.2	107.3	13	138.1	43.4	6.8	0.5	0.1	0.3	5.1	60	137.3	158.7
244	11.9	16.3	14.4	17.9	20.9	28.9	30.1	31.2	27.7	23.3	19.9	16.3	47.3	3.3	161.7	61	33.7	1.5	0	0.3	17.3	16.7	43.6	152.6
245	13.6	15.6	14.3	17.9	24.7	25.9	31.4	31.6	28.1	22.8	18.6	16.1	25.8	1.1	4.8	30	0.5	3.8	22.5	1.8	2.3	120.7	8.3	37.2
246	14.4	14.1	16.1	17.6	20.4	26.9	28.6	30	25	22.4	15.6	15.4	60.4	87	54.6	23.1	17.6	9.4	0.2	8.8	33.9	256.6	62.2	55.2
247	16.2	13.9	16.3	19.4	20.1	26.2	30.1	31.3	29.2	22	17.4	13.7	25.6	254.2	38	13.1	35.4	2.8	0	0	9.8	63.1	23.2	12.4
248	12.3	14.5	17.2	18.4	20.3	25.3	31.8	31.1	26.1	22.9	18.7	16	28.4	6.3	7.2	52.6	84.6	0.9	0	0.6	87	205.7	116.7	23.4
249	13.7	15.1	15.4	16.7	19.6	25.4	29.7	29.5	29.5	23.4	17.7	13.9	57.1	8.4	67.7	62.4	10.1	7.4	0	4.6	29.5	51	26.3	96.4
250	13.7	12.6	14	18.1	24.4	25.1	29.4	30	27.9	22.4	19.2	13.1	40.1	54.1	36.6	34.7	4.1	32.7	3.5	21.8	37.3	366.6	52.5	112.3
251	13	13.9	13.2	16.4	20.8	26.7	28.1	29.7	27.7	21.7	17.6	13.6	82	23.8	32.6	16.1	66.8	0	6.8	1.5	4.2	73	24.2	34.5
252	13.8	14	14.7	18.3	20.8	26.7	28.4	31	28	22.8	19.1	15.2	20.4	32	63.2	25.7	1.4	4	11.9	0	11.1	25.7	26.8	58.1
253	12.3	10.3	14.3	18	21	26.3	28	29.8	27.1	23.2	18.8	14.6	18	103	156	15.9	34.6	0.1	11.2	0.4	176.1	68	149.9	132.7
254	15.4	13.3	13.7	18	22.1	24.2	31	32.8	27.7	22.8	17.4	16.2	27.2	29.3	105.9	17	164.9	72.6	0	5.1	2.7	46.8	87.1	87
255	12.3	14.6	14.7	16.9	20.9	23.3	29.4	31.3	26.6	22.9	17.6	13.6	43.4	5	6.5	13.6	19.1	1.8	14.3	8.5	134.5	147.8	20.7	394.8
256	13.4	11.9	14.1	18.6	20.9	26.5	28.8	30.7	25.3	22.2	19.3	16.1	70.4	81.5	174.5	59.9	35.4	27.5	4.6	0	38.9	43.5	219.2	81.8
257	14.1	11.1	14.8	19.5	21.8	24.8	30.6	30.2	27.8	20.7	15.4	14.7	72	377.7	45	52.9	168.1	13.2	4.2	0	35	99	120.8	103.4
258	13.4	15.3	15.7	16	20.5	25.2	29.9	32.4	27.4	23	16.4	14.6	51.7	35.6	77.9	9.1	11.1	1	58.1	1	14	127.4	221.4	69.8
259	12.4	12.2	15.7	17.1	21.6	26.8	29.9	30.8	27.5	21.3	19.1	14.2	6.6	5.3	6	102.5	2.8	30.6	2	1	9	46.2	8.5	30.9
260	12.9	15.8	14.1	16	20.5	27.6	26.6	29.5	27.3	23	17.4	13.1	19	15.3	38.9	28	32.6	34.4	1.1	0.4	4.7	40.9	101	368.1
261	13.9	15.4	16.7	17.1	20.4	27.4	30.9	29.8	26.4	22.6	17.5	16.5	19.6	32.4	6.9	3.9	54.4	0	0	142.8	159.3	170.1	21.1	11.9
262	16.1	12	17.8	17.3	21.6	26	30.4	28.9	27.5	24.1	20.4	13.8	30.4	126.9	12.7	92.5	43.2	0.1	7.9	29.1	36.9	96.5	15	181.5
263	12.7	14.5	14.8	16.1	19.8	23.9	29.4	30.2	26.9	24.1	17	15.4	8.4	9.1	1.1	43.4	45.2	22.4	7.3	0	103.2	7.2	7.3	99.3
264	14.7	17.7	17.3	19.6	22	28.3	28.2	29.9	26.2	24.1	19.5	14.1	66.4	1.2	19.5	23.8	24.4	0	0	10.6	57.5	5.5	68.2	31.1
265	15.2	13.3	14.1	16.9	20.6	27.9	30.8	32.3	27.9	22.9	18.2	15.7	23.9	44.4	91	40	63.2	4.8	0.1	82.7	58.5	35.6	3.1	60.3
266	13.5	11.7	14.1	16.5	20.1	25.7	31.2	31.2	25.7	24.2	19.2	16.1	40.8	73	119	156.9	12.5	6.5	2.5	2.4	61.7	49.9	30.1	96.4
267	14.5	13	15	16.9	19.4	24.9	28.9	30.2	26.5	22.6	18.8	12.6	73.1	21.3	90.6	53.5	37.9	11	2.3	47.7	5.5	19.3	160.1	241.7
268	15.4	13.7	16.7	18.4	21.2	24.3	27.6	27.7	27.1	24.1	19.9	15	11.7	132.4	5.5	27.2	63.5	34.9	10.4	38.6	62.3	45.2	79.5	115.1
269	14.2	11.8	16.5	16.8	20.6	25.5	29.5	30.9	26.6	23.9	17.4	14.7	24.1	9.9	30.7	50.9	4.9	90.7	0.5	2.1	188.7	29.9	4.7	40.4
270	14	13.1	12.1	17.4	20.1	23.3	30.8	30.8	28.3	22.2	18.1	15.4	6.9	97.3	99.1	5.9	19.1	18.6	3.1	0	25.8	85.5	205.8	72.5
271	15.3	13.6	14.9	16.9	21.7	25.1	28.1	31.1	27.4	24.4	18.1	14.2	1.3	36.8	21.1	8.1	14.4	2.1	0	10	18.5	51.4	39.8	54.7
272	11.1	15.6	16.2	19.6	19.8	26.3	31.1	28.4	25.9	21.5	18.2	14.4	60.3	73.4	26.4	5.2	10.7	18.8	0	43.3	63	10.2	37.5	1.7
273	14.1	12	18.4	17.4	20.1	27.4	33.2	31.6	27.6	20.5	17.9	15.3	27.5	78.1	15	49.8	71.8	0.3	0	0.5	55	164.1	50.3	121.9
274	15.5	17.4	13.2	17.8	21.3	27	29.7	32.1	27.6	20.9	18.9	14.7	58	0.1	4.7	3.9	52.9	3.2	0	3.3	110.1	63.7	60.5	19
275	14	13	17.5	18.8	23.1	26.2	29.7	30.5	26.3	23.9	15.9	14.4	17.2	93.8	0.2	33.8	6.9	16.7	5.4	6.3	115.2	73.5	142.1	402.3
276	13.7	12.5	15.3	17.7	24.3	27.3	30.9	31.1	27.5	23	16.8	15.9	29.1	87	130.9	17.2	0.4	28.7	0.4	4.1	14.8	15.9	55.3	98
277	12.2	13.3	11.7	16.7	22.1	23.9	28.4	28.5	28.4	21.3	17.7	14.9	13.6	59.7	199.9	22.8	84.6	66.4	0	11.3	0.3	70.4	146.2	195.5
278	12.5	15.6	14.9	18.1	20.1	26.2	31	31.3	27	22.7	19.4	15	10.7	3.2	21	38.4	50.2	5.4	3.1	6	50.6	248.5	57.8	109.4
279	15.2	13.5	14.8	17.4	21.4	26	29	30.4	28.7	24.4	18.3	16.2	14.2	124.2	13.1	52.5	22.6	11.1	3	82.8	12.3	87.3	20.9	199.5
280	12.7	13.5	15.4	18	22.9	25.1	30.3	30.9	27.1	22	18.6	13.9	112.4	6.8	70.7	35.9	20.2	79.5	4.2	0.9	2.2	103.3	149.9	34.1
281	14.6	12.8	14.8	16.9	23.2	26.9	31.4	31.4	28.2	21.3	17.3	15.4	50	135.6	23.2	5.4	30.5	23.6	10.2	0	0.6	41.5	15.9	3.1
282	14	15.9	16.2	18.3	23	26.8	31.4	31.3	26	22.5	19	15.8	52.6	32.4	42.5	39	25	13.5	0.4	18.1	111.3	94	121.4	55.2
283	13	16.1	15.9	17.2	21.3	27	29.2	30.2	26.5	25.2	18.6	13.3	84.8	54.3	183.3	156.5	12.3	18.4	0.1	26.4	9.1	33.8	46	201.6
284	13.4	16.3	15.8	17.7	22.5	26.8	30.9	30.3	26.5	24.8	15.8	14.8	42.4	7.2	107.2	19	36	0.2	0	0	71.4	86.8	86.3	78.4
285	14.1	8.5	15.1	17.9	18.8	25.7	28.4	29.7	26.8	20.6	16.7	15	24.3	108.9	69.1	133.4	43.6	9.2	0.1	0	69.9	67.2	20.9	46
286	12.7	11.3	15	15.7	23.2	27.6	28.9	30.6	26.2	20.6	18.1	17	31	101.8	47.5	159	25.1	3.1	0.1	10.5	42.9	398.3	117.6	39.1
287	13.6	14.6	14	18.4	20.8	25.8	27.8	31.5	27.4	22.2	19.7	14.5	24.2	8.7	207.4	37.8	97.6	0.1	13	0.2	2.5	234.8	27.6	151.6
288	14	12.6	14.4	17.3	22.8	25.9	30	30.4	25.5	21.5	21.1	14.5	28.4	113.3	14.1	16.7	18.1	7.1	1.9	1.3	97.9	39.4	3.1	19.7
289	12.4	14.7	17	17.2	19.9	26.8	31.8	28.3	26.5	22.7	17.7	14.5	34.7	43.2	99.8	41.8	1.2	3.3	0	81	4.6	4.3	130.7	92.1
290	13.1	15.3	15.7	16.6	20.4	27.8	30	28.5	27.6	24.3	19	16.8	35.9	9.5	5.3	17.2	48.8	64.6	3.4	38.6	13.2	65.9	11.4	48.6
291	13.9	12.6	15	16.6	21	25.5	28.7	30.5	26.2	22.8	18.7	14.7	27	38.8	109.8	12.3	8.6	2.2	3.9	15.7	79.9	24.8	42.5	4.1
292	15.4	16.4	16.2	18.9	20.8	25.8	29.2	33	28.1	22.1	18.8	15	73.4	25.7	46.3	40.5	18.1	0.5	0.1	0	6.7	220.6	40.7	56.4
293	13.6	15.1	16.8	16.7	21.6	25.9	32.5	32	28.2	23.1	19.8	14	28.5	57	100.2	39.5	46.5	67	0.1	0	45.9	44.5	17.4	164
294	15.4	14.2	14.8	18.3	22.2	26.4	29.6	29.5	27.6	21.5	19.6	16.5	45	57.1	40.4	6.8	2.5	7.3	0	1.4	0.7	46.8	53.1	92.1
295	15.9	13.1	16.5	19	18.7	26.6	25.1	31.4	26.9	23.1	18	15.3	224.7	41.4	37.3	21.4	61.7	0.7	18.2	2.1	27.4	58.3	410.8	117.6
296	13.7	15.1	16.2	18.1	22.5	25.5	31	31.4	26.1	22.2	18.2	13.8	73.9	39.5	70.7	31.5	25.9	0.6	11.9	0	58.5	83.4	25.7	8.8
297	14.7	16	15	16.8	24.7	25.8	29.7	32.7	26.8	23.1	16.6	16	23.6	24.3	72.8	26.2	0.3	0.5	10.6	0	20	120.9	12.8	90.6
298	13.1	14.9	15.6	17.7	20.6	25.9	27.2	30.4	27.7	23.7	19.3	14.3	21.2	120.6	4.4	40.3	3	18.5	0.1	9.5	26.3	4.1	94.2	28.3
299	13.4	13.2	13.8	16.9	22.8	25.7	30.5	30.2	28.7	23.3	16.7	15	13.2	124.8	32.1	63.3	20.8	9.4	0.1	8.6	8.4	54.7	159.2	124.9
300	13.8	13.2	13.6	17.4	21.5	26.2	29.9	30.1	28.7	24.4	16.6	15.8	113.5	31.4	169.7	13.1	2.7	0.3	0	17.9	37.9	64.4	56	198.3
301	13.9	11	15.8	17.5	21.4	27.9	31.4	31.5	26.2	23.7	17.5	14	48.8	167.7	24.5	33.9	5	69.2	4.1	1.8	108.6	100	66.8	140.1
302	13.5	14.9	16	17.7	22.6	26.5	30.8	31.5	28.1	23.6	19.7	16.2	11.2	23.8	1.2	36.3	25.6	43.1	5.5	9.1	11.1	97.5	70.7	36.6
303	12.6	16.5	16.1	19.4	21.7	23.9	29.2	30.4	27.7	24.6	17.8	16	20.8	36.1	38.2	0.3	4.4	4.3	2.6	0.7	21.5	73.8	83.7	19.3
304	15.5	14.7	14.5	17.6	22.3	26.9	28.3	30.6	27.2	23	18.7	15.6	4.2	46.7	114.5	43.6	4.3	5	38.2	1.7	129	127.2	80.6	41.5
305	13.1	13.9	13.9	17.3	21.7	27.6	28.7	28.2	27.3	21.7	18	14.3	8.3	23.5	35.3	75.6	75.8	55.9	0	10.6	34.3	9.4	155.2	3.7
306	14.4	15.9	15.4	19.5	22.6	25.2	30.1	30.5	27.2	23.2	16.8	15.7	56.4	18	6.1	8.7	49.1	27.2	2.4	15.8	2.9	108.2	124.2	54.1
307	12.6	14.1	15.6	18.7	21.3	28.3	28.9	29.4	26.4	21.7	20.7	14.5	16.5	124.7	6.9	59.9	63.5	16.1	1.2	1.5	2.2	10.4	167.8	282.9
308	14.2	13.3	14.8	17	22.6	27.3	30.8	31	28.1	22.9	18.2	14.8	151.5	21.4	8.5	63.8	28.7	5.1	17.1	19.8	41.6	37.5	47.9	182.7
309	13.1	13.2	15.4	17.1	21.8	25.4	31.3	30.7	27.9	23.6	16.7	15.9	15.7	12.1	22.8	39.8	13.8	7.9	0.2	1.3	108.8	88	24	237.2
310	13.6	13.8	16.1	16	22.4	27.2	31.6	31.3	25.9	23	19.1	14.3	47.5	35.2	70.7	213.1	21.7	0.1	0.1	0.1	34.9	21.7	17.7	119.7
311	12.9	14.1	14.1	16.4	22.3	24.9	28.6	29.9	26	22.9	20	13.8	40.1	72.6	27.2	122.9	40.6	25.1	8	3.8	119.7	114.6	126.5	36.7
312	13.6	14.1	14	17.7	20.4	26.2	29	31.3	26.3	24.6	19.3	15.2	58.3	190.8	33.6	52.9	4	1.3	9.5	1.9	9.6	25.2	52.8	89.9
313	11.6	11.6	13.7	17.2	20.7	27.8	29.7	31.1	25.3	24.6	19.6	14.7	6.3	60.2	12.7	132.5	105	9.3	0	1.8	34.2	11.6	49.7	31.6
314	15.1	16.9	14.5	18.3	21.9	24.8	29.5	30.2	27.2	21.5	17.2	14	70.6	0.3	58.6	3.7	17.4	4.4	4.9	38.4	45	36	60.5	103.2
315	12.4	14.4	15.6	18.2	20.2	25.9	32.1	30.9	28.4	22.7	18.4	14.3	8.7	127	1.1	4.6	43.8	0.1	0	0.3	42.6	22.2	25.6	272.3
316	13.4	14.4	16.2	16.7	22.5	25.8	30.5	32.7	29.9	23	18.1	14.1	46.5	18.7	7.6	18.6	81.2	0.7	13.9	0	3.5	213.4	19.6	204.2
317	14.5	11	16.3	17.5	21.3	27	28.3	30.8	25.9	22.9	16.2	16.8	125	86.3	44.3	19.7	1.1	0.4	17.2	2	16.1	15.7	171.7	59
318	12.8	13.4	13.4	17.8	21.6	25.6	30.5	31.8	25.7	21.5	17	15.9	23	83.7	117.5	10.2	20	1.1	0	1	7.3	16.9	122	67
319	12.8	14.2	14.7	19.1	22.1	24.4	28	30	28.7	21.3	19.4	14.2	40.7	57.1	79.7	15.8	35.3	22.5	19.8	11.7	43	194.6	30.1	43.3
320	15.2	16.7	16	17.1	23.3	25.4	30.7	31.9	27.5	24.2	17.4	14.8	9.6	171.2	46.9	6.5	8.9	0	0.1	2	3.6	5.5	20.7	17.5
321	15.8	13.5	15.4	17.1	23.3	25.9	28.6	29.1	25.7	23.9	16.6	16.6	51.5	21.7	42	25.2	0.2	9.5	1.7	0.1	16.3	80.9	49	99.9
322	15	15.2	14.2	18.3	20.7	26	32.3	29.8	27.9	24.2	19.8	14.7	32.9	42.6	42.8	8.7	108.6	9.5	0.1	23.5	11.8	96	19.6	46
323	13.5	14	13.9	17.5	21.5	27	30.3	32	28.3	22.7	18.4	16.2	30.2	19	56.1	15.9	44.6	0.8	0.2	1.5	21.5	15.1	106.7	52
324	14.4	14.6	15.8	17.6	20.4	26.6	30.2	29.6	26.9	20.9	16.6	13.5	44.9	74.5	4.6	81.5	50.9	6.2	0.4	13.3	7.8	68.1	86.3	110.8
325	14.6	13.9	16.2	17.5	19.3	26.2	31.3	33.8	27.6	24.1	18.7	17	46.1	68.5	73.5	9.6	33.1	167.7	0	0.7	0.1	27.8	54.8	123.9
326	14.5	17	16.1	16	19.5	26.6	30.3	30.4	27.4	22.5	18.4	12.8	52	22.6	11.4	13.6	91.4	40.2	0	0.2	23.8	104.1	28.7	193.3
327	14	13.9	15.4	17	22.1	26.3	30.6	29.7	26.1	24.1	19.4	15.7	74.2	72.2	5.8	56.8	0.3	42.5	24.3	25.1	17.9	91.2	111.6	5.2
328	12.6	15.7	16.2	16.1	23.3	27	29.7	32.6	27.2	23.2	17.5	14	78.7	24.7	26.3	28.5	2.3	5.8	0	0	78.1	71.1	111.5	206.3
329	13.6	13.1	14.7	19	22.9	24.4	30.2	30.7	27.4	22.1	17.7	15.2	19.5	55.5	118.2	12.7	21.5	46.7	0	1.8	5.6	106.2	260	39.9
330	14.4	12.2	15.8	19.9	21.9	24.7	30.4	32	26.2	22.8	19.5	17	8.9	151.4	25.6	33.7	126.3	38.1	1.4	1.9	7.6	50.9	6.7	56.7
331	13.8	14.3	13.1	17.6	22.2	24.3	29.1	30.2	28.1	20.1	17.9	15.9	4	27.2	155.3	23.3	7.9	12.3	7.7	8.5	115.4	18.7	60.4	249.8
332	13.5	14.2	16.4	18.5	20.3	27.1	29.9	32.1	27.5	22.7	18.7	14.1	3.5	43.5	46.5	29.6	30.8	0.4	17.7	0.1	57.6	252.2	20.7	161.3
333	14.2	15.6	15.5	17.1	21.5	25.2	31.4	30.6	26	22.9	19.2	15.3	9.9	35.4	50.6	8.2	16.5	13.9	1.9	0.1	43.6	20.7	61.3	148.2
334	13.2	14	14	16.2	21.8	25.2	29.1	29.7	28.6	22.1	19.1	15.8	12.3	33.5	8.1	37.3	47.9	7.6	2.4	0.4	13.9	17	11	49.4
335	12.6	13.7	11.6	16.1	21.6	25.3	28	30.9	26.7	22.7	18.2	16	64.6	85.3	99.5	50.2	2	10	3.6	0.3	17.9	62	40.1	66.1
336	12.7	12.5	16.2	17.7	21	23.5	31.1	30.2	26.8	21.7	17.8	14.2	43	35.7	0.2	28.2	79.4	112.7	11.5	5	8.5	202.9	124.3	142.3
337	13	16.2	13.9	16.3	19.1	25.4	29.6	32.2	27.8	23.4	19.7	16.6	12.3	0.9	73.6	11.5	45	1.4	0.1	2.5	13.6	162.8	76.3	54.4
338	13	15.6	13.9	16.4	19.8	25.9	28.1	28.7	25.5	22.4	19.8	14.5	75.6	10	74	12.7	2	58.7	0.6	0	15.3	122.9	59.5	56
339	15	14.1	16.2	19	21.6	26.9	29.3	31.9	26.8	21.8	16.2	16.4	1.5	31.7	53.9	46.7	71.8	0	17.6	1	33.7	0.5	350	15.6
340	14.1	13.9	14.8	17.1	20.4	25.9	29.8	30.5	27	22.8	17.9	13.4	4.4	33.2	0.5	7.8	11.9	38.9	0.2	19.2	9.6	115.3	110.2	226.5
341	13.9	12.1	16.7	17.3	21.3	27.8	29.5	31.2	28.9	20.5	17.1	14.8	48.3	35.4	4.7	19.8	33.5	0.4	33.1	4.1	0.3	59.6	7.1	20.8
342	11.9	14.6	15.9	19.6	21.5	25.2	29.8	31.1	29.7	23.2	18.1	16.1	25.5	105.8	46.7	20.7	28.1	9.3	5.3	38.1	32.8	112.6	90.2	45.5
343	14.3	11.8	13.1	16.3	21.3	25.6	28.6	31.7	30	23	17.6	12.5	10.2	56.9	26.2	54.2	4.8	1.1	1.4	13	0.9	26.3	102.6	78.3
344	13.5	15.8	15.1	17.8	19.3	26.7	27	31.2	25.7	23.1	19.9	15.6	34.9	0.5	10.5	3.6	4.8	18.8	35.7	3	175.6	157.1	19	58.2
345	13.2	12.8	14.6	18.4	20.8	26	29.3	31	27.4	22.5	18.7	14	3.2	17.3	28.5	43.2	0	7.4	2	49.9	25.9	29.4	206.2	44
346	14.8	14.3	14.3	17.7	21.3	26.8	28.6	31.8	27.6	20.3	18.6	11.9	115.7	28.1	151.7	21.7	5	251.4	12.5	0	6.2	91.6	1	124
347	14.1	14.7	15.4	16.4	20.8	25	30.6	31.4	26.9	22.8	17.3	15.5	27.3	118.3	56.9	31.8	57	20.1	0	0.3	56	34.8	22	5.7
348	15.5	12.7	14.9	18.4	22.3	28.3	31.3	29.9	27	23.5	17.9	15.6	10.3	69.3	48.2	20.7	6.9	19	0	1	15.1	10.4	7.5	1.2
349	13.4	10.8	14.3	17.8	22.7	27.1	31.1	32	27.5	20.9	18.6	15.1	28.4	325	56.8	19.7	25.9	0.2	13.1	0	48.7	88.6	24.7	23.6
350	14.2	13.8	14.6	17.4	23.3	27.2	30.2	31	27.8	22.3	17.2	16.1	54.4	2.3	39.6	82.8	36.2	0.8	0.3	0	38.6	65.8	93.3	60.6
351	15.5	15.4	16.7	17.7	20.5	25.1	30.3	30.3	26.9	24.9	16.9	17.1	1.2	8.6	58.8	49.4	22.7	1.6	0.4	0.2	16.9	125.1	3.2	36.4
352	13.2	14.6	15.5	17.2	20.6	24.7	29.6	30.5	27.7	20.8	18.9	16.4	54.9	41.7	38.4	4.4	8	0	8.7	2.9	12.5	99.8	15.4	67
353	13.7	12.1	13.8	17.7	20.9	25.3	28.3	31.1	25.9	24.6	19.4	16.8	23	25.2	33.9	41.2	18	1.8	2.4	6.1	85.3	14.7	28.5	22.6
354	14.1	14.5	17.3	16	22.6	25.9	31.4	29.8	27	21.1	17.4	17.4	5.8	24	14.9	35.5	3.6	4.6	0.2	1.5	45.4	150.6	60.4	80.8
355	14.4	15.8	16.2	16.1	21.7	26.3	29.7	31.6	26.5	22.7	16.9	12.8	56.9	21.5	2.6	71.8	52.6	48.5	1.1	96.7	10.9	15.1	86.6	412.5
356	15	14.5	16.2	17.1	22.3	27.7	30.5	31	25.1	21.8	19.6	16.2	44.8	3	20	6.1	8.4	1.8	0.4	0	50.9	50.8	45.8	121.5
357	14.8	15.7	15.6	17.7	24.1	29.7	30.6	29.6	26.2	24.9	17.4	12.4	35.5	3.5	71.9	11.9	5.8	0	4.8	63.4	50	19.1	51.3	69.1
358	16.3	11.5	15	16.4	22.2	27.5	29	29.5	27.3	25.8	18.3	16.3	46	34.2	62.7	22.5	21.9	0.1	2.9	8.9	18.6	8	101.3	19.1
359	13.9	12.9	13.5	17.8	21	24.7	30.3	30	26.8	21.7	18.5	14.2	53.2	92.8	38.4	15	12.4	0	0.1	1.9	3	45.5	26.4	24.8
360	13.9	15	16.3	16.7	20.5	23.3	31.6	29.7	26.7	21.7	18.2	17.3	110.4	41.7	16.2	16.9	6.6	2.2	0.8	21.1	36.8	114.4	10.3	22.4
361	13.4	12.3	14.5	16.3	20.9	23.9	27.8	30.6	27.1	21.8	18	17.6	23.1	55.1	149.9	2.9	0.9	4.7	27.3	0.9	54.8	25.1	30.2	13.4
362	12.9	14.7	16.8	16.5	21	25.8	31.6	30.5	29.7	24.3	17.8	15.2	24.3	3.7	89.9	56.5	11.4	44.7	1.9	20.1	6.8	12	66.6	27.2
363	11.7	14.2	16.8	16.3	20.7	23.3	28.2	31.4	27.6	22.5	16.7	14.1	19.7	81.5	38.9	35.5	2.7	106.7	0.6	0	63.2	84.9	74.4	56.5
364	15.8	13.1	16.2	17.2	20.8	25.4	29.8	30.2	26.6	24.8	17.2	16.1	16.4	10.6	40.5	23.4	2.1	28.5	22.1	65.7	13	14.5	160.8	0.6
365	14.5	15.3	17.1	17.3	23.6	27.5	29.8	32.9	26.3	21.5	17.2	13.9	40.1	10.5	35.8	103.4	69.7	6.2	0	1.3	2.3	146	50.4	122
366	12	13.9	16.2	18.3	22.8	23	30.9	32.4	27.1	21.9	19.3	14.1	13.6	6.6	1.4	40	16	39.4	0.6	24.5	1.1	8.2	277	22.4
367	14.5	11.9	15.3	16.4	19.4	27.2	31.2	30.8	28.1	22.2	16.5	14.7	3.7	117.8	60.5	42.3	21.2	8	0.2	9	8	84.6	86.9	121.5
368	12.1	15	15	18.6	21.4	27	29.4	33	27.5	23.3	17.1	15.1	5.5	0.7	100.3	3.1	16	0.1	26.8	1	98.6	28.8	121.8	89.8
369	12.3	12.7	14.6	16.9	19.4	24	29.4	30.4	26.7	22.9	18.1	15.7	42.9	53.4	29.2	63.9	27.4	29.9	4.8	1.8	2.9	85.3	199.8	180.8
370	14.6	12.8	14.4	18.7	19.3	27.2	27.4	33.5	27	24.2	19.7	16	8.8	47.1	3.7	12.6	17.4	58.5	0.4	0	58.8	26.4	15.7	210.3
371	13.9	10.6	13	16.7	24.8	26.9	29	31.5	28.2	23.7	18	14.6	157.4	70.2	91.8	66.5	1.4	0.8	29.5	25.7	6.6	9.6	56.2	87.4
372	13.5	16.1	15.2	17.4	21.6	26.5	31.5	29.8	27.8	23.1	18.1	14.5	83.7	30	95.4	64.2	36.1	18.9	0.9	1.5	36.6	106.7	45.8	19.1
373	12.8	11.6	15.8	18.8	21.2	26	30.3	31.3	27.2	23.5	18.4	15.1	73.1	137.1	32.7	8	14.7	16.6	0.5	0	22.2	246.5	20.5	33.7
374	13.4	15	13.6	19.5	21.1	25.6	29.9	28.7	28.9	22.5	16.1	14.9	69.8	16.1	42.8	2.4	6.9	0	0	43.2	10	52.6	166.4	30.4
375	14.7	11.7	15.6	18	23	26.4	30.7	30.5	27.5	21.4	18.6	16.1	4.1	72.8	52.2	44	0	0.1	1.3	4.2	23.5	26.6	79.7	12.5
376	14.4	11.9	16.4	17.8	22.9	27.4	29.7	31.6	27.4	24.2	19.2	15.9	13.6	75.5	66.4	18.5	36.9	12.4	0	18.7	11.8	5.7	37.3	5.5
377	12.8	18.3	14.2	17.2	23.3	25.5	31.1	31.7	28.7	23.3	16.9	16.2	4.8	9.7	98.3	19.2	20.9	51.5	0	5.2	5.9	38.2	37.2	17.1
378	14.7	15	13.5	19.5	20.3	26.6	28	31.3	29.1	24.3	20	14.6	5.3	45.1	50.2	58.3	14.8	0.8	1.3	4.6	9.9	56.3	59.6	25.3
379	14.1	14	15.7	17.9	23.8	25	28.2	31.3	25.7	21	18.3	13.6	88	39.5	71.4	3.2	32.9	9.5	0.2	1.7	46.2	7.8	45.4	53.5
380	13.7	12.8	15.1	16	20.9	27.7	26.9	29.8	27	19.9	18.5	14.8	19.8	59.8	19.1	49.3	44.1	0	1.5	5.3	38.3	240.9	59.5	27
381	15.3	12.5	15	17.4	21.1	25.8	31.8	32.6	28.2	22.6	18.4	15.4	177.4	16.7	230.4	104.8	0.4	0	0	0	3.3	50.9	33.2	113.7
382	14.3	11.8	13.7	18.2	23.5	25.1	30.3	31.2	26.6	21.6	17.6	15.6	29.8	61.7	35.5	8.5	42.8	1.9	0.8	2.1	0.9	47.3	129.1	105.2
383	14	13.1	13.6	17.7	20.6	26.6	30.1	30.2	28.5	21.8	20.1	17.2	62.4	277.9	83.7	53.3	1	0.9	0.3	47.6	26.5	2.2	9.8	8
384	14.3	16.2	15.7	18.6	21	26	30.6	31.1	27.9	23.9	14.6	14.7	38.8	20.5	61.3	3.9	28.9	27.1	0.2	3	47.1	83.6	182.8	105.6
385	12.4	14.3	16.2	17.1	19.8	25.4	30.5	32.1	25.9	21	19	16.6	151.9	60	1.3	6.4	50.1	20.1	5.7	1.6	40.7	5.2	18.8	16
386	12.8	13.2	14.9	17.4	20.9	26	29.9	30.5	26.9	20.2	18.2	15.1	12.4	173.9	11.1	65	9.7	0.4	2.6	0	202.4	41.6	34.8	61.8
387	12.1	16.4	15.3	17.6	22	26.8	28	30.4	27.3	23.6	17.7	15.7	29.9	8.3	12.6	73.6	12	0	1.3	0.2	31.8	42.9	86.1	0.6
388	13.3	12.7	14.2	16	21.1	25.5	29.9	30.3	28.8	24.2	19.9	14.4	28.1	22.7	48.6	14.4	21.7	3	4.1	0	29.4	41	48.4	18.6
389	14.9	11.2	15.1	17.9	20.3	28.4	29.1	29.4	26.7	23	18.7	14.3	65.2	287.7	195.1	4.2	32.1	0.2	1.1	0.5	2.8	129.9	10.2	143.5
390	14.7	13.6	14.7	17.5	19.9	27.2	27.2	31.4	27.3	21.8	19	17.9	30.8	17.3	19.8	4.6	20.2	0.1	10.4	25.7	45.9	51.1	60.1	4.3
391	14	13.7	17.3	18.1	20.5	26.7	28	32.3	27.5	23.2	17.6	13.9	63	44.4	77.6	39.2	48.7	34.5	0.3	5	124.2	66.1	251.1	147.8
392	13.4	13.9	13.9	16.6	20.7	25.4	31.4	31.6	26.8	22	18.8	15.3	176.5	54.1	43.6	59.7	14.1	232.8	18.1	0	37.6	133.8	26.1	14.1
393	14.9	13.8	15	17.1	22.9	27.8	30.7	31.5	28	22.6	17.5	13.9	61.2	51.2	16.3	5.3	0.8	22.9	2.5	0.4	40.7	43.5	32.3	210.3
394	14.2	14.1	15.6	18.8	20.2	25.7	28.5	31.2	28.3	23.6	18.5	13.8	61.7	32.4	32.2	6.1	15.3	1.3	1	0.1	15.6	14.8	96.2	80.8
395	14.6	16.1	15.2	17.2	19.7	25.4	31.5	31	27.5	21.3	18.2	15.1	95.1	0.1	6.7	5.1	4.7	7.2	2.3	36.3	13	152.4	85.7	99.6
396	14.4	15.2	14.5	17.9	21.8	26.6	30.4	29.2	28.6	22.8	19	16.4	84.6	84.6	38.5	50.5	0.7	0.7	0	0.1	38.2	48	212.9	25.1
397	13.8	11.8	15.8	16.6	18.6	25.1	29.9	29.5	26.9	21.4	19.5	15.2	59.2	77.3	43.1	29.1	39.9	4.8	5.7	1.8	9	126.5	49.6	36.8
398	12.4	13.8	15.7	16	22.3	25.8	30.4	30.7	27.1	23.3	17.8	16.4	128.4	81.9	46.5	37.2	3.3	10.4	0	0.1	55.2	13.9	68	101.7
399	14	11.9	15.4	16.2	21	26.5	31.1	31.3	27.8	23.1	18.5	16.6	2.9	217.7	8.3	151.4	101.6	3.4	4.5	2.8	1.2	6	10.7	133.6
400	12	15.9	14	18.8	22.4	26.8	31.7	27.9	27.5	23.3	19.3	16.5	21.3	8.5	32.2	12.1	0	2.9	0.3	17.7	17.2	97.2	18.7	10.8
401	13.6	15.3	17	16.2	22.2	27.8	29.4	32	27.5	20.6	18.1	15.8	33.2	23.4	71.3	111.3	18.2	18.8	0	31.5	1.2	7.8	4.3	7
402	14.7	14.9	15	18.1	19.6	26	30	30.3	28.2	24.6	18.7	15.2	46.4	51	0.5	55.8	9.4	42.1	28.9	4	127.8	130.3	80.8	55.1
403	14.3	13.9	14.7	18.2	20.5	27	32.4	30.2	28	25.3	18.7	14.8	8.1	31	24.4	29.9	42.1	0.1	0.2	0	13.6	29.4	38.5	42
404	14.4	14.2	16.1	17.7	21.7	24.6	31.5	30.8	28.6	24.1	17.6	15.7	33	71.4	74.2	41.3	5.7	14.7	18.6	16.3	52.6	2.4	184.8	10.7
405	14.6	13	15.3	17.8	22.2	27.2	30.9	32.5	27	22.7	20.6	15.5	26.2	19.4	7.6	26.1	23.2	26.7	8.6	5.2	103.2	105	10.6	8.8
406	16.3	15.8	14.5	18.3	22.9	24.9	29.1	30.8	28.7	23.5	17.8	14.4	23.4	50.3	10.3	1.9	16.6	2.6	35.8	3.8	6.1	18.8	232.5	224.5
407	15.3	14.8	15	15.9	21.7	27.9	30.1	30.7	26.8	23.2	17.4	17.2	26.9	17.5	41.8	51.2	68.7	2.3	0.2	0.1	128.3	59.3	83.3	4
408	14.3	12.8	13.7	17.5	21.8	27.1	31.5	30.7	28.4	22.9	19.6	14.1	28	251.2	216.5	109.5	29	2.4	0	6.2	13.1	35.3	56.1	40.2
409	13.5	12.9	15.6	17	23.7	25.7	31.4	31.7	27.5	24.7	18.1	15.7	73.8	21.2	64	31	1.1	4.6	0.8	0.1	20.8	10.9	105	59.2
410	11.4	12.6	16.4	18.2	20.7	26.3	29.9	29.1	27.4	23	17.7	14.1	100.6	63.6	4.6	32.3	125.2	0.1	0.6	4.9	15.3	72.9	14.1	94
411	14.6	12.1	14.7	17.3	20.9	28	29	30.4	28.1	24.1	19.7	13.9	27.2	167.7	0.3	44.2	27.8	0.3	0.3	1.4	5.3	57.4	126.5	108.3
412	13.6	12.4	14.9	18.3	21.8	26.7	30.7	31.2	27.4	21.8	17.9	15.4	44	76.3	24.7	24.1	27.2	27.6	8	46.5	30.3	70.8	73.6	101.7
413	13.2	15.4	15.3	18.9	21.8	25.6	30.4	32.4	27.6	21.2	18.2	15.7	43.1	47.8	17.5	74.7	67.2	25.8	10.1	0	8.1	12.8	87.5	3.8
414	12.8	12.1	15	16.9	22.3	25.8	29.3	33.6	28.3	21.8	19.4	16	35	88.2	25.5	38.2	4.3	0.3	0.5	4.7	24	37.3	12.4	48.8
415	12.7	13.8	15.3	16.7	21.8	27.5	28.6	31.9	27.6	24.2	16.3	16.1	28.4	118.3	11.4	85.6	27.9	0.2	4.5	0	55.7	56.5	187.7	18.6
416	13.9	14	12.6	18	20.4	24.6	29.2	31.1	27.6	22.9	18.3	15.7	21.6	29.8	50.4	21.5	102.3	1.5	2.7	0.3	21.7	132.6	115.7	93.6
417	13.5	12.9	15.7	18.1	21.7	25.1	30	30.7	27.6	23.9	18.9	13.9	52.8	130.1	69.2	8.6	10	21.6	0	0.9	1.1	1.8	17.1	37.5
418	14.4	16.5	16	17.7	21.5	27.1	29.6	33	26	23.6	15.6	14.8	16.7	1.2	13.8	91.1	2.4	0.5	0.1	0	118.4	8.3	212.7	75.5
419	13.8	13.2	14.7	17.9	18.9	27.9	32.3	31.2	26.9	22.2	19.2	16.4	18.2	81.7	63.9	7.6	42.6	1.5	0	25.4	37.6	101.3	12.3	5.3
420	14.5	13.1	12.6	17.8	21.5	25.2	30.2	32.7	28.2	24.5	18.2	14	19.2	72.5	130.4	6.9	14	2.7	1.4	0.4	128.5	61.7	86.3	43.1
421	15.1	14.7	15	20.1	21.1	26.5	30.6	33.5	27.6	23	19.4	13.4	84.9	22	44.9	24.3	54.7	0.5	2.1	0.4	22.5	9.1	35.1	56.4
422	13.8	17.3	15.9	19.1	22.2	24.6	31.2	32.2	26.6	23.1	20.1	16.4	90.3	36.7	58.6	57.6	24	16.1	0	7	13.6	14.7	85	181.9
423	14.6	15.1	15	18.4	23.3	27.2	28.1	29.8	26.6	22.5	21.3	15.7	39	24.6	14.1	50.9	17.3	5.9	19	0	5.5	44.3	2.9	0.5
424	14.8	14.4	13.2	16.9	17	25.9	30.1	30.4	27.7	24.7	18	17	19.1	44.9	190.7	10.3	94.9	10.2	0	8.1	36.3	48.8	11.2	23.1
425	13.8	13	13.1	18.2	22.3	24.8	29.3	30.4	28	22.8	17.8	15	149.3	39.2	10.4	71.7	14.5	12.7	0.3	1.9	21.1	18.5	155.6	42.1
426	15.1	14.6	15.9	17.3	19.8	24.2	28.2	30.5	26.7	23.2	16.3	15.6	38.2	214.6	11.9	50.3	16.6	31.8	1.1	8.1	27.7	22.1	27.2	40.9
427	14.9	13.1	17.4	17.5	21	28.3	30	30.7	28.3	25.1	18.4	15.5	29.6	32.1	4.8	82.3	46.5	3.1	11.4	0.1	21.3	33.3	28.8	40.1
428	14.7	14.9	17	16.3	21.4	25.7	29	30.6	27.4	21.8	17.6	17.1	32.5	54	15	24.1	18.4	1.7	0.4	0.2	2.9	147.6	18	10.6
429	14.2	13.9	16.4	14.8	24.2	26.4	29.5	30	25.7	23.8	18.1	15.8	33.4	44.5	50.4	70.8	7.6	22.5	0.2	3.5	1.1	3.7	62.7	3.8
430	12.6	14.1	16.7	16.2	21.5	24.8	30	33.7	26.5	22.3	18.6	14.1	48.2	39.5	39.8	79.5	101.3	0.2	19.5	0	19.4	27.3	12.6	159.4
431	13.1	13.5	15.8	17.7	19.5	25.9	29.4	30.9	26.1	23.5	17.7	16.5	36.1	98	6.4	10	63.8	71.5	1.4	0	38.4	179.3	148.8	97.2
432	14.4	14.7	17.2	16.8	23	26.3	30	31.5	26.9	21.5	18.4	13	20.7	15.7	3	36.1	9.5	0.8	8.4	34.7	33.9	31.2	44.5	24.3
433	12.8	13	14	18.4	21.9	27.1	30.8	29.8	25.3	21.6	18.4	16.8	86.3	55.5	213.3	4.1	5.9	0.5	13.5	5.8	167	2	110.6	50.6
434	13.5	15.9	16.1	16.5	20.5	25.2	30.2	29.9	27.8	23	18	14.6	16.2	0.8	10.3	23.9	2.1	2.1	0.1	32.1	11.3	67.5	272.3	99.2
435	13.3	10.2	12.6	18.7	22.8	27.3	29.6	29.1	29.1	22.3	19.9	15.9	5	256.9	69	0.6	7.5	8.6	12.5	0.3	21.8	232.1	19.3	92.6
436	14	13.9	16.6	17.1	19.6	27.6	31.7	33.8	27.2	23.5	17.5	13.1	30.8	46.2	3.5	40.1	68	18	0	0	20.1	3.3	60.2	59.4
437	14.4	14.1	17.9	18.5	21.1	23.3	30.3	30	28.3	23.8	17.6	14.7	8.7	199.4	5	15	4.6	24.9	0	8.2	52.5	87.8	15.9	68.6
438	14.2	12.8	15.7	19.1	20.6	26.5	31.3	30.7	25.9	23.2	18.6	16.5	80.1	164.7	24.4	5.1	28.4	26	0	1	248.6	262.9	80.1	6.5
439	14.1	12.8	14.3	17.8	22.7	27	28.3	31.9	26.5	22.4	17	15.1	28.6	80.4	372.7	31.8	10	0	0.6	0.1	29.3	76.6	32.7	10.1
440	14.7	11.7	15	16.5	20.5	26.7	29.5	31.1	28.6	21.8	19.5	15.3	10.9	66.6	39	19.3	1.4	2.4	0	3.6	2.7	106.2	29.2	114
441	14.2	15.4	16.2	16.5	23.4	24.7	28.8	34.1	26.5	25.5	18.8	15.1	43.5	15.9	19.6	46.1	0.2	2.4	0.1	0.4	2.1	9.6	59.8	53.2
442	14.3	11.6	16.9	18.5	19.1	29.6	29.5	30.8	25.4	24.3	18.2	14	20.5	34.3	76.4	45.8	19.4	0.5	9.4	22.6	345.4	104	3.7	182.1
443	15.2	15.3	16.1	17.5	20.4	25.5	30.8	32.4	25.4	22.6	18.6	14.3	65.6	17.4	39.3	23.1	12.1	1.1	2.8	0	126.9	27.3	53	99.9
444	13.1	14.4	16.1	17.6	21.1	24.5	29.7	32.2	27.7	22.9	19.3	14.7	105.8	60.9	11	10.6	59.7	0.1	8.5	0.3	79.9	36.5	17.9	22.4
445	13.9	15.6	13.2	17.8	21.9	27.3	28.7	27.6	27.4	20.8	19.4	15.3	46.9	39.5	301.5	29.6	25.8	34.7	0.1	6.8	30.3	55.4	23.9	104.2
446	16.5	12.5	15	16.8	22.5	28.5	29.4	32.2	28.4	24.7	18	14.2	6.1	104.7	144.8	20.2	5	0	17.7	0.7	21.1	145.5	32.3	126.8
447	13.3	12.8	16.1	19.2	20.7	27.4	30.3	31.5	27.5	22.8	18.4	15.5	1.2	188.9	6.3	15.2	101.8	1.3	0.4	0.1	26	7.1	16.4	17.3
448	14.1	14.1	16.8	16.6	23.5	28.1	29.6	30.8	29.5	23.3	18.7	14.8	35.9	10.8	11.9	15.6	64.9	6	21.3	0.1	23.1	29.6	11	76.5
449	12.3	13.7	13.8	18.4	21.2	26.2	31.6	32.7	27.8	25	16.4	14	107	13.7	94.3	6.7	141.6	32.2	0.1	0.5	49.3	183.5	116.1	134.5
450	11.5	14.6	11.8	16.7	21.4	25.9	30.1	28.6	27.4	23.4	16.9	14.4	24.5	13.4	123	118.7	22.5	46.4	20.2	18.3	19.4	133.3	157	1.3
451	12.6	14.7	12.6	17.6	20.7	27.2	30.4	30.6	26.9	21.1	19	15.9	25	27.5	65.9	68.1	6.5	1.4	0.8	22.2	49.2	102.7	99.8	33.9
452	13.5	11	14.7	16.4	19.7	26.7	28.9	30.7	27.5	21.3	18.1	15.1	30.9	89.3	126.2	176.5	95.1	16.4	0	0	19.6	57.3	145.1	65.5
453	14.3	9.7	15.9	17.2	20.1	25.9	28.6	30.5	26.3	22.6	17.6	16.9	54.8	245.4	52.7	16.8	20.8	15.2	1.6	8.8	14.6	17.4	97.6	224.2
454	12.8	14.3	15.1	17.4	20.5	28.3	29.9	32.6	28.2	22.8	18.8	13.5	10.9	41.2	208.1	33.9	0.1	6.1	8.8	0.1	87.3	26	34.9	44.8
455	15.3	17.5	15.7	18.5	21.6	27.2	29.7	32.3	27.4	23.5	17.2	16.8	22.9	53.3	24.8	9.7	25.8	0.4	0	0	70.3	169.4	213.5	31.5
456	11.8	13.8	14.3	18.4	23.5	24.5	32.4	31.2	26.9	25	17.4	15.4	18.9	149.8	69.6	63.4	2.9	20.3	1.3	3.2	13.7	18.1	253	201.7
457	13.9	13.3	16.8	18	22	27.3	29.4	30.3	28.5	22	17.8	15.2	84	56.1	5.8	4	31.5	26.3	0.4	19.1	59.4	46.5	118.3	128.6
458	14.6	13.8	14.3	17.2	19.5	25.2	29.6	30.4	25.7	23.5	18.2	15.8	91.5	107.2	26	16.3	56.1	19.6	22.1	1.1	46.5	24	26.3	22.7
459	11.9	13.3	16.9	17.4	20.5	26.7	29.3	29.3	27.1	23.5	20.6	14.4	21.5	45	40.5	21.6	19.9	2	0.6	10.6	56	16.4	11.1	163.5
460	12.4	14.2	15	15.8	20.9	26.4	29.2	29.5	27.6	22	17	13.7	6.7	103.6	87.2	72.7	20.5	0	0	5.4	55.6	50.4	122.2	174.1
461	14.1	9.2	13.8	17.7	20.7	27.2	29.4	30.9	28.1	22.7	18.6	15.6	10	84.8	28.5	8	30.2	17.4	0.2	0.1	118.6	71	31.4	242.4
462	13.9	14.4	14.1	16.4	21.4	28.3	29.2	28.7	27.8	22.8	16.3	15.7	24.8	46.6	3.3	86.1	2.8	17.7	2.4	23.5	121	68.6	63.7	6.9
463	14.9	14.1	14.9	18	19.7	25.8	30.2	32.2	29.3	22.6	19.1	14.9	47.6	56.6	72.1	50.9	33	33.7	0	0	5.7	55.5	86.5	11
464	14.2	12.4	14.5	16.9	20.9	27	29.1	31.3	28.2	24	19.4	15	87.6	43.6	113.7	64.4	57.7	1.5	1.9	14.7	4.2	89.6	47.9	86.1
465	13.7	12.8	17.3	17.8	21.2	25.1	30.1	31.6	26.2	23.6	19.1	15.6	33.2	45.5	44.6	18.2	29.8	2.4	0.1	0.8	64.2	60.6	84	84.9
466	14.3	14.3	14.2	15.8	19.9	27.7	32.9	31.6	27	21.5	17.5	16.2	5	20.4	1	17.2	59.1	1.4	7.7	0	64.2	286.8	79.9	88.1
467	14.1	13	15.3	17.7	20.2	26.6	29.4	31.5	28.8	23.6	20	15.4	63.2	57.5	18.1	40.7	9.6	38.8	29.6	5.5	7.7	125.3	3.7	55.5
468	13.9	12.4	15.3	17	19.2	24.7	29.2	31	25.6	25	18.4	15	1.9	249.6	51.5	107.1	3.3	0.1	10.9	0	118.2	66	18.1	32
469	14.5	12.8	13.4	16.6	22.3	26.4	30.4	31.9	26.4	22.2	21	15.4	7.1	29.7	21.9	22.1	88.9	23.6	0.6	0.2	6.5	67.5	216.7	155.8
470	12.9	13	14.7	17.3	20.6	26.8	27.9	31.4	26.9	22.6	18.2	14.8	96.9	53.3	85.2	24.3	6.1	1	5.4	13.9	1.9	12.6	16.3	32.3
471	13.6	13.6	16	16.9	23.3	24.2	28.5	30.9	28.1	24.8	18.1	16	77.6	103.4	74.6	28.4	23	1.8	3.3	9.3	51.7	172.1	126.7	31.6
472	14	14.3	16.8	19.5	22.1	26.7	27.7	31.5	26.3	21.6	20	16.7	71.7	31.4	83.6	16.3	21.2	1.4	0	4.9	5.2	129	55.8	50
473	14.2	15.9	14.8	16.7	20.2	25.8	28.2	32.1	25.7	21.9	18.5	17	12.2	60.1	48.9	43.1	19.6	69.4	3.2	0.2	15.6	34.9	160.9	158.7
474	14	11.6	14.1	17.8	22.9	25.4	30.9	28.7	26.5	24.8	18.3	15.8	27.6	126.8	29.1	26.1	11.8	1.6	1.6	16.1	0.2	4.3	34	77.8
475	14.9	16.3	15	18	22.8	24.4	28.6	29.4	27.7	24.5	18.5	14	87.4	67.6	36.7	48.4	12.8	18.8	0.1	22.2	29.8	41.3	36.3	267.6
476	13.5	13.1	12.9	16.7	21.7	24.7	29.6	30.5	27.5	24.5	17.3	15.3	30.4	137.7	95.1	16.4	5.3	1.5	1.4	1.4	40.3	103.3	42.3	22.1
477	14.6	11.3	17.8	20.8	23.5	28.9	31.5	29.5	27.1	22.2	18.8	14.5	192.1	46.4	44.8	1.3	2.5	0	0.1	0.1	65.3	27.5	79.6	241.4
478	15.6	14.6	14.8	19.7	21	26.9	30.9	31.4	27.6	26.6	19.6	16.2	4.1	3.1	40.8	5.4	9.7	54.4	0	0.1	33.3	6.3	313.6	53
479	12.8	16	18	17.5	21.4	24.9	27.6	31.8	25	22.7	19.8	14	51	21.3	13.8	41.6	47.4	4.8	17.8	0.6	113.6	84.1	23.9	86.9
480	13.7	13.7	16.4	19.5	20	25.6	29.1	30.5	26.8	22.6	18.1	16.3	28.6	2.4	100.6	5.2	83.1	0	0	9	20.1	6	34.2	31.3
481	15.3	11.8	14.3	17.9	19.8	26.9	26.7	29.7	26.2	22.8	19	13.6	28.4	20.8	13.5	5.1	55.1	76.4	31.4	9	16.6	5.9	98.9	20.1
482	13.6	12.6	15.8	17.7	21.2	27.6	29	30.7	27	21.8	18.8	14.2	42.3	116.8	9	90	18.3	13.3	0.7	1.1	45.5	76.3	29.6	146.4
483	15.1	14.4	15.2	16.3	21.7	29.1	30.2	30.1	26.3	24.6	18.5	13.7	124.6	8.4	33.2	45.4	7.8	0.1	0.1	9.8	33.1	28.2	21.8	113.6
484	14.1	14.9	17.3	18.7	24.5	25.4	30.6	30.6	27.6	24.2	17.6	14.3	21.1	21.9	4.1	16.3	2	1.5	0	0.1	6.9	9.7	260.6	16.7
485	13.2	13.9	15.3	17.6	23.3	24.7	29.1	33.1	28	23	18.4	15.7	35.3	61.7	14.4	8.2	10	2.3	0	0.6	3.7	128.7	15.4	44.6
486	12.8	15.4	17.7	17.3	20.2	25.4	30	28.8	28.9	22.7	18.4	14.6	18.7	4.9	3.6	6	42	20.4	17.2	4.8	10.4	7.9	21	17.9
487	14.1	14.4	14.7	16.4	19	25.6	29.8	31.2	27.5	21.7	17.5	14.3	155.1	30.8	85.4	31.4	44.2	22.4	0.9	21.8	14.3	95.4	56.8	6.3
488	13.6	16.5	17.5	17.5	24.5	24.5	29.9	31.1	26.5	22.8	19.9	16.9	27.5	0.6	68.9	105.1	26.8	0.4	0.8	0	1.1	26.5	7.4	22.4
489	12.4	12.1	14.8	18.3	22.1	27	29.3	30.5	27.6	23.1	16.3	15.9	42.9	11.2	6.1	43	0.9	4.9	0.2	6.5	27.5	64.4	158.5	37
490	12.6	14.4	15.8	16.8	22.8	25.8	29.5	31.4	28.5	25	17.9	15.2	72.5	5.4	3.4	12.9	6.1	8.7	2	0.2	1.8	46.7	74.7	275.6
491	14.2	12.4	15.5	17.7	19.7	26.6	29.3	32.1	27.5	23.1	17.9	13.6	31	24.6	15.8	54.3	17.8	0	6.1	1.3	32.9	63.8	49.9	124.8
